[0m[38;2;29;48;41m.[38;2;12;47;49m.[38;2;9;39;34m.[38;2;1;15;5m [38;2;6;36;48m [38;2;3;28;43m [38;2;79;149;143ml[38;2;15;42;35m.[38;2;1;5;0m [38;2;0;9;0m [38;2;6;11;4m [38;2;6;18;14m [38;2;8;25;25m [38;2;3;13;23m [38;2;118;165;196md[38;2;102;111;120m:[38;2;1;5;8m [38;2;8;45;51m.[38;2;10;51;58m.[38;2;7;47;49m.[38;2;11;48;55m.[38;2;11;47;54m.[38;2;11;46;53m.[38;2;11;48;60m.[38;2;8;47;58m.[38;2;7;32;43m [38;2;81;172;170mo[38;2;18;28;33m [38;2;37;79;87m'[38;2;49;108;107m;[38;2;48;85;109m,[38;2;24;61;68m.[38;2;17;47;64m.[38;2;11;46;62m.[38;2;6;37;52m.[38;2;62;112;126m;[38;2;40;66;67m.[38;2;75;165;181mo[38;2;59;106;130m;[38;2;7;45;51m.[38;2;8;39;43m.[38;2;30;52;116m.[38;2;139;156;162md[38;2;11;41;56m.[38;2;0;22;32m [38;2;14;40;104m.[38;2;190;238;255mX[38;2;39;90;119m,[38;2;51;99;145m;[38;2;32;73;132m'[38;2;11;34;172m.[38;2;29;110;225m:[38;2;5;64;205m.[38;2;10;57;201m.[38;2;9;59;188m.[38;2;5;52;172m.[38;2;25;49;137m.[38;2;4;19;71m [38;2;62;104;192m:[38;2;12;36;75m.[38;2;9;33;61m [38;2;7;36;59m.[38;2;12;34;50m.[38;2;9;46;69m.[38;2;4;41;52m.[38;2;15;44;52m.[38;2;1;32;44m [38;2;13;46;57m.[38;2;13;45;53m.[38;2;11;53;59m.[38;2;1;30;31m [38;2;15;47;49m.[38;2;10;48;40m.[38;2;0;5;4m [38;2;7;33;31m [38;2;12;38;39m.[38;2;12;41;45m.[38;2;9;35;29m [38;2;13;46;46m.[38;2;9;44;45m.[0m
[0m[38;2;26;48;43m.[38;2;8;44;48m.[38;2;10;35;30m [38;2;0;11;13m [38;2;5;36;44m [38;2;0;31;31m [38;2;82;147;154ml[38;2;12;29;29m [38;2;0;6;5m [38;2;0;6;2m [38;2;0;2;0m   [38;2;22;41;59m.[38;2;204;224;244mX[38;2;13;13;17m [38;2;3;10;10m [38;2;1;16;14m [38;2;3;21;22m [38;2;1;28;32m [38;2;7;35;43m [38;2;9;36;43m [38;2;4;42;48m.[38;2;10;47;58m.[38;2;11;48;59m.[38;2;7;39;53m.[38;2;35;88;109m'[38;2;24;31;37m.[38;2;8;45;57m.[38;2;7;41;57m.[38;2;7;43;61m.[38;2;18;55;64m.[38;2;14;50;81m.[38;2;21;49;75m.[38;2;17;54;80m.[38;2;45;80;99m'[38;2;39;61;64m.[38;2;70;147;178ml[38;2;80;150;194mo[38;2;15;50;65m.[38;2;4;24;31m [38;2;30;56;133m.[38;2;131;146;164mo[38;2;9;36;55m.[38;2;5;24;43m [38;2;14;34;113m.[38;2;195;240;255mN[38;2;5;14;59m [38;2;68;126;211mc[38;2;77;180;245md[38;2;37;124;255mc[38;2;111;255;255mK[38;2;69;228;255mO[38;2;64;204;255mx[38;2;39;160;255mo[38;2;10;127;248m:[38;2;9;82;236m,[38;2;5;33;188m.[38;2;74;145;239mo[38;2;15;37;129m.[38;2;9;26;94m [38;2;7;35;90m.[38;2;55;78;99m'[38;2;56;64;71m.[38;2;60;79;88m'[38;2;60;68;79m'[38;2;49;65;70m.[38;2;33;57;61m.[38;2;19;44;62m.[38;2;5;45;54m.[38;2;0;22;24m [38;2;9;43;52m.[38;2;10;30;35m [38;2;0;4;6m [38;2;5;32;31m [38;2;6;31;39m [38;2;4;31;39m [38;2;13;29;30m [38;2;14;39;44m.[38;2;5;37;45m [0m
[0m[38;2;24;51;54m.[38;2;10;44;58m.[38;2;19;33;32m [38;2;4;13;15m [38;2;5;40;53m.[38;2;1;32;42m [38;2;81;145;159ml[38;2;3;19;31m [38;2;7;22;26m [38;2;9;22;32m [38;2;5;20;27m [38;2;10;24;39m [38;2;0;2;10m [38;2;148;180;209mk[38;2;95;107;123m:[38;2;7;26;41m [38;2;4;28;44m [38;2;0;3;3m [38;2;0;6;1m [38;2;1;6;3m [38;2;2;5;1m [38;2;0;2;1m [38;2;0;9;6m [38;2;4;14;14m [38;2;6;22;23m [38;2;5;21;28m [38;2;11;36;47m.[38;2;9;16;19m [38;2;14;42;61m.[38;2;16;48;81m.[38;2;15;46;74m.[38;2;11;46;72m.[38;2;11;43;78m.[38;2;15;45;77m.[38;2;5;35;68m.[38;2;72;124;163mc[38;2;41;57;67m.[38;2;26;53;84m.[38;2;40;92;124m,[38;2;40;78;119m'[38;2;12;28;39m [38;2;46;72;155m'[38;2;103;127;141mc[38;2;11;32;60m [38;2;2;15;39m [38;2;15;34;105m.[38;2;199;246;255mN[38;2;0;7;70m [38;2;29;48;181m.[38;2;76;173;255md[38;2;27;153;255ml[38;2;154;255;255mX[38;2;98;255;255mK[38;2;96;255;255mK[38;2;121;255;255mX[38;2;87;254;255mK[38;2;71;227;255mO[38;2;82;196;255mk[38;2;74;224;255mO[38;2;18;86;230m,[38;2;6;49;198m.[38;2;5;25;109m [38;2;66;93;149m;[38;2;68;90;117m,[38;2;73;99;109m;[38;2;70;89;104m,[38;2;69;90;97m,[38;2;41;69;82m.[38;2;82;102;115m;[38;2;58;81;95m,[38;2;2;23;23m [38;2;8;25;29m [38;2;8;14;15m [38;2;10;35;35m [38;2;10;46;56m.[38;2;9;31;36m [38;2;18;45;46m.[38;2;12;27;23m [38;2;10;40;46m.[38;2;5;39;51m.[0m
[0m[38;2;21;52;55m.[38;2;11;46;60m.[38;2;11;34;39m [38;2;6;16;18m [38;2;9;43;63m.[38;2;4;30;50m [38;2;84;143;176ml[38;2;11;32;70m.[38;2;0;4;22m [38;2;17;36;89m.[38;2;4;16;55m [38;2;16;26;73m [38;2;80;99;149m:[38;2;198;216;232mK[38;2;4;12;54m [38;2;11;42;96m.[38;2;2;27;60m [38;2;6;36;70m.[38;2;12;36;68m.[38;2;9;27;36m [38;2;7;15;18m [38;2;41;49;53m.[38;2;40;47;48m.[38;2;37;43;49m.[38;2;36;49;50m.[38;2;37;45;52m.[38;2;38;48;48m.[38;2;32;38;44m.[38;2;18;28;34m [38;2;35;44;51m.[38;2;23;33;47m.[38;2;9;21;37m [38;2;7;27;49m [38;2;11;35;58m.[38;2;9;39;70m.[38;2;28;61;90m.[38;2;28;44;59m.[38;2;13;51;77m.[38;2;16;44;100m.[38;2;14;45;89m.[38;2;0;8;27m [38;2;68;106;183m:[38;2;86;121;137mc[38;2;36;72;113m'[38;2;49;82;101m'[38;2;11;21;80m [38;2;211;253;255mW[38;2;7;14;81m [38;2;6;42;179m.[38;2;39;118;247m:[38;2;29;182;255mo[38;2;123;255;255mX[38;2;93;255;255mK[38;2;73;255;255m0[38;2;90;255;255mK[38;2;104;255;255mK[38;2;87;255;255mK[38;2;140;255;255mX[38;2;41;235;255mk[38;2;107;253;255mK[38;2;7;153;255mc[38;2;4;55;231m.[38;2;11;42;133m.[38;2;8;30;82m.[38;2;15;49;95m.[38;2;12;39;63m.[38;2;8;39;56m.[38;2;11;39;49m.[38;2;8;30;43m [38;2;103;118;147mc[38;2;25;32;44m.[38;2;5;20;21m [38;2;9;40;51m.[38;2;5;51;60m.[38;2;7;37;46m.[38;2;0;6;4m [38;2;43;66;64m.[38;2;27;59;63m.[38;2;13;44;50m.[38;2;9;38;50m.[0m
[0m[38;2;17;53;53m.[38;2;10;47;52m.[38;2;5;28;30m [38;2;8;17;24m [38;2;10;42;75m.[38;2;8;26;75m [38;2;89;141;202ml[38;2;6;53;155m.[38;2;18;78;197m'[38;2;1;65;189m.[38;2;6;43;198m.[38;2;20;49;192m.[38;2;200;234;255mN[38;2;52;62;182m'[38;2;4;49;173m.[38;2;18;48;168m.[38;2;3;26;117m.[38;2;15;44;129m.[38;2;15;50;105m.[38;2;4;16;27m [38;2;64;90;96m,[38;2;151;198;209mO[38;2;145;181;199mk[38;2;136;179;193mx[38;2;139;179;198mk[38;2;138;174;196mx[38;2;120;154;165md[38;2;144;136;161mo[38;2;91;115;121m:[38;2;119;151;155mo[38;2;106;124;150ml[38;2;118;131;152ml[38;2;63;69;94m'[38;2;87;91;100m;[38;2;26;26;27m [38;2;2;6;13m [38;2;1;8;11m [38;2;8;25;46m [38;2;6;29;55m [38;2;8;30;55m [38;2;1;13;70m [38;2;112;155;225md[38;2;51;76;116m'[38;2;9;37;85m.[38;2;63;118;157m:[38;2;12;27;79m [38;2;213;250;255mW[38;2;17;26;102m.[38;2;35;63;175m'[38;2;26;81;234m,[38;2;30;179;255mo[38;2;102;229;255m0[38;2;99;255;255mK[38;2;102;255;255mK[38;2;86;255;255mK[38;2;81;255;255mK[38;2;94;255;255mK[38;2;105;255;255mK[38;2;32;238;255mk[38;2;109;255;255mK[38;2;17;210;255mx[38;2;8;74;242m'[38;2;12;51;157m.[38;2;60;95;161m;[38;2;11;41;71m.[38;2;7;24;43m [38;2;4;32;48m [38;2;11;36;47m.[38;2;9;33;46m [38;2;38;51;86m.[38;2;71;89;120m;[38;2;8;42;50m.[38;2;10;45;65m.[38;2;9;40;45m.[38;2;33;42;39m.[38;2;29;59;52m.[38;2;19;50;56m.[38;2;9;45;58m.[38;2;10;44;60m.[38;2;10;34;40m [0m
[0m[38;2;22;47;55m.[38;2;10;46;61m.[38;2;10;29;32m [38;2;7;22;37m [38;2;12;43;89m.[38;2;14;30;107m.[38;2;79;149;240mo[38;2;1;82;252m,[38;2;110;255;255mK[38;2;100;241;255m0[38;2;82;216;255mO[38;2;78;193;255mx[38;2;107;214;255mO[38;2;80;169;253md[38;2;60;180;255md[38;2;59;160;251mo[38;2;3;100;241m;[38;2;20;75;218m'[38;2;13;44;149m.[38;2;10;28;88m.[38;2;6;14;32m [38;2;19;45;59m.[38;2;13;28;38m [38;2;11;25;29m [38;2;12;25;24m [38;2;11;25;25m [38;2;11;24;23m [38;2;15;34;53m.[38;2;15;30;47m [38;2;8;15;12m [38;2;10;28;50m [38;2;21;42;87m.[38;2;30;45;75m.[38;2;110;119;140mc[38;2;179;200;219m0[38;2;89;98;114m;[38;2;4;7;23m [38;2;2;16;48m [38;2;1;11;42m [38;2;0;8;20m [38;2;3;18;92m [38;2;144;189;250mO[38;2;9;16;29m [38;2;4;12;42m [38;2;13;31;58m.[38;2;18;32;104m.[38;2;221;252;255mW[38;2;3;12;49m [38;2;18;44;121m.[38;2;19;48;165m.[38;2;38;95;226m;[38;2;9;69;225m'[38;2;7;131;252m:[38;2;35;172;255mo[38;2;60;186;255md[38;2;49;217;255mk[38;2;80;231;255mO[38;2;117;255;255mK[38;2;34;240;255mO[38;2;128;244;255mK[38;2;14;204;255md[38;2;43;118;244m:[38;2;10;39;148m.[38;2;24;66;124m.[38;2;8;40;72m.[38;2;7;23;36m [38;2;7;38;57m.[38;2;12;48;58m.[38;2;3;22;30m [38;2;35;60;93m.[38;2;61;89;122m,[38;2;7;44;50m.[38;2;10;35;44m [38;2;29;44;43m.[38;2;30;58;52m.[38;2;8;43;48m.[38;2;10;45;56m.[38;2;7;45;54m.[38;2;9;43;54m.[38;2;11;37;49m.[0m
[0m[38;2;23;48;58m.[38;2;9;49;60m.[38;2;8;21;40m [38;2;9;27;50m [38;2;12;43;96m.[38;2;11;39;129m.[38;2;73;156;250mo[38;2;1;107;255m;[38;2;129;255;255mX[38;2;116;255;255mK[38;2;36;221;255mk[38;2;143;226;255mK[38;2;68;237;255mO[38;2;105;255;255mK[38;2;110;255;255mK[38;2;193;255;255mN[38;2;18;206;255md[38;2;24;141;255mc[38;2;22;79;208m,[38;2;27;61;152m.[38;2;30;59;118m.[38;2;32;59;101m.[38;2;27;46;65m.[38;2;28;45;52m.[38;2;21;31;37m [38;2;19;32;33m [38;2;2;5;2m [38;2;13;40;72m.[38;2;12;43;85m.[38;2;9;24;38m [38;2;14;28;47m [38;2;10;38;68m.[38;2;10;44;88m.[38;2;0;0;14m [38;2;26;50;112m.[38;2;205;221;252mX[38;2;49;64;128m'[38;2;19;57;156m.[38;2;9;23;122m.[38;2;7;19;102m [38;2;15;43;184m.[38;2;153;214;255m0[38;2;1;5;54m [38;2;12;48;128m.[38;2;3;16;75m [38;2;9;47;144m.[38;2;215;249;255mW[38;2;0;0;7m [38;2;3;14;41m [38;2;2;19;52m [38;2;5;21;80m [38;2;10;19;96m [38;2;14;38;142m.[38;2;8;49;164m.[38;2;11;53;183m.[38;2;19;71;217m'[38;2;2;69;220m'[38;2;9;105;233m;[38;2;62;159;244mo[38;2;66;137;234ml[38;2;19;131;216m:[38;2;56;112;208m:[38;2;6;37;99m.[38;2;6;38;79m.[38;2;4;32;48m [38;2;2;3;2m [38;2;6;15;21m [38;2;12;26;31m [38;2;3;25;35m [38;2;31;65;105m.[38;2;69;98;123m;[38;2;3;11;10m [38;2;30;43;55m.[38;2;12;34;35m [38;2;7;35;44m [38;2;7;39;40m.[38;2;10;45;55m.[38;2;7;38;49m.[38;2;8;41;50m.[38;2;12;45;47m.[0m
[0m[38;2;24;54;61m.[38;2;14;48;63m.[38;2;9;27;38m [38;2;9;28;50m [38;2;11;50;106m.[38;2;12;38;145m.[38;2;83;155;251mo[38;2;1;129;255m:[38;2;126;255;255mX[38;2;120;255;255mX[38;2;41;211;255mx[38;2;65;227;255mO[38;2;116;255;255mK[38;2;96;255;255mK[38;2;130;255;255mX[38;2;180;255;255mN[38;2;26;223;255mx[38;2;24;156;255ml[38;2;24;63;230m'[38;2;12;49;149m.[38;2;18;49;125m.[38;2;9;42;88m.[38;2;16;37;85m.[38;2;74;142;172ml[38;2;67;125;152mc[38;2;73;134;181mc[38;2;24;37;52m.[38;2;56;103;138m;[38;2;27;60;95m.[38;2;40;76;101m'[38;2;20;49;81m.[38;2;22;57;99m.[38;2;29;58;115m.[38;2;17;30;75m.[38;2;9;20;117m [38;2;140;179;254mk[38;2;118;147;227md[38;2;11;97;244m;[38;2;2;88;226m,[38;2;10;76;239m'[38;2;23;104;247m;[38;2;155;234;255mK[38;2;5;29;190m.[38;2;9;74;221m'[38;2;7;32;149m.[38;2;2;33;168m.[38;2;214;247;255mW[38;2;0;4;29m [38;2;3;19;64m [38;2;15;36;89m.[38;2;7;32;72m [38;2;7;20;66m [38;2;1;11;34m [38;2;0;8;34m [38;2;0;4;36m [38;2;5;12;51m [38;2;2;11;54m [38;2;2;13;55m [38;2;88;115;181mc[38;2;11;27;96m.[38;2;15;26;60m [38;2;16;37;95m.[38;2;18;47;84m.[38;2;23;53;84m.[38;2;1;16;22m [38;2;2;7;5m [38;2;0;9;1m [38;2;3;7;1m [38;2;1;5;2m [38;2;61;84;110m,[38;2;46;60;93m.[38;2;17;31;35m [38;2;12;50;61m.[38;2;10;45;53m.[38;2;9;36;41m [38;2;10;39;43m.[38;2;9;34;40m [38;2;8;42;52m.[38;2;10;45;52m.[38;2;12;45;52m.[0m
[0m[38;2;21;53;63m.[38;2;20;46;72m.[38;2;10;25;36m [38;2;9;26;55m [38;2;20;49;111m.[38;2;6;44;135m.[38;2;83;161;253md[38;2;0;133;255m:[38;2;131;255;255mX[38;2;97;244;255m0[38;2;72;213;255mk[38;2;74;237;255mO[38;2;108;255;255mK[38;2;107;255;255mK[38;2;123;255;255mX[38;2;181;255;255mN[38;2;24;228;255mk[38;2;37;205;255mx[38;2;11;65;240m'[38;2;11;60;167m.[38;2;14;54;128m.[38;2;10;48;94m.[38;2;4;31;67m [38;2;57;99;122m;[38;2;67;142;167ml[38;2;73;149;188ml[38;2;21;33;51m.[38;2;88;156;176mo[38;2;23;44;81m.[38;2;63;106;140m;[38;2;22;50;88m.[38;2;10;41;93m.[38;2;17;61;121m.[38;2;24;69;175m'[38;2;16;51;215m.[38;2;122;205;255mO[38;2;102;237;255m0[38;2;138;238;255mK[38;2;103;244;255mK[38;2;89;216;255mO[38;2;3;207;255md[38;2;115;234;255m0[38;2;50;164;255mo[38;2;22;169;255mo[38;2;2;123;246m:[38;2;1;70;242m'[38;2;163;223;255mK[38;2;0;2;35m [38;2;11;36;112m.[38;2;16;51;116m.[38;2;8;35;66m.[38;2;13;32;66m.[38;2;24;33;44m.[38;2;113;122;137mc[38;2;99;121;127mc[38;2;94;115;127mc[38;2;84;104;111m:[38;2;51;64;66m.[38;2;93;110;118m:[38;2;37;50;64m.[38;2;41;54;62m.[38;2;27;30;33m.[38;2;5;11;13m [38;2;15;24;30m [38;2;1;12;11m [38;2;0;8;4m [38;2;0;5;6m [38;2;1;5;1m [38;2;4;2;0m [38;2;93;122;138mc[38;2;24;48;70m.[38;2;7;40;46m.[38;2;10;39;48m.[38;2;8;43;51m.[38;2;13;43;53m.[38;2;8;33;43m [38;2;11;38;45m.[38;2;9;44;55m.[38;2;10;44;49m.[38;2;10;43;51m.[0m
[0m[38;2;17;42;54m.[38;2;10;38;57m.[38;2;6;22;30m [38;2;5;28;48m [38;2;15;48;103m.[38;2;6;37;130m.[38;2;77;158;252mo[38;2;6;136;255mc[38;2;157;255;255mX[38;2;55;206;255mx[38;2;99;234;255m0[38;2;111;255;255mK[38;2;103;255;255mK[38;2;112;255;255mK[38;2;120;255;255mX[38;2;183;255;255mN[38;2;14;225;255mx[38;2;46;202;255mx[38;2;35;95;224m;[38;2;7;55;152m.[38;2;10;56;106m.[38;2;10;48;97m.[38;2;11;40;79m.[38;2;28;57;71m.[38;2;70;161;181mo[38;2;82;155;180mo[38;2;3;9;18m [38;2;86;166;189mo[38;2;71;131;173mc[38;2;14;29;63m [38;2;65;111;143m:[38;2;10;47;105m.[38;2;15;53;133m.[38;2;18;71;200m'[38;2;12;79;247m,[38;2;134;230;255mK[38;2;100;254;255mK[38;2;208;255;255mW[38;2;158;255;255mX[38;2;177;255;255mN[38;2;21;249;255mO[38;2;67;254;255m0[38;2;225;255;255mW[38;2;200;255;255mW[38;2;48;240;255mO[38;2;1;152;255mc[38;2;165;221;255mK[38;2;4;31;140m.[38;2;12;42;133m.[38;2;15;51;116m.[38;2;8;25;60m [38;2;18;43;60m.[38;2;5;21;35m [38;2;11;24;31m [38;2;4;13;11m [38;2;2;10;15m [38;2;12;36;44m.[38;2;4;22;37m [38;2;85;109;128m:[38;2;4;20;33m [38;2;5;11;22m [38;2;153;165;185mx[38;2;17;27;35m [38;2;9;32;36m [38;2;0;5;3m [38;2;0;7;2m [38;2;0;4;7m [38;2;1;6;1m [38;2;1;0;1m [38;2;135;165;204mx[38;2;8;28;32m [38;2;3;7;5m [38;2;19;46;51m.[38;2;11;45;54m.[38;2;15;47;55m.[38;2;19;47;53m.[38;2;11;33;43m [38;2;19;48;52m.[38;2;7;38;46m.[38;2;10;48;46m.[0m
[0m[38;2;34;73;76m.[38;2;31;70;85m.[38;2;35;75;84m'[38;2;8;24;39m [38;2;14;47;85m.[38;2;14;29;94m.[38;2;82;151;213mo[38;2;12;68;196m'[38;2;84;165;225md[38;2;27;125;246m:[38;2;130;216;255m0[38;2;67;190;250mx[38;2;70;223;255mO[38;2;74;222;255mO[38;2;93;233;255m0[38;2;142;239;255mK[38;2;13;198;255md[38;2;32;140;238mc[38;2;77;150;233mo[38;2;25;62;126m.[38;2;19;60;111m.[38;2;17;51;89m.[38;2;12;43;76m.[38;2;10;31;51m [38;2;70;135;153mc[38;2;83;157;184mo[38;2;4;9;22m [38;2;89;162;184mo[38;2;72;144;175ml[38;2;64;120;160m:[38;2;15;39;77m.[38;2;51;92;149m,[38;2;11;47;133m.[38;2;19;70;205m'[38;2;13;105;247m;[38;2;110;222;255m0[38;2;103;255;255mK[38;2;215;255;255mW[38;2;183;255;255mN[38;2;125;255;255mX[38;2;148;255;255mX[38;2;77;255;255m0[38;2;197;255;255mW[38;2;220;255;255mW[38;2;57;249;255m0[38;2;1;182;255mo[38;2;138;205;255mO[38;2;8;41;193m.[38;2;9;60;163m.[38;2;17;53;111m.[38;2;12;25;60m [38;2;42;75;103m'[38;2;19;51;86m.[38;2;45;84;101m'[38;2;63;111;128m;[38;2;42;73;73m'[38;2;9;26;33m [38;2;12;38;49m.[38;2;109;145;188mo[38;2;21;43;41m.[38;2;1;7;6m [38;2;88;111;155m:[38;2;29;46;65m.[38;2;7;40;40m.[38;2;0;3;1m [38;2;2;6;1m [38;2;0;8;3m [38;2;1;5;1m [38;2;40;43;63m.[38;2;89;120;146mc[38;2;8;40;48m.[38;2;2;12;9m [38;2;16;41;53m.[38;2;6;27;33m [38;2;12;39;45m.[38;2;9;31;36m [38;2;10;36;41m.[38;2;19;46;49m.[38;2;28;53;62m.[38;2;23;57;57m.[0m
[0m[38;2;17;52;59m.[38;2;12;48;62m.[38;2;10;46;61m.[38;2;3;21;38m [38;2;12;49;74m.[38;2;3;33;66m [38;2;78;141;179ml[38;2;2;9;55m [38;2;13;40;111m.[38;2;22;45;156m.[38;2;198;236;255mN[38;2;8;16;131m [38;2;6;56;194m.[38;2;51;125;239mc[38;2;14;79;199m'[38;2;9;69;208m'[38;2;54;126;228mc[38;2;8;27;111m.[38;2;33;76;144m'[38;2;39;80;119m'[38;2;36;80;115m'[38;2;34;76;109m'[38;2;34;76;103m'[38;2;32;70;91m.[38;2;40;80;102m'[38;2;46;91;104m,[38;2;52;96;124m,[38;2;34;63;72m.[38;2;57;113;124m;[38;2;54;111;130m;[38;2;49;85;125m,[38;2;23;63;112m.[38;2;39;77;151m'[38;2;30;85;202m,[38;2;22;101;240m;[38;2;104;218;255mO[38;2;99;251;255mK[38;2;180;255;255mN[38;2;222;255;255mW[38;2;50;255;255m0[38;2;101;248;255mK[38;2;144;255;255mX[38;2;182;255;255mN[38;2;219;255;255mW[38;2;57;253;255m0[38;2;3;175;255ml[38;2;130;201;255mO[38;2;9;49;168m.[38;2;9;66;158m.[38;2;16;58;117m.[38;2;6;20;66m [38;2;91;160;185mo[38;2;14;46;73m.[38;2;9;31;49m [38;2;61;121;135m:[38;2;67;115;114m:[38;2;12;26;32m [38;2;2;24;40m [38;2;112;142;199mo[38;2;24;54;50m.[38;2;0;8;8m [38;2;87;116;163mc[38;2;24;55;63m.[38;2;48;98;97m,[38;2;1;4;0m [38;2;2;5;0m [38;2;0;6;3m [38;2;1;1;0m [38;2;140;165;186mx[38;2;18;41;53m.[38;2;13;45;56m.[38;2;1;13;10m [38;2;4;36;50m [38;2;34;77;87m'[38;2;20;58;100m.[38;2;22;65;86m.[38;2;8;32;32m [38;2;94;104;100m:[38;2;43;61;61m.[38;2;31;70;75m.[0m
[0m[38;2;16;49;50m.[38;2;10;48;56m.[38;2;14;48;65m.[38;2;2;28;39m [38;2;11;48;65m.[38;2;11;31;51m [38;2;83;151;179mo[38;2;13;27;51m [38;2;11;46;80m.[38;2;8;11;75m [38;2;190;212;249mK[38;2;26;42;71m.[38;2;6;40;95m.[38;2;22;62;113m.[38;2;71;128;176mc[38;2;6;29;82m [38;2;61;119;181m:[38;2;4;11;39m [38;2;15;48;100m.[38;2;10;47;83m.[38;2;10;50;81m.[38;2;9;49;76m.[38;2;10;47;81m.[38;2;10;48;74m.[38;2;13;49;71m.[38;2;12;40;68m.[38;2;44;87;121m,[38;2;19;33;44m.[38;2;13;43;63m.[38;2;11;43;68m.[38;2;7;42;87m.[38;2;18;51;99m.[38;2;24;67;118m.[38;2;18;62;145m.[38;2;40;69;188m'[38;2;141;192;240mO[38;2;157;230;249mK[38;2;155;241;251mX[38;2;196;244;254mN[38;2;165;243;255mX[38;2;151;230;254mK[38;2;187;253;255mN[38;2;168;251;255mN[38;2;190;252;255mN[38;2;110;225;255m0[38;2;27;92;227m;[38;2;134;185;245mk[38;2;16;60;146m.[38;2;29;76;132m'[38;2;41;79;124m'[38;2;14;38;57m.[38;2;72;126;138mc[38;2;59;113;130m:[38;2;13;41;57m.[38;2;11;45;57m.[38;2;45;80;85m'[38;2;10;25;30m [38;2;19;33;51m.[38;2;112;134;147ml[38;2;6;38;41m [38;2;0;3;3m [38;2;99;133;177ml[38;2;3;22;27m [38;2;21;56;55m.[38;2;1;4;1m [38;2;2;6;2m [38;2;0;6;2m [38;2;36;46;56m.[38;2;112;140;155ml[38;2;7;37;48m.[38;2;11;46;58m.[38;2;3;14;14m [38;2;12;36;41m.[38;2;25;40;51m.[38;2;20;30;41m [38;2;49;105;109m;[38;2;3;25;27m [38;2;129;146;142mo[38;2;59;93;85m,[38;2;26;66;76m.[0m
[0m[38;2;25;49;51m.[38;2;10;48;54m.[38;2;13;51;65m.[38;2;1;18;30m [38;2;13;49;59m.[38;2;0;28;49m [38;2;81;138;156ml[38;2;6;24;30m [38;2;13;46;70m.[38;2;4;18;47m [38;2;96;123;196ml[38;2;120;139;146mo[38;2;3;27;47m [38;2;6;38;71m.[38;2;42;82;118m'[38;2;52;102;122m;[38;2;60;117;143m:[38;2;6;11;24m [38;2;13;47;84m.[38;2;10;47;79m.[38;2;9;49;81m.[38;2;9;51;71m.[38;2;8;49;72m.[38;2;8;48;68m.[38;2;10;48;71m.[38;2;11;48;66m.[38;2;16;54;81m.[38;2;12;27;37m [38;2;21;49;79m.[38;2;14;48;71m.[38;2;12;50;77m.[38;2;9;33;71m.[38;2;42;57;75m.[38;2;128;122;110ml[38;2;216;197;148m0[38;2;215;183;130mO[38;2;139;112;112mc[38;2;203;175;163mO[38;2;202;173;159mO[38;2;200;168;185mk[38;2;215;189;208m0[38;2;168;139;176md[38;2;220;191;203m0[38;2;255;248;224mW[38;2;255;240;200mW[38;2;227;203;152mK[38;2;163;148;146md[38;2;107;92;94m;[38;2;80;85;101m,[38;2;40;55;72m.[38;2;51;80;113m'[38;2;16;25;36m [38;2;29;66;79m.[38;2;31;67;74m.[38;2;27;66;72m.[38;2;55;82;91m'[38;2;9;17;25m [38;2;101;116;132mc[38;2;61;83;101m,[38;2;41;77;88m'[38;2;4;5;12m [38;2;109;151;166mo[38;2;22;43;62m.[38;2;37;78;80m'[38;2;5;12;9m [38;2;1;6;2m [38;2;2;6;11m [38;2;128;149;166mo[38;2;12;20;17m [38;2;13;52;68m.[38;2;9;50;60m.[38;2;2;16;17m [38;2;6;28;34m [38;2;68;77;66m'[38;2;56;72;61m'[38;2;24;33;31m.[38;2;0;1;0m [38;2;134;143;143mo[38;2;30;56;50m.[38;2;25;53;57m.[0m
[0m[38;2;26;43;49m.[38;2;7;41;50m.[38;2;15;43;54m.[38;2;1;16;20m [38;2;13;39;47m.[38;2;54;97;123m;[38;2;58;106;110m;[38;2;2;10;14m [38;2;5;34;41m [38;2;6;24;27m [38;2;26;41;78m.[38;2;148;192;231mO[38;2;21;36;44m.[38;2;6;29;38m [38;2;2;24;32m [38;2;43;83;94m'[38;2;41;90;91m'[38;2;1;6;16m [38;2;5;33;39m [38;2;8;34;39m [38;2;5;36;51m [38;2;6;35;45m [38;2;5;31;42m [38;2;5;33;43m [38;2;5;31;42m [38;2;8;35;49m [38;2;10;35;54m.[38;2;4;15;22m [38;2;10;34;46m [38;2;19;38;50m.[38;2;8;21;42m [38;2;105;96;89m;[38;2;189;156;85mx[38;2;195;154;77mx[38;2;147;112;56mc[38;2;161;135;102mo[38;2;72;54;40m.[38;2;61;54;74m.[38;2;139;124;130ml[38;2;163;121;82ml[38;2;177;144;101md[38;2;95;68;78m,[38;2;177;142;104md[38;2;226;186;107mO[38;2;255;241;148mN[38;2;255;232;122mN[38;2;255;239;123mN[38;2;244;209;97mK[38;2;240;198;107m0[38;2;199;158;90mx[38;2;174;150;78md[38;2;110;104;72m:[38;2;65;73;68m'[38;2;13;33;47m [38;2;13;34;46m [38;2;13;42;46m.[38;2;1;9;4m [38;2;138;172;178mx[38;2;6;17;20m [38;2;10;34;33m [38;2;66;80;106m,[38;2;66;93;104m,[38;2;9;22;32m [38;2;17;50;59m.[38;2;5;14;12m [38;2;0;0;0m [38;2;93;112;141m:[38;2;49;61;66m.[38;2;9;17;16m [38;2;17;59;71m.[38;2;14;48;60m.[38;2;5;16;17m [38;2;15;38;46m.[38;2;36;47;50m.[38;2;29;50;49m.[38;2;11;29;30m [38;2;6;18;20m [38;2;82;99;100m;[38;2;24;49;52m.[38;2;28;58;62m.[0m
[0m[38;2;22;49;51m.[38;2;8;44;64m.[38;2;7;33;32m [38;2;2;18;21m [38;2;10;34;42m [38;2;68;114;129m:[38;2;46;109;114m;[38;2;2;9;14m [38;2;3;9;7m [38;2;6;20;21m [38;2;7;13;17m [38;2;53;88;170m;[38;2;115;153;186md[38;2;26;30;30m [38;2;0;2;1m [38;2;0;5;10m [38;2;0;3;10m [38;2;9;24;38m [38;2;7;27;48m [38;2;2;9;21m [38;2;18;24;28m [38;2;49;51;56m.[38;2;45;51;52m.[38;2;50;51;52m.[38;2;50;51;57m.[38;2;52;54;64m.[38;2;58;61;66m.[38;2;45;55;67m.[38;2;48;45;58m.[38;2;38;38;53m.[38;2;39;56;60m.[38;2;4;9;22m [38;2;8;10;19m [38;2;13;12;5m [38;2;28;50;108m.[38;2;166;219;246mK[38;2;22;18;16m [38;2;128;113;96mc[38;2;194;157;104mx[38;2;141;105;44m:[38;2;160;127;68ml[38;2;170;128;67mo[38;2;136;96;39m:[38;2;138;92;36m:[38;2;223;173;80mk[38;2;255;235;117mN[38;2;255;238;116mN[38;2;247;216;89mK[38;2;255;241;109mN[38;2;240;207;96mK[38;2;237;198;87m0[38;2;241;200;96m0[38;2;246;214;101mK[38;2;207;197;93mO[38;2;181;163;79mx[38;2;135;126;63mc[38;2;31;19;6m [38;2;108;152;176mo[38;2;18;23;31m [38;2;24;30;31m [38;2;129;153;182md[38;2;53;61;64m.[38;2;51;54;58m.[38;2;17;34;31m [38;2;1;1;1m [38;2;45;53;66m.[38;2;95;123;145mc[38;2;0;1;0m [38;2;13;21;20m [38;2;14;55;70m.[38;2;15;44;55m.[38;2;8;21;19m [38;2;14;40;43m.[38;2;7;33;42m [38;2;7;30;28m [38;2;17;48;57m.[38;2;7;37;41m [38;2;83;134;142mc[38;2;16;52;67m.[38;2;21;50;56m.[0m
[0m[38;2;20;52;48m.[38;2;8;46;60m.[38;2;5;39;29m [38;2;10;17;19m [38;2;10;35;54m.[38;2;67;123;132m:[38;2;44;101;103m,[38;2;4;19;15m [38;2;3;9;17m [38;2;15;48;58m.[38;2;6;26;36m [38;2;8;26;36m [38;2;49;82;157m,[38;2;132;166;205mx[38;2;65;71;74m'[38;2;0;1;5m [38;2;0;5;3m [38;2;15;55;102m.[38;2;14;49;108m.[38;2;5;16;35m [38;2;84;112;138m:[38;2;150;197;222mO[38;2;140;189;199mk[38;2;156;195;206mO[38;2;152;195;206mO[38;2;143;187;200mk[38;2;145;180;208mk[38;2;109;143;176mo[38;2;109;125;141ml[38;2;88;117;129m:[38;2;96;141;161ml[38;2;109;132;152ml[38;2;81;104;137m:[38;2;41;72;120m'[38;2;49;87;165m,[38;2;67;122;190mc[38;2;79;95;137m;[38;2;128;105;85m:[38;2;168;125;51ml[38;2;178;131;52mo[38;2;80;51;28m.[38;2;80;78;76m,[38;2;95;110;98m:[38;2;84;94;106m;[38;2;169;148;91md[38;2;171;114;37ml[38;2;216;143;45md[38;2;244;216;105mK[38;2;255;235;104mX[38;2;255;232;84mX[38;2;255;233;90mX[38;2;255;241;101mN[38;2;228;161;59mk[38;2;251;227;101mX[38;2;255;233;83mX[38;2;255;241;93mN[38;2;225;191;78mO[38;2;204;183;82mk[38;2;196;192;105mO[38;2;128;124;103ml[38;2;118;159;219md[38;2;62;65;113m'[38;2;48;66;135m'[38;2;55;78;164m,[38;2;92;114;143mc[38;2;125;155;194md[38;2;5;10;11m [38;2;1;6;8m [38;2;7;25;25m [38;2;11;56;71m.[38;2;12;45;55m.[38;2;8;21;21m [38;2;14;50;51m.[38;2;23;49;75m.[38;2;0;1;0m [38;2;19;47;50m.[38;2;6;37;40m [38;2;86;139;142ml[38;2;6;35;43m [38;2;21;41;51m.[0m
[0m[38;2;19;48;55m.[38;2;9;46;55m.[38;2;6;36;32m [38;2;9;20;29m [38;2;6;33;45m [38;2;71;129;150mc[38;2;37;88;87m'[38;2;3;17;20m [38;2;2;13;17m [38;2;1;18;26m [38;2;6;43;63m.[38;2;4;31;39m [38;2;4;6;8m [38;2;24;62;116m.[38;2;135;170;228mx[38;2;123;138;152mo[38;2;32;37;52m.[38;2;5;44;105m.[38;2;13;53;129m.[38;2;11;31;113m.[38;2;11;27;105m.[38;2;15;53;173m.[38;2;11;41;138m.[38;2;11;35;138m.[38;2;10;36;143m.[38;2;9;34;143m.[38;2;11;34;148m.[38;2;11;53;132m.[38;2;22;45;107m.[38;2;11;39;76m.[38;2;13;38;62m.[38;2;11;36;56m.[38;2;6;19;31m [38;2;2;0;0m [38;2;53;81;137m,[38;2;100;115;114mc[38;2;85;96;102m;[38;2;50;71;136m'[38;2;61;81;149m,[38;2;17;31;32m [38;2;18;44;54m.[38;2;2;9;19m [38;2;37;36;34m.[38;2;177;155;101md[38;2;240;171;56mk[38;2;100;54;17m.[38;2;234;178;65mO[38;2;255;248;105mN[38;2;255;231;91mX[38;2;255;232;89mX[38;2;255;232;87mX[38;2;255;231;89mX[38;2;250;228;96mX[38;2;249;188;57mO[38;2;255;236;90mX[38;2;255;230;85mX[38;2;255;232;89mX[38;2;255;234;97mX[38;2;255;236;85mX[38;2;255;240;134mN[38;2;174;156;134mx[38;2;89;115;221mc[38;2;92;152;250md[38;2;102;169;250mx[38;2;40;166;253mo[38;2;84;119;194mc[38;2;0;3;40m [38;2;1;10;28m [38;2;9;28;26m [38;2;14;59;74m.[38;2;12;42;54m.[38;2;12;21;20m [38;2;11;55;57m.[38;2;21;54;64m.[38;2;0;0;0m [38;2;13;48;52m.[38;2;35;64;71m.[38;2;52;93;102m,[38;2;10;41;45m.[38;2;14;43;50m.[0m
[0m[38;2;26;50;57m.[38;2;10;47;58m.[38;2;12;43;40m.[38;2;6;18;21m [38;2;5;32;50m [38;2;76;144;154ml[38;2;41;84;82m'[38;2;3;11;18m [38;2;11;46;60m.[38;2;8;39;59m.[38;2;8;48;75m.[38;2;9;29;48m [38;2;6;13;18m [38;2;1;8;29m [38;2;13;29;62m [38;2;60;93;179m;[38;2;126;173;238mx[38;2;111;151;197mo[38;2;75;106;193m:[38;2;30;69;222m'[38;2;16;103;242m;[38;2;4;140;249mc[38;2;7;147;254mc[38;2;19;157;254ml[38;2;33;169;255mo[38;2;45;161;251mo[38;2;14;129;248m:[38;2;17;111;229m;[38;2;18;65;177m'[38;2;11;53;112m.[38;2;19;46;83m.[38;2;31;63;97m.[38;2;31;51;77m.[38;2;37;60;93m.[38;2;57;94;154m;[38;2;164;177;184mk[38;2;58;73;76m'[38;2;15;40;50m.[38;2;92;118;203mc[38;2;23;47;78m.[38;2;17;49;59m.[38;2;27;43;56m.[38;2;210;176;99mk[38;2;208;128;25mo[38;2;201;127;29mo[38;2;56;35;24m.[38;2;237;188;70mO[38;2;255;246;100mN[38;2;255;231;85mX[38;2;255;232;85mX[38;2;255;233;88mX[38;2;255;232;87mX[38;2;255;236;90mX[38;2;241;185;58mO[38;2;248;219;91mK[38;2;255;232;83mX[38;2;255;231;87mX[38;2;255;231;93mX[38;2;255;232;99mX[38;2;255;234;116mN[38;2;255;236;170mN[38;2;255;248;247mM[38;2;237;253;255mW[38;2;163;255;255mN[38;2;44;165;246mo[38;2;92;161;253md[38;2;6;9;51m [38;2;0;13;24m [38;2;13;30;31m [38;2;19;55;64m.[38;2;14;39;50m.[38;2;10;28;24m [38;2;10;53;64m.[38;2;13;46;67m.[38;2;0;2;0m [38;2;15;42;48m.[38;2;67;114;121m:[38;2;12;45;47m.[38;2;13;47;60m.[38;2;18;48;61m.[0m
[0m[38;2;19;44;52m.[38;2;31;72;93m.[38;2;46;99;94m,[38;2;4;18;20m [38;2;4;33;42m [38;2;73;138;148mc[38;2;41;86;106m'[38;2;12;20;23m [38;2;38;87;99m'[38;2;46;79;102m'[38;2;43;87;102m,[38;2;45;105;123m;[38;2;40;82;111m'[38;2;25;56;123m.[38;2;27;70;172m'[38;2;22;77;219m,[38;2;3;145;252mc[38;2;116;227;255m0[38;2;117;240;255mK[38;2;91;219;255mO[38;2;76;229;255mO[38;2;84;247;255m0[38;2;113;249;255mK[38;2;133;253;255mX[38;2;162;254;255mN[38;2;175;253;255mN[38;2;111;246;255mK[38;2;102;188;255mk[38;2;116;153;226md[38;2;119;149;194md[38;2;121;144;166mo[38;2;118;149;178mo[38;2;60;106;140m;[38;2;40;85;99m'[38;2;73;104;167m:[38;2;134;145;142mo[38;2;5;21;23m [38;2;9;36;39m [38;2;73;94;144m;[38;2;54;85;136m,[38;2;40;93;106m,[38;2;121;97;63m:[38;2;239;154;32mx[38;2;224;150;37mx[38;2;81;53;18m.[38;2;62;49;53m.[38;2;255;243;108mN[38;2;255;236;86mX[38;2;255;232;89mX[38;2;255;230;89mX[38;2;255;231;92mX[38;2;255;232;90mX[38;2;255;231;89mX[38;2;255;237;95mX[38;2;233;172;64mk[38;2;255;234;94mX[38;2;255;230;91mX[38;2;255;231;89mX[38;2;255;230;101mX[38;2;255;231;105mX[38;2;255;233;122mN[38;2;255;234;149mN[38;2;251;247;194mW[38;2;179;203;188m0[38;2;0;15;99m [38;2;66;100;158m;[38;2;31;49;73m.[38;2;0;5;4m [38;2;9;30;38m [38;2;21;51;68m.[38;2;13;34;47m.[38;2;11;31;27m [38;2;15;48;55m.[38;2;19;45;53m.[38;2;0;5;3m [38;2;29;57;57m.[38;2;57;97;104m,[38;2;6;30;41m [38;2;23;46;60m.[38;2;12;43;50m.[0m
[0m[38;2;41;70;81m.[38;2;82;160;175mo[38;2;21;48;37m.[38;2;6;20;23m [38;2;2;34;49m [38;2;80;145;156ml[38;2;37;83;94m'[38;2;23;43;60m.[38;2;79;165;191mo[38;2;71;142;168ml[38;2;60;135;162mc[38;2;54;150;171ml[38;2;72;150;184ml[38;2;20;56;141m.[38;2;16;61;213m'[38;2;16;104;254m;[38;2;0;222;255mx[38;2;179;255;255mN[38;2;155;255;255mX[38;2;156;255;255mX[38;2;120;254;255mK[38;2;103;251;255mK[38;2;93;247;255m0[38;2;95;247;255m0[38;2;104;248;255mK[38;2;118;245;255mK[38;2;59;222;255mk[38;2;25;145;255mc[38;2;13;72;233m'[38;2;2;50;147m.[38;2;16;57;102m.[38;2;69;157;181ml[38;2;53;121;138m:[38;2;34;89;90m'[38;2;74;117;176mc[38;2;117;130;134ml[38;2;10;27;32m [38;2;17;54;51m.[38;2;63;85;116m,[38;2;70;116;158m:[38;2;0;4;9m [38;2;86;82;43m,[38;2;130;127;70mc[38;2;39;49;60m.[38;2;77;69;43m'[38;2;219;206;96m0[38;2;255;240;98mN[38;2;255;232;84mX[38;2;255;232;92mX[38;2;255;230;91mX[38;2;255;232;96mX[38;2;255;229;92mX[38;2;255;232;91mX[38;2;255;232;91mX[38;2;255;233;96mX[38;2;255;229;90mX[38;2;255;228;88mX[38;2;255;231;88mX[38;2;255;231;92mX[38;2;255;228;92mX[38;2;255;225;95mX[38;2;255;221;89mX[38;2;255;220;89mX[38;2;255;247;131mN[38;2;109;86;42m;[38;2;63;93;115m,[38;2;34;56;68m.[38;2;0;5;1m [38;2;14;34;40m [38;2;21;61;77m.[38;2;17;35;50m.[38;2;18;36;40m.[38;2;16;44;48m.[38;2;24;51;68m.[38;2;0;1;2m [38;2;87;135;144ml[38;2;22;44;60m.[38;2;24;43;55m.[38;2;26;46;55m.[38;2;20;46;51m.[0m
[0m[38;2;83;143;139ml[38;2;21;68;75m.[38;2;4;16;17m [38;2;6;19;28m [38;2;0;36;55m [38;2;78;145;166ml[38;2;42;86;86m'[38;2;21;39;55m.[38;2;78;152;181ml[38;2;61;129;169mc[38;2;60;132;162mc[38;2;50;137;164mc[38;2;67;144;177ml[38;2;56;134;183mc[38;2;18;69;210m'[38;2;12;102;255m;[38;2;3;218;255mx[38;2;161;255;255mN[38;2;128;255;255mX[38;2;138;255;255mX[38;2;139;255;255mX[38;2;139;255;255mX[38;2;163;255;255mN[38;2;173;255;255mN[38;2;168;255;255mN[38;2;188;255;255mN[38;2;75;249;255m0[38;2;17;176;255mo[38;2;12;80;243m,[38;2;3;45;166m.[38;2;66;81;111m,[38;2;156;162;137mx[38;2;145;110;64mc[38;2;205;192;111mO[38;2;207;190;90mO[38;2;202;181;90mk[38;2;146;138;67ml[38;2;103;109;53m:[38;2;110;103;91m:[38;2;118;124;127ml[38;2;83;69;50m'[38;2;104;106;55m:[38;2;125;136;98ml[38;2;179;167;86mx[38;2;255;237;108mN[38;2;255;232;100mX[38;2;255;228;89mX[38;2;255;227;89mX[38;2;255;229;93mX[38;2;255;229;90mX[38;2;255;227;102mX[38;2;255;228;110mX[38;2;255;228;93mX[38;2;255;228;82mX[38;2;255;227;91mX[38;2;255;226;89mX[38;2;255;227;86mX[38;2;255;225;85mX[38;2;255;229;92mX[38;2;255;218;81mK[38;2;255;213;71mK[38;2;255;213;70mK[38;2;255;213;78mK[38;2;255;221;78mX[38;2;239;207;90mK[38;2;130;129;121ml[38;2;11;19;30m [38;2;0;3;1m [38;2;14;38;46m.[38;2;25;68;73m.[38;2;10;39;44m.[38;2;17;34;36m.[38;2;11;44;49m.[38;2;24;53;66m.[38;2;22;33;33m.[38;2;62;107;114m;[38;2;28;53;56m.[38;2;30;52;70m.[38;2;25;51;66m.[38;2;26;46;48m.[0m
[0m[38;2;34;70;62m.[38;2;7;42;56m.[38;2;5;25;26m [38;2;6;17;26m [38;2;4;35;50m [38;2;75;145;166ml[38;2;32;72;71m.[38;2;26;40;53m.[38;2;75;155;180mo[38;2;60;133;164mc[38;2;59;134;164mc[38;2;59;130;164mc[38;2;64;135;172mc[38;2;58;129;177mc[38;2;55;117;218mc[38;2;19;87;247m,[38;2;4;181;255mo[38;2;153;255;255mX[38;2;127;255;255mX[38;2;133;255;255mX[38;2;126;255;255mX[38;2;127;255;255mX[38;2;124;254;255mX[38;2;123;252;255mK[38;2;126;252;255mX[38;2;114;247;255mK[38;2;38;220;255mk[38;2;5;101;248m;[38;2;13;59;218m.[38;2;8;36;126m.[38;2;165;180;156mk[38;2;189;174;79mx[38;2;138;103;54m:[38;2;193;158;81mx[38;2;212;176;94mk[38;2;166;128;49ml[38;2;216;185;91mO[38;2;255;230;89mX[38;2;255;228;104mX[38;2;255;237;92mN[38;2;255;228;103mX[38;2;255;224;87mX[38;2;255;226;77mX[38;2;255;224;84mX[38;2;255;223;94mX[38;2;255;223;91mX[38;2;255;223;85mX[38;2;255;225;86mX[38;2;255;225;96mX[38;2;255;226;94mX[38;2;255;225;92mX[38;2;255;224;98mX[38;2;255;226;93mX[38;2;255;221;79mX[38;2;255;223;82mX[38;2;255;221;78mX[38;2;255;221;83mX[38;2;255;223;87mX[38;2;255;223;92mX[38;2;255;209;71mK[38;2;255;213;75mK[38;2;255;211;73mK[38;2;255;207;65mK[38;2;255;212;80mK[38;2;255;233;93mX[38;2;205;179;107mk[38;2;36;26;21m [38;2;10;13;13m [38;2;53;82;88m'[38;2;37;63;79m.[38;2;12;23;31m [38;2;15;27;29m [38;2;19;44;51m.[38;2;17;49;54m.[38;2;19;30;32m [38;2;19;49;57m.[38;2;21;43;49m.[38;2;25;42;55m.[38;2;26;52;61m.[38;2;18;41;45m.[0m
[0m[38;2;18;47;47m.[38;2;6;49;63m.[38;2;6;25;25m [38;2;8;13;21m [38;2;7;33;46m [38;2;76;142;159ml[38;2;32;69;65m.[38;2;20;30;45m [38;2;51;114;136m;[38;2;44;91;108m,[38;2;45;92;103m,[38;2;45;89;102m,[38;2;46;99;123m,[38;2;60;116;147m:[38;2;33;81;164m,[38;2;40;91;211m;[38;2;36;115;249m:[38;2;25;125;231m:[38;2;23;162;255ml[38;2;8;160;255ml[38;2;6;168;255ml[38;2;9;159;253ml[38;2;7;154;253mc[38;2;4;153;252mc[38;2;15;134;247mc[38;2;11;116;238m;[38;2;35;129;235mc[38;2;3;25;171m.[38;2;12;66;155m.[38;2;7;44;102m.[38;2;31;57;85m.[38;2;58;81;76m'[38;2;32;41;53m.[38;2;97;80;42m,[38;2;156;123;82ml[38;2;106;78;27m,[38;2;127;104;37m:[38;2;193;145;59md[38;2;190;154;71md[38;2;189;136;38mo[38;2;165;132;48ml[38;2;168;140;73mo[38;2;246;218;95mK[38;2;255;218;99mX[38;2;255;216;79mK[38;2;255;208;71mK[38;2;255;214;69mK[38;2;255;214;84mK[38;2;255;214;78mK[38;2;255;211;77mK[38;2;255;215;75mK[38;2;255;213;71mK[38;2;255;213;77mK[38;2;255;211;71mK[38;2;255;213;77mK[38;2;255;212;75mK[38;2;255;208;70mK[38;2;255;207;64mK[38;2;255;209;70mK[38;2;254;203;70mK[38;2;255;207;66mK[38;2;255;209;80mK[38;2;255;214;77mK[38;2;255;220;77mK[38;2;232;211;110mK[38;2;173;166;93mx[38;2;126;134;118ml[38;2;103;152;168mo[38;2;140;183;189mk[38;2;130;167;183mx[38;2;101;135;138ml[38;2;52;75;83m'[38;2;64;77;84m'[38;2;107;119;121mc[38;2;125;140;140mo[38;2;106;119;118mc[38;2;100;113;119m:[38;2;61;74;79m'[38;2;27;55;51m.[38;2;29;52;60m.[0m
[0m[38;2;19;39;43m.[38;2;9;40;55m.[38;2;5;32;30m [38;2;8;33;47m [38;2;5;27;40m [38;2;65;131;150mc[38;2;43;90;89m,[38;2;0;4;11m [38;2;6;32;45m [38;2;5;32;54m [38;2;12;47;67m.[38;2;21;56;86m.[38;2;20;64;91m.[38;2;25;71;106m.[38;2;22;60;109m.[38;2;38;82;148m,[38;2;86;166;218md[38;2;4;15;102m [38;2;14;70;185m'[38;2;3;64;180m.[38;2;3;66;194m.[38;2;12;63;191m.[38;2;10;62;182m.[38;2;10;66;174m.[38;2;11;61;160m.[38;2;9;57;136m.[38;2;18;59;146m.[38;2;22;49;96m.[38;2;11;51;100m.[38;2;10;47;88m.[38;2;10;45;91m.[38;2;9;51;70m.[38;2;8;46;64m.[38;2;2;22;37m [38;2;108;138;186mo[38;2;103;115;116mc[38;2;29;24;10m [38;2;70;68;46m'[38;2;120;135;128ml[38;2;92;78;52m,[38;2;92;68;21m'[38;2;52;48;28m.[38;2;135;112;63mc[38;2;138;116;57mc[38;2;203;167;85mx[38;2;251;220;99mX[38;2;248;204;81m0[38;2;242;200;93m0[38;2;244;198;80m0[38;2;246;206;97mK[38;2;253;211;85mK[38;2;253;214;82mK[38;2;255;215;79mK[38;2;254;213;84mK[38;2;249;211;94mK[38;2;251;207;75mK[38;2;250;211;86mK[38;2;253;210;78mK[38;2;244;194;66m0[38;2;220;162;69mk[38;2;245;196;75m0[38;2;255;219;78mK[38;2;204;178;71mk[38;2;138;128;89ml[38;2;112;138;139ml[38;2;114;155;170mo[38;2;114;159;171md[38;2;121;165;174md[38;2;90;133;143mc[38;2;128;154;157md[38;2;162;185;188mk[38;2;198;211;213mK[38;2;235;251;253mW[38;2;235;250;251mW[38;2;229;249;252mW[38;2;229;249;251mW[38;2;230;247;249mW[38;2;237;251;253mW[38;2;215;237;235mN[38;2;188;200;201m0[0m
[0m[38;2;21;45;52m.[38;2;10;46;65m.[38;2;8;44;51m.[38;2;6;43;59m.[38;2;4;25;39m [38;2;63;113;147m:[38;2;53;97;96m,[38;2;2;10;18m [38;2;5;46;63m.[38;2;3;43;61m.[38;2;4;43;63m.[38;2;5;44;66m.[38;2;6;43;68m.[38;2;8;43;69m.[38;2;9;44;75m.[38;2;5;35;70m.[38;2;58;106;141m;[38;2;3;11;39m [38;2;8;49;99m.[38;2;7;49;90m.[38;2;9;51;108m.[38;2;11;49;109m.[38;2;7;48;102m.[38;2;7;49;97m.[38;2;7;50;95m.[38;2;11;50;94m.[38;2;8;47;80m.[38;2;43;69;86m.[38;2;15;49;69m.[38;2;5;39;60m.[38;2;5;31;44m [38;2;5;28;37m [38;2;4;20;22m [38;2;2;8;10m [38;2;110;153;189mo[38;2;128;133;135ml[38;2;4;11;11m [38;2;26;40;59m.[38;2;109;180;252mx[38;2;8;14;36m [38;2;12;53;64m.[38;2;2;16;24m [38;2;48;41;32m.[38;2;88;86;53m,[38;2;131;112;63mc[38;2;191;156;88mx[38;2;176;143;89md[38;2;179;166;136mx[38;2;179;171;133mk[38;2;192;183;126mk[38;2;210;195;130m0[38;2;225;207;141mK[38;2;243;215;124mK[38;2;231;207;109mK[38;2;226;208;141mK[38;2;222;197;108m0[38;2;201;172;90mk[38;2;216;182;92mO[38;2;214;169;77mk[38;2;216;162;78mk[38;2;210;162;76mx[38;2;193;141;56md[38;2;60;72;69m'[38;2;82;129;133mc[38;2;108;152;157mo[38;2;114;155;164mo[38;2;112;156;159mo[38;2;109;143;145ml[38;2;181;202;203m0[38;2;236;250;253mW[38;2;229;247;250mW[38;2;221;245;248mW[38;2;222;246;248mW[38;2;225;247;248mW[38;2;222;245;249mW[38;2;222;245;249mW[38;2;221;246;248mW[38;2;223;246;248mW[38;2;221;245;249mW[38;2;224;246;249mW[0m
[0m[38;2;18;47;49m.[38;2;5;44;55m.[38;2;4;42;55m.[38;2;3;43;54m.[38;2;5;27;44m [38;2;59;107;149m;[38;2;53;112;107m;[38;2;0;6;13m [38;2;5;42;60m.[38;2;5;42;57m.[38;2;4;42;61m.[38;2;3;42;60m.[38;2;5;43;62m.[38;2;4;43;63m.[38;2;7;43;64m.[38;2;4;43;64m.[38;2;9;45;61m.[38;2;2;20;37m [38;2;6;53;77m.[38;2;8;45;70m.[38;2;6;42;70m.[38;2;3;36;59m [38;2;4;33;57m [38;2;10;31;48m [38;2;6;24;38m [38;2;4;21;30m [38;2;5;15;27m [38;2;9;21;33m [38;2;5;26;31m [38;2;0;7;11m [38;2;11;27;35m [38;2;10;29;40m [38;2;2;19;22m [38;2;1;0;0m [38;2;93;141;182ml[38;2;131;147;147mo[38;2;1;10;12m [38;2;48;77;117m'[38;2;91;154;229mo[38;2;3;13;15m [38;2;16;64;77m.[38;2;2;25;42m [38;2;0;3;11m [38;2;0;8;32m [38;2;48;52;125m.[38;2;133;154;202md[38;2;107;147;210mo[38;2;103;182;225mx[38;2;141;170;223mx[38;2;146;171;213mk[38;2;155;172;194mk[38;2;163;165;169mx[38;2;169;149;123md[38;2;159;140;94mo[38;2;184;157;95mx[38;2;172;151;75md[38;2;129;129;59mc[38;2;128;106;57m:[38;2;123;101;36m:[38;2;136;106;45m:[38;2;181;159;80md[38;2;113;73;27m,[38;2;68;107;118m;[38;2;80;123;111m:[38;2;107;138;148ml[38;2;102;137;139ml[38;2;72;102;105m;[38;2;214;230;232mX[38;2;224;247;251mW[38;2;224;246;248mW[38;2;221;246;248mW[38;2;221;245;248mW[38;2;222;246;248mW[38;2;221;246;247mW[38;2;220;245;248mW[38;2;220;245;248mW[38;2;220;246;247mW[38;2;220;246;247mW[38;2;220;245;249mW[38;2;222;246;248mW[0m
[0m[38;2;20;47;52m.[38;2;4;44;54m.[38;2;3;41;54m.[38;2;4;43;51m.[38;2;1;25;40m [38;2;58;108;158m:[38;2;53;122;113m:[38;2;0;14;22m [38;2;4;45;61m.[38;2;5;42;55m.[38;2;6;41;59m.[38;2;5;45;63m.[38;2;6;42;55m.[38;2;5;36;46m [38;2;5;32;46m [38;2;3;27;34m [38;2;4;26;40m [38;2;0;11;14m [38;2;2;16;20m [38;2;3;10;14m [38;2;26;32;35m.[38;2;50;51;52m.[38;2;51;51;51m.[38;2;50;52;51m.[38;2;51;52;53m.[38;2;51;53;53m.[38;2;45;43;46m.[38;2;48;69;88m'[38;2;29;62;67m.[38;2;36;28;38m.[38;2;18;30;31m [38;2;11;30;45m [38;2;5;15;19m [38;2;1;0;0m [38;2;60;94;151m;[38;2;168;194;201mO[38;2;0;3;0m [38;2;73;111;167m:[38;2;72;111;164m:[38;2;9;18;23m [38;2;7;37;58m.[38;2;8;27;53m [38;2;20;42;68m.[38;2;42;68;132m'[38;2;19;51;200m.[38;2;154;233;255mK[38;2;78;247;255m0[38;2;104;255;255mK[38;2;114;254;255mK[38;2;127;245;255mK[38;2;112;226;255m0[38;2;128;193;250mO[38;2;144;171;222mk[38;2;174;162;191mk[38;2;183;172;175mk[38;2;171;180;159mk[38;2;122;124;85mc[38;2;126;111;63m:[38;2;132;111;39m:[38;2;121;99;39m:[38;2;125;112;51m:[38;2;19;13;7m [38;2;36;46;59m.[38;2;65;95;104m,[38;2;117;153;157mo[38;2;100;135;142ml[38;2;112;144;141mo[38;2;223;244;245mW[38;2;207;229;237mX[38;2;210;235;240mN[38;2;210;239;241mN[38;2;216;242;244mN[38;2;219;244;246mN[38;2;220;245;247mW[38;2;221;246;247mW[38;2;220;245;247mW[38;2;223;245;248mW[38;2;222;246;248mW[38;2;220;245;251mW[38;2;219;245;249mN[0m
[0m[38;2;21;50;59m.[38;2;5;48;53m.[38;2;2;36;55m [38;2;5;40;59m.[38;2;2;28;42m [38;2;55;96;147m;[38;2;53;123;118m:[38;2;0;12;12m [38;2;5;25;32m [38;2;1;20;21m [38;2;2;12;19m [38;2;1;16;14m [38;2;0;5;5m [38;2;0;1;1m [38;2;0;5;1m [38;2;0;4;1m [38;2;2;26;42m [38;2;5;28;41m [38;2;5;33;46m [38;2;0;3;14m [38;2;147;163;180mx[38;2;176;220;228mK[38;2;178;218;229mK[38;2;179;225;227mK[38;2;177;223;228mK[38;2;188;223;226mK[38;2;166;196;205mO[38;2;128;146;160mo[38;2;133;181;179mx[38;2;134;147;160mo[38;2;92;116;130mc[38;2;122;150;160mo[38;2;101;106;109m:[38;2;15;20;20m [38;2;23;39;73m.[38;2;221;252;253mW[38;2;8;11;13m [38;2;92;145;207mo[38;2;111;119;131mc[38;2;4;20;28m [38;2;7;37;63m.[38;2;8;34;67m.[38;2;66;139;168mc[38;2;71;157;211mo[38;2;22;71;233m'[38;2;131;228;255m0[38;2;102;255;255mK[38;2;98;255;255mK[38;2;112;255;255mK[38;2;120;255;255mX[38;2;145;255;255mX[38;2;85;250;255m0[38;2;26;189;255md[38;2;69;148;253mo[38;2;66;181;249md[38;2;48;132;217mc[38;2;2;22;123m [38;2;22;50;79m.[38;2;64;68;65m'[38;2;80;80;57m,[38;2;121;113;60m:[38;2;9;5;8m [38;2;0;6;12m [38;2;0;5;4m [38;2;28;40;41m.[38;2;50;66;67m.[38;2;136;166;160md[38;2;201;228;228mX[38;2;212;235;238mN[38;2;208;229;238mX[38;2;202;228;231mX[38;2;195;227;232mX[38;2;207;233;239mX[38;2;211;238;241mN[38;2;216;242;243mN[38;2;219;244;246mN[38;2;225;244;249mW[38;2;220;245;251mW[38;2;223;245;250mW[38;2;219;245;251mW[0m
[0m[38;2;16;34;33m [38;2;6;25;29m [38;2;10;21;23m [38;2;2;11;30m [38;2;11;34;53m.[38;2;48;82;132m,[38;2;65;142;134mc[38;2;2;12;3m [38;2;0;7;7m [38;2;17;20;22m [38;2;3;14;19m [38;2;12;28;26m [38;2;0;10;6m [38;2;0;4;0m [38;2;3;9;3m [38;2;2;6;0m [38;2;9;29;48m [38;2;12;41;66m.[38;2;11;52;69m.[38;2;6;14;33m [38;2;18;28;44m [38;2;17;48;75m.[38;2;18;44;96m.[38;2;21;53;96m.[38;2;19;56;115m.[38;2;31;68;140m'[38;2;27;55;117m.[38;2;27;44;89m.[38;2;33;54;66m.[38;2;17;42;46m.[38;2;8;13;35m [38;2;36;95;134m,[38;2;118;147;197mo[38;2;173;187;202mO[38;2;17;24;30m [38;2;199;229;247mX[38;2;62;81;87m,[38;2;128;172;226mx[38;2;106;122;130mc[38;2;29;60;69m.[38;2;7;46;69m.[38;2;8;40;75m.[38;2;20;61;96m.[38;2;69;138;192ml[38;2;52;86;229m;[38;2;129;219;255m0[38;2;143;255;255mX[38;2;87;255;255mK[38;2;98;255;255mK[38;2;89;255;255mK[38;2;98;241;255m0[38;2;29;185;255md[38;2;71;193;255mx[38;2;14;56;184m.[38;2;15;66;168m.[38;2;8;39;112m.[38;2;7;36;73m.[38;2;13;54;79m.[38;2;22;41;88m.[38;2;73;81;125m,[38;2;20;23;25m [38;2;5;10;19m [38;2;0;11;16m [38;2;0;13;10m [38;2;0;8;10m [38;2;9;18;15m [38;2;122;157;161md[38;2;80;131;134mc[38;2;181;204;207m0[38;2;208;229;242mX[38;2;203;225;234mX[38;2;196;226;231mX[38;2;201;227;235mX[38;2;194;228;232mX[38;2;207;229;229mX[38;2;206;232;240mX[38;2;216;244;247mN[38;2;221;245;249mW[38;2;223;245;249mW[38;2;221;246;250mW[0m
