[0m[38;2;28;48;41m.[38;2;14;48;51m.[38;2;12;42;42m.[38;2;1;16;8m [38;2;8;39;48m.[38;2;3;31;35m [38;2;88;155;145mo[38;2;18;39;33m.[38;2;0;8;2m [38;2;0;11;0m [38;2;3;16;6m [38;2;7;21;14m [38;2;6;26;24m [38;2;3;14;22m [38;2;128;167;198mx[38;2;102;110;124m:[38;2;3;10;8m [38;2;8;50;55m.[38;2;11;49;61m.[38;2;9;49;50m.[38;2;9;48;50m.[38;2;10;49;52m.[38;2;10;50;54m.[38;2;9;48;54m.[38;2;9;50;53m.[38;2;8;36;41m [38;2;83;171;165mo[38;2;16;25;29m [38;2;38;83;89m'[38;2;49;109;114m;[38;2;56;82;114m,[38;2;25;63;81m.[38;2;11;50;57m.[38;2;12;50;59m.[38;2;7;38;57m.[38;2;61;114;130m:[38;2;47;73;75m'[38;2;76;172;188md[38;2;52;100;126m;[38;2;8;48;56m.[38;2;5;43;43m.[38;2;32;54;121m.[38;2;141;155;162md[38;2;13;46;61m.[38;2;0;23;34m [38;2;15;42;107m.[38;2;191;239;255mN[38;2;43;99;130m,[38;2;54;102;141m;[38;2;34;76;141m'[38;2;13;35;177m.[38;2;21;111;227m;[38;2;1;61;207m.[38;2;10;66;201m'[38;2;8;60;190m.[38;2;7;50;155m.[38;2;15;56;147m.[38;2;3;18;69m [38;2;66;109;194m:[38;2;10;37;77m.[38;2;3;31;64m [38;2;3;39;56m.[38;2;10;36;53m.[38;2;8;47;65m.[38;2;1;39;44m [38;2;14;44;49m.[38;2;3;33;42m [38;2;9;44;49m.[38;2;14;48;58m.[38;2;13;52;59m.[38;2;2;27;31m [38;2;16;47;52m.[38;2;5;49;41m.[38;2;0;6;6m [38;2;6;32;25m [38;2;7;40;44m.[38;2;10;42;43m.[38;2;7;37;29m [38;2;10;45;44m.[38;2;1;50;46m.[0m
[0m[38;2;26;49;45m.[38;2;10;45;50m.[38;2;7;29;29m [38;2;0;13;9m [38;2;3;40;44m.[38;2;1;31;33m [38;2;84;150;156ml[38;2;10;25;26m [38;2;0;4;5m [38;2;0;6;0m [38;2;0;1;0m [38;2;0;3;0m [38;2;0;2;0m [38;2;22;43;60m.[38;2;203;221;243mX[38;2;14;14;18m [38;2;4;15;13m [38;2;1;15;15m [38;2;4;22;23m [38;2;0;27;29m [38;2;6;33;38m [38;2;4;38;49m.[38;2;2;44;51m.[38;2;8;47;60m.[38;2;6;46;58m.[38;2;8;42;53m.[38;2;35;93;101m,[38;2;16;31;33m [38;2;11;46;56m.[38;2;7;42;61m.[38;2;9;43;61m.[38;2;16;55;67m.[38;2;19;47;77m.[38;2;23;53;82m.[38;2;18;57;72m.[38;2;47;83;93m'[38;2;40;65;63m.[38;2;77;156;178mo[38;2;80;151;197mo[38;2;15;50;64m.[38;2;3;22;30m [38;2;40;60;148m'[38;2;125;141;151mo[38;2;6;41;57m.[38;2;7;25;47m [38;2;15;35;116m.[38;2;200;244;255mN[38;2;8;16;66m [38;2;67;137;213ml[38;2;82;181;248mx[38;2;34;127;255mc[38;2;111;255;255mK[38;2;68;230;255mO[38;2;66;207;255mk[38;2;42;166;255mo[38;2;13;133;248mc[38;2;2;85;239m,[38;2;2;33;186m.[38;2;80;147;238mo[38;2;8;40;133m.[38;2;7;30;93m.[38;2;2;35;89m.[38;2;49;75;102m'[38;2;55;66;68m.[38;2;59;77;86m'[38;2;61;71;80m'[38;2;45;66;69m.[38;2;28;59;66m.[38;2;18;46;57m.[38;2;6;46;53m.[38;2;0;22;26m [38;2;8;45;51m.[38;2;6;29;32m [38;2;0;6;2m [38;2;2;31;29m [38;2;3;31;32m [38;2;5;33;42m [38;2;3;27;26m [38;2;12;38;45m.[38;2;4;39;44m.[0m
[0m[38;2;26;49;47m.[38;2;10;46;56m.[38;2;12;31;35m [38;2;0;12;18m [38;2;4;40;47m.[38;2;0;34;37m [38;2;82;152;161ml[38;2;5;16;28m [38;2;3;27;31m [38;2;7;24;25m [38;2;8;24;32m [38;2;12;25;41m [38;2;1;2;10m [38;2;152;180;211mk[38;2;92;103;123m:[38;2;8;24;43m [38;2;4;29;45m [38;2;0;3;0m [38;2;0;4;0m [38;2;0;6;1m [38;2;0;7;0m [38;2;0;4;4m [38;2;0;7;6m [38;2;3;10;17m [38;2;7;22;24m [38;2;6;26;30m [38;2;7;35;48m [38;2;4;11;18m [38;2;18;44;54m.[38;2;13;49;83m.[38;2;12;48;77m.[38;2;9;49;76m.[38;2;9;44;77m.[38;2;12;47;76m.[38;2;8;36;70m.[38;2;72;128;158mc[38;2;36;57;70m.[38;2;27;56;84m.[38;2;43;91;125m,[38;2;39;82;107m'[38;2;14;22;34m [38;2;47;82;158m,[38;2;99;128;135mc[38;2;10;39;53m.[38;2;5;15;44m [38;2;13;35;108m.[38;2;207;249;255mN[38;2;1;10;81m [38;2;20;57;177m.[38;2;82;179;255mx[38;2;25;164;255ml[38;2;153;255;255mX[38;2;98;255;255mK[38;2;103;255;255mK[38;2;128;255;255mX[38;2;88;255;255mK[38;2;79;229;255mO[38;2;79;197;255mk[38;2;71;214;255mk[38;2;9;80;234m,[38;2;7;52;205m.[38;2;6;25;114m.[38;2;66;92;152m;[38;2;66;93;117m;[38;2;72;98;112m;[38;2;74;90;97m,[38;2;65;89;88m,[38;2;40;74;89m'[38;2;74;98;114m;[38;2;51;79;92m'[38;2;0;24;24m [38;2;11;25;22m [38;2;3;14;13m [38;2;4;34;36m [38;2;3;47;55m.[38;2;10;28;33m [38;2;15;42;44m.[38;2;12;27;26m [38;2;9;44;44m.[38;2;7;38;49m.[0m
[0m[38;2;23;55;57m.[38;2;10;49;60m.[38;2;15;36;38m.[38;2;4;16;24m [38;2;9;43;60m.[38;2;5;28;52m [38;2;79;151;183mo[38;2;11;32;71m.[38;2;1;6;22m [38;2;14;40;93m.[38;2;3;19;50m [38;2;17;29;79m.[38;2;83;101;150m:[38;2;197;213;238mK[38;2;2;16;50m [38;2;9;46;94m.[38;2;8;29;58m [38;2;10;37;66m.[38;2;8;37;73m.[38;2;6;27;36m [38;2;8;18;17m [38;2;37;50;52m.[38;2;36;47;50m.[38;2;37;46;48m.[38;2;38;50;52m.[38;2;38;49;52m.[38;2;39;47;49m.[38;2;33;38;41m.[38;2;20;31;37m [38;2;36;47;57m.[38;2;25;35;46m.[38;2;12;23;35m [38;2;7;30;49m [38;2;12;37;60m.[38;2;17;38;71m.[38;2;24;61;89m.[38;2;24;40;53m.[38;2;15;53;80m.[38;2;11;52;88m.[38;2;13;46;83m.[38;2;0;12;27m [38;2;77;116;187mc[38;2;87;117;137mc[38;2;33;78;113m'[38;2;48;85;98m'[38;2;12;24;88m [38;2;224;255;255mW[38;2;8;16;72m [38;2;5;43;177m.[38;2;44;124;249mc[38;2;26;197;255md[38;2;127;255;255mX[38;2;93;255;255mK[38;2;77;255;255m0[38;2;92;255;255mK[38;2;96;255;255mK[38;2;81;255;255mK[38;2;147;255;255mX[38;2;45;243;255mO[38;2;101;255;255mK[38;2;4;155;255mc[38;2;4;58;235m.[38;2;6;41;136m.[38;2;8;32;84m.[38;2;13;49;101m.[38;2;10;37;59m.[38;2;2;41;56m.[38;2;6;41;53m.[38;2;3;31;38m [38;2;103;123;150mc[38;2;19;29;40m [38;2;5;23;25m [38;2;11;42;52m.[38;2;7;55;57m.[38;2;5;40;45m.[38;2;2;6;5m [38;2;46;62;62m.[38;2;28;57;58m.[38;2;12;42;50m.[38;2;3;36;47m [0m
[0m[38;2;18;56;53m.[38;2;9;48;62m.[38;2;7;30;32m [38;2;8;21;30m [38;2;11;46;72m.[38;2;7;32;69m [38;2;85;147;200mo[38;2;9;50;160m.[38;2;21;81;196m,[38;2;1;68;188m.[38;2;2;44;200m.[38;2;21;55;203m.[38;2;206;240;255mN[38;2;52;63;187m'[38;2;5;51;178m.[38;2;9;47;169m.[38;2;3;32;119m.[38;2;13;48;130m.[38;2;20;54;110m.[38;2;5;18;31m [38;2;67;95;99m;[38;2;145;201;209mO[38;2;137;177;193mx[38;2;141;182;192mk[38;2;133;176;195mx[38;2;140;184;197mk[38;2;123;152;166md[38;2;147;139;163mo[38;2;91;122;133mc[38;2;124;153;158md[38;2;106;130;148ml[38;2;123;128;151ml[38;2;60;74;97m'[38;2;85;90;98m;[38;2;25;26;30m [38;2;1;6;12m [38;2;2;9;7m [38;2;7;28;45m [38;2;10;29;58m [38;2;9;30;54m [38;2;1;18;70m [38;2;122;157;228md[38;2;48;68;105m'[38;2;4;42;83m.[38;2;69;124;155mc[38;2;12;25;80m [38;2;221;252;255mW[38;2;16;25;96m.[38;2;33;68;186m'[38;2;27;82;238m,[38;2;34;187;255md[38;2;107;230;255m0[38;2;104;255;255mK[38;2;93;255;255mK[38;2;83;255;255mK[38;2;88;255;255mK[38;2;89;255;255mK[38;2;112;255;255mK[38;2;35;244;255mO[38;2;118;255;255mK[38;2;15;211;255mx[38;2;4;72;243m'[38;2;9;53;167m.[38;2;52;98;155m;[38;2;10;44;73m.[38;2;6;24;43m [38;2;2;34;52m [38;2;5;32;48m [38;2;8;33;44m [38;2;40;57;87m.[38;2;70;85;114m,[38;2;8;46;47m.[38;2;10;47;66m.[38;2;12;40;45m.[38;2;30;43;40m.[38;2;30;59;52m.[38;2;19;52;61m.[38;2;8;44;58m.[38;2;10;45;55m.[38;2;10;34;44m [0m
[0m[38;2;22;49;56m.[38;2;10;48;67m.[38;2;11;31;33m [38;2;10;26;41m [38;2;13;46;89m.[38;2;5;36;105m.[38;2;80;155;243mo[38;2;3;81;251m,[38;2;117;255;255mK[38;2;101;242;255m0[38;2;86;215;255mO[38;2;81;186;255mx[38;2;98;211;255mO[38;2;79;168;254md[38;2;66;180;255md[38;2;59;162;252mo[38;2;2;98;239m,[38;2;14;79;213m'[38;2;12;46;145m.[38;2;7;32;75m.[38;2;8;17;35m [38;2;22;44;62m.[38;2;11;30;40m [38;2;12;25;26m [38;2;13;24;24m [38;2;12;26;29m [38;2;13;24;23m [38;2;16;40;58m.[38;2;13;29;51m [38;2;6;15;15m [38;2;9;27;47m [38;2;23;36;82m.[38;2;31;51;79m.[38;2;113;119;144mc[38;2;181;202;218m0[38;2;88;95;116m;[38;2;8;8;23m [38;2;3;14;47m [38;2;0;15;37m [38;2;0;6;24m [38;2;6;28;89m [38;2;152;189;254mO[38;2;6;11;23m [38;2;2;14;39m [38;2;16;37;63m.[38;2;15;36;116m.[38;2;223;251;255mW[38;2;2;13;50m [38;2;11;46;127m.[38;2;17;52;172m.[38;2;40;104;226m:[38;2;3;67;228m'[38;2;6;136;252mc[38;2;29;175;255mo[38;2;62;188;255mx[38;2;52;219;255mk[38;2;81;235;255mO[38;2;115;255;255mK[38;2;50;244;255mO[38;2;123;245;255mK[38;2;23;210;255mx[38;2;42;117;242m:[38;2;5;46;140m.[38;2;25;66;125m.[38;2;11;41;72m.[38;2;9;25;37m [38;2;5;36;56m.[38;2;13;46;56m.[38;2;1;23;33m [38;2;41;59;90m.[38;2;66;89;125m,[38;2;10;47;47m.[38;2;11;39;40m.[38;2;33;50;47m.[38;2;31;55;55m.[38;2;10;43;50m.[38;2;10;46;58m.[38;2;8;46;54m.[38;2;5;43;52m.[38;2;8;37;47m.[0m
[0m[38;2;24;50;60m.[38;2;10;49;62m.[38;2;7;25;40m [38;2;9;25;42m [38;2;17;47;112m.[38;2;9;43;126m.[38;2;82;161;255md[38;2;1;109;255m;[38;2;124;255;255mX[38;2;120;255;255mX[38;2;32;223;255mk[38;2;143;226;255mK[38;2;75;240;255m0[38;2;109;255;255mK[38;2;117;255;255mK[38;2;191;255;255mN[38;2;17;211;255mx[38;2;20;137;255mc[38;2;25;80;212m,[38;2;29;68;154m'[38;2;27;64;118m.[38;2;29;62;101m.[38;2;24;53;62m.[38;2;24;43;48m.[38;2;19;33;39m.[38;2;19;31;33m [38;2;2;2;3m [38;2;9;45;80m.[38;2;14;44;92m.[38;2;7;21;39m [38;2;13;32;53m [38;2;10;38;66m.[38;2;8;47;99m.[38;2;0;0;13m [38;2;30;53;112m.[38;2;204;225;255mX[38;2;49;64;137m'[38;2;21;55;160m.[38;2;6;26;127m.[38;2;7;22;109m [38;2;19;58;193m.[38;2;157;216;255m0[38;2;2;7;51m [38;2;14;44;131m.[38;2;5;20;85m [38;2;13;51;167m.[38;2;210;252;255mW[38;2;0;1;4m [38;2;2;18;49m [38;2;1;17;60m [38;2;4;19;82m [38;2;6;19;107m [38;2;5;38;152m.[38;2;10;49;171m.[38;2;11;56;192m.[38;2;16;75;222m'[38;2;2;68;222m'[38;2;15;108;236m;[38;2;54;169;245mo[38;2;61;138;236ml[38;2;31;129;223m:[38;2;47;118;198m:[38;2;4;43;99m.[38;2;7;37;81m.[38;2;6;37;46m [38;2;3;5;2m [38;2;5;15;19m [38;2;7;29;26m [38;2;2;24;32m [38;2;40;70;103m'[38;2;72;97;117m;[38;2;3;11;9m [38;2;27;46;51m.[38;2;11;33;38m [38;2;12;35;46m.[38;2;4;40;44m.[38;2;11;47;53m.[38;2;5;40;49m.[38;2;3;41;45m.[38;2;10;47;52m.[0m
[0m[38;2;18;52;52m.[38;2;11;50;69m.[38;2;7;28;40m [38;2;8;31;53m [38;2;20;50;115m.[38;2;5;42;135m.[38;2;83;168;254md[38;2;0;135;255m:[38;2;124;255;255mX[38;2;129;255;255mX[38;2;37;214;255mx[38;2;64;228;255mO[38;2;116;255;255mK[38;2;95;255;255mK[38;2;126;255;255mX[38;2;172;255;255mN[38;2;28;229;255mk[38;2;19;150;255ml[38;2;15;62;235m'[38;2;11;59;167m.[38;2;13;54;116m.[38;2;7;36;86m.[38;2;15;46;89m.[38;2;73;142;172ml[38;2;66;129;156mc[38;2;78;139;183ml[38;2;25;38;53m.[38;2;57;112;138m;[38;2;30;56;88m.[38;2;38;75;102m'[38;2;23;51;81m.[38;2;23;59;98m.[38;2;26;54;125m.[38;2;20;29;71m.[38;2;4;22;116m [38;2;140;188;255mO[38;2;112;144;228mo[38;2;12;97;244m;[38;2;1;89;231m,[38;2;7;75;241m'[38;2;31;121;251m:[38;2;171;230;255mX[38;2;4;29;183m.[38;2;13;71;219m'[38;2;7;31;151m.[38;2;6;38;181m.[38;2;203;242;255mN[38;2;0;3;32m [38;2;5;19;60m [38;2;11;37;89m.[38;2;4;35;74m.[38;2;6;18;64m [38;2;0;13;47m [38;2;0;8;35m [38;2;0;4;38m [38;2;5;11;52m [38;2;2;11;57m [38;2;4;17;58m [38;2;87;122;189mc[38;2;9;24;93m [38;2;10;25;62m [38;2;14;42;95m.[38;2;11;51;72m.[38;2;17;55;75m.[38;2;0;16;18m [38;2;0;10;1m [38;2;0;10;0m [38;2;0;5;0m [38;2;0;3;0m [38;2;68;90;120m,[38;2;46;60;79m.[38;2;15;32;37m [38;2;10;50;60m.[38;2;9;44;54m.[38;2;7;34;42m [38;2;10;38;42m.[38;2;8;37;42m [38;2;11;43;52m.[38;2;9;44;51m.[38;2;12;43;53m.[0m
[0m[38;2;19;56;62m.[38;2;11;48;67m.[38;2;5;26;41m [38;2;10;35;61m.[38;2;13;52;106m.[38;2;3;38;135m.[38;2;83;172;255md[38;2;0;136;255m:[38;2;137;255;255mX[38;2;91;248;255m0[38;2;68;213;255mk[38;2;77;240;255m0[38;2;102;255;255mK[38;2;110;255;255mK[38;2;125;255;255mX[38;2;183;255;255mN[38;2;28;227;255mk[38;2;42;193;255md[38;2;15;65;236m'[38;2;12;64;166m.[38;2;6;57;115m.[38;2;10;47;96m.[38;2;7;33;71m.[38;2;57;103;125m;[38;2;70;145;176ml[38;2;77;158;186mo[38;2;23;36;52m.[38;2;91;162;178mo[38;2;21;39;78m.[38;2;60;112;147m:[38;2;22;51;94m.[38;2;11;46;98m.[38;2;19;57;130m.[38;2;28;73;178m'[38;2;6;56;222m.[38;2;123;210;255mO[38;2;127;241;255mK[38;2;138;239;255mK[38;2;93;238;255m0[38;2;87;219;255mO[38;2;6;212;255md[38;2;117;237;255mK[38;2;51;164;255mo[38;2;16;179;255mo[38;2;3;124;249m:[38;2;0;73;245m'[38;2;167;225;255mK[38;2;0;2;39m [38;2;12;37;116m.[38;2;16;55;118m.[38;2;6;34;70m.[38;2;9;32;72m.[38;2;23;38;44m.[38;2;104;124;137mc[38;2;97;119;128mc[38;2;93;117;129mc[38;2;83;103;110m;[38;2;43;64;70m.[38;2;92;116;124m:[38;2;35;51;68m.[38;2;48;53;60m.[38;2;25;30;34m.[38;2;2;10;13m [38;2;7;26;31m [38;2;0;11;7m [38;2;0;8;0m [38;2;0;7;0m [38;2;2;6;1m [38;2;0;3;0m [38;2;100;124;142mc[38;2;22;49;64m.[38;2;10;38;43m.[38;2;5;38;48m.[38;2;10;43;52m.[38;2;13;44;50m.[38;2;6;36;36m [38;2;10;39;42m.[38;2;12;45;49m.[38;2;11;44;49m.[38;2;10;44;50m.[0m
[0m[38;2;19;45;52m.[38;2;10;40;58m.[38;2;6;24;35m [38;2;9;28;60m [38;2;13;48;101m.[38;2;7;39;131m.[38;2;83;168;253md[38;2;2;144;255mc[38;2;165;255;255mN[38;2;47;211;255mx[38;2;99;235;255m0[38;2;102;255;255mK[38;2;107;255;255mK[38;2;115;255;255mK[38;2;123;255;255mX[38;2;192;255;255mN[38;2;0;234;255mx[38;2;57;204;255mx[38;2;31;98;226m;[38;2;9;53;157m.[38;2;9;59;116m.[38;2;10;51;94m.[38;2;9;41;91m.[38;2;26;58;83m.[38;2;70;164;185mo[38;2;85;160;181mo[38;2;3;10;18m [38;2;90;172;194md[38;2;75;131;176mc[38;2;14;30;68m.[38;2;67;120;156m:[38;2;13;44;103m.[38;2;14;57;144m.[38;2;18;68;200m'[38;2;10;86;250m,[38;2;133;232;255mK[38;2;103;255;255mK[38;2;209;255;255mW[38;2;152;255;255mX[38;2;173;255;255mN[38;2;25;250;255mO[38;2;69;254;255m0[38;2;229;255;255mW[38;2;192;255;255mN[38;2;54;242;255mO[38;2;2;152;255mc[38;2;164;227;255mK[38;2;6;31;146m.[38;2;8;45;133m.[38;2;9;57;114m.[38;2;2;26;59m [38;2;15;44;77m.[38;2;10;23;39m [38;2;9;23;31m [38;2;6;14;12m [38;2;2;11;15m [38;2;7;33;37m [38;2;2;20;32m [38;2;86;109;130m:[38;2;3;19;33m [38;2;7;12;17m [38;2;151;166;185mx[38;2;13;23;31m [38;2;11;35;40m [38;2;0;5;3m [38;2;2;6;2m [38;2;0;7;0m [38;2;2;9;0m [38;2;0;0;0m [38;2;125;167;200mx[38;2;5;28;32m [38;2;3;5;8m [38;2;17;43;54m.[38;2;11;46;54m.[38;2;14;46;54m.[38;2;20;49;52m.[38;2;9;29;44m [38;2;20;51;54m.[38;2;9;36;42m [38;2;9;48;50m.[0m
[0m[38;2;38;75;76m'[38;2;32;72;89m.[38;2;38;77;87m'[38;2;8;25;34m [38;2;13;48;92m.[38;2;9;36;98m.[38;2;87;155;216mo[38;2;8;68;199m'[38;2;78;163;226mo[38;2;28;131;248mc[38;2;134;211;255m0[38;2;75;193;250mx[38;2;75;221;255mO[38;2;73;222;255mO[38;2;87;233;255m0[38;2;142;239;255mK[38;2;14;209;255md[38;2;45;135;242mc[38;2;71;159;230mo[38;2;24;60;124m.[38;2;19;60;118m.[38;2;17;55;89m.[38;2;9;46;73m.[38;2;8;31;59m [38;2;69;135;150mc[38;2;89;164;179mo[38;2;6;9;23m [38;2;88;164;188mo[38;2;80;151;181mo[38;2;62;124;164m:[38;2;16;40;78m.[38;2;46;94;147m,[38;2;12;51;145m.[38;2;11;71;205m'[38;2;17;111;251m:[38;2;111;224;255m0[38;2;103;255;255mK[38;2;219;255;255mW[38;2;186;255;255mN[38;2;128;255;255mX[38;2;140;255;255mX[38;2;73;255;255m0[38;2;192;255;255mN[38;2;214;255;255mW[38;2;53;253;255m0[38;2;2;173;255ml[38;2;152;207;255m0[38;2;7;50;197m.[38;2;4;64;165m.[38;2;12;56;108m.[38;2;8;28;60m [38;2;41;73;110m'[38;2;24;52;87m.[38;2;45;84;95m'[38;2;58;114;137m:[38;2;38;73;71m.[38;2;7;26;35m [38;2;4;36;43m [38;2;117;148;196mo[38;2;17;41;38m.[38;2;0;9;3m [38;2;90;114;153mc[38;2;26;39;62m.[38;2;8;43;40m.[38;2;2;3;1m [38;2;0;7;2m [38;2;0;7;0m [38;2;1;5;0m [38;2;45;49;65m.[38;2;86;117;143mc[38;2;4;45;46m.[38;2;1;10;6m [38;2;18;41;49m.[38;2;9;29;35m [38;2;14;38;48m.[38;2;7;29;39m [38;2;11;36;42m.[38;2;17;48;48m.[38;2;30;55;60m.[38;2;23;56;58m.[0m
[0m[38;2;17;54;52m.[38;2;13;49;61m.[38;2;14;50;57m.[38;2;1;19;32m [38;2;16;50;81m.[38;2;6;31;76m [38;2;79;140;177ml[38;2;2;16;51m [38;2;11;42;117m.[38;2;20;48;162m.[38;2;206;237;255mN[38;2;8;20;134m.[38;2;5;54;190m.[38;2;47;124;243mc[38;2;12;79;205m'[38;2;10;74;208m'[38;2;55;142;229ml[38;2;5;20;109m [38;2;33;85;139m,[38;2;36;80;115m'[38;2;38;82;114m'[38;2;36;77;116m'[38;2;38;77;104m'[38;2;35;73;90m.[38;2;39;85;105m'[38;2;46;93;102m,[38;2;55;97;122m;[38;2;35;57;67m.[38;2;59;115;131m:[38;2;54;109;137m;[38;2;45;87;125m,[38;2;28;66;112m.[38;2;30;78;154m'[38;2;33;89;212m,[38;2;26;105;239m;[38;2;109;219;255mO[38;2;98;255;255mK[38;2;184;255;255mN[38;2;235;255;255mW[38;2;56;255;255m0[38;2;99;253;255mK[38;2;147;255;255mX[38;2;185;255;255mN[38;2;222;255;255mW[38;2;46;254;255m0[38;2;7;179;255mo[38;2;135;200;255mO[38;2;7;44;174m.[38;2;9;64;155m.[38;2;9;62;112m.[38;2;4;23;58m [38;2;94;157;178mo[38;2;12;51;66m.[38;2;8;31;52m [38;2;59;127;142m:[38;2;61;111;113m;[38;2;13;26;32m [38;2;2;22;42m [38;2;114;155;200md[38;2;26;53;47m.[38;2;0;7;9m [38;2;91;123;169mc[38;2;22;51;60m.[38;2;50;101;102m,[38;2;1;4;0m [38;2;0;6;2m [38;2;0;6;0m [38;2;1;0;0m [38;2;144;166;186mx[38;2;17;41;47m.[38;2;10;46;51m.[38;2;1;13;11m [38;2;7;35;45m [38;2;33;82;92m'[38;2;18;53;93m.[38;2;26;68;90m.[38;2;6;28;31m [38;2;94;100;95m;[38;2;40;63;63m.[38;2;29;71;68m.[0m
[0m[38;2;18;50;52m.[38;2;10;49;58m.[38;2;12;52;56m.[38;2;1;27;35m [38;2;13;50;70m.[38;2;8;31;59m [38;2;86;149;178mo[38;2;12;32;52m [38;2;12;47;84m.[38;2;8;14;73m [38;2;189;213;249mK[38;2;26;44;74m.[38;2;5;44;97m.[38;2;16;61;121m.[38;2;72;131;183mc[38;2;5;26;81m [38;2;62;127;172mc[38;2;4;8;37m [38;2;15;51;92m.[38;2;11;50;81m.[38;2;12;52;83m.[38;2;10;50;72m.[38;2;13;48;74m.[38;2;11;48;73m.[38;2;11;46;65m.[38;2;8;43;59m.[38;2;46;96;114m,[38;2;20;26;37m [38;2;13;44;69m.[38;2;11;42;75m.[38;2;8;41;86m.[38;2;16;53;100m.[38;2;21;67;131m.[38;2;22;72;140m'[38;2;30;78;204m,[38;2;125;194;253mO[38;2;16;137;247mc[38;2;15;160;252ml[38;2;55;167;255mo[38;2;123;246;255mK[38;2;2;152;255mc[38;2;50;197;255mx[38;2;79;213;255mk[38;2;98;231;255m0[38;2;32;191;255md[38;2;9;102;250m;[38;2;143;182;248mk[38;2;24;64;149m.[38;2;36;74;138m'[38;2;36;83;126m'[38;2;22;43;74m.[38;2;69;132;138mc[38;2;61;114;133m:[38;2;15;40;56m.[38;2;14;42;57m.[38;2;40;75;87m'[38;2;6;24;32m [38;2;24;40;57m.[38;2;107;135;147ml[38;2;5;38;42m [38;2;0;3;5m [38;2;98;131;178ml[38;2;4;22;22m [38;2;23;57;54m.[38;2;1;5;0m [38;2;2;4;3m [38;2;0;5;1m [38;2;35;46;59m.[38;2;112;135;154ml[38;2;8;38;45m.[38;2;15;49;61m.[38;2;1;15;14m [38;2;11;37;40m.[38;2;26;48;44m.[38;2;19;31;38m [38;2;59;103;107m;[38;2;1;24;28m [38;2;133;148;143mo[38;2;57;90;83m,[38;2;27;68;71m.[0m
[0m[38;2;19;52;53m.[38;2;11;48;56m.[38;2;9;53;58m.[38;2;3;16;26m [38;2;16;51;65m.[38;2;2;32;48m [38;2;78;139;156ml[38;2;7;27;33m [38;2;8;49;72m.[38;2;4;19;43m [38;2;98;130;200ml[38;2;123;142;150mo[38;2;1;24;53m [38;2;5;40;74m.[38;2;42;87;125m,[38;2;49;97;119m,[38;2;61;119;141m:[38;2;5;10;23m [38;2;10;51;83m.[38;2;9;51;74m.[38;2;9;48;78m.[38;2;9;48;65m.[38;2;8;48;67m.[38;2;7;48;65m.[38;2;10;49;68m.[38;2;10;50;73m.[38;2;15;58;80m.[38;2;13;26;38m [38;2;17;52;81m.[38;2;15;47;79m.[38;2;12;50;80m.[38;2;12;48;96m.[38;2;11;50;89m.[38;2;9;41;83m.[38;2;31;92;166m,[38;2;158;201;237m0[38;2;11;33;128m.[38;2;12;53;183m.[38;2;35;85;220m,[38;2;169;196;230m0[38;2;0;24;173m.[38;2;12;76;219m'[38;2;12;83;214m,[38;2;24;89;210m,[38;2;22;73;188m'[38;2;13;30;164m.[38;2;148;167;207mx[38;2;5;29;78m [38;2;20;54;98m.[38;2;22;65;96m.[38;2;55;96;119m,[38;2;16;28;37m [38;2;29;64;76m.[38;2;31;64;74m.[38;2;29;66;73m.[38;2;51;82;92m'[38;2;3;15;25m [38;2;107;117;132mc[38;2;54;81;97m'[38;2;41;80;90m'[38;2;2;7;14m [38;2;110;146;168mo[38;2;23;46;57m.[38;2;34;76;75m.[38;2;4;13;10m [38;2;0;3;0m [38;2;1;7;6m [38;2;130;153;164md[38;2;10;19;17m [38;2;12;53;69m.[38;2;11;48;59m.[38;2;2;16;16m [38;2;7;31;34m [38;2;67;81;68m'[38;2;56;75;60m'[38;2;27;30;28m.[38;2;0;1;0m [38;2;135;144;141mo[38;2;31;53;52m.[38;2;23;57;55m.[0m
[0m[38;2;19;43;45m.[38;2;9;41;49m.[38;2;10;46;55m.[38;2;0;16;15m [38;2;8;41;43m.[38;2;56;101;119m;[38;2;51;104;114m;[38;2;2;8;11m [38;2;5;33;35m [38;2;4;25;22m [38;2;30;43;87m.[38;2;157;199;233mO[38;2;20;36;47m.[38;2;4;28;38m [38;2;1;27;32m [38;2;43;90;96m,[38;2;43;91;93m,[38;2;0;6;16m [38;2;10;36;41m [38;2;4;34;44m [38;2;6;37;47m.[38;2;5;34;45m [38;2;3;34;43m [38;2;2;33;44m [38;2;5;34;43m [38;2;7;34;49m [38;2;7;36;51m.[38;2;5;18;20m [38;2;12;34;46m [38;2;7;34;48m [38;2;13;36;41m.[38;2;14;34;54m.[38;2;13;36;50m.[38;2;10;26;39m [38;2;45;65;149m'[38;2;153;214;254m0[38;2;4;11;38m [38;2;2;17;74m [38;2;131;171;224mx[38;2;77;92;117m;[38;2;9;30;87m.[38;2;8;42;98m.[38;2;11;38;105m.[38;2;14;44;101m.[38;2;7;31;70m [38;2;25;43;103m.[38;2;140;152;172md[38;2;5;23;40m [38;2;12;35;57m.[38;2;13;35;54m.[38;2;20;39;47m.[38;2;6;23;26m [38;2;10;38;44m.[38;2;10;33;40m [38;2;8;37;40m [38;2;20;41;41m.[38;2;0;8;13m [38;2;144;170;186mx[38;2;6;16;23m [38;2;14;33;37m [38;2;69;83;111m,[38;2;61;87;102m,[38;2;9;22;25m [38;2;16;50;63m.[38;2;5;15;18m [38;2;0;1;0m [38;2;96;120;135mc[38;2;49;58;60m.[38;2;8;19;19m [38;2;13;58;67m.[38;2;10;47;52m.[38;2;3;18;16m [38;2;15;40;43m.[38;2;32;55;54m.[38;2;32;48;52m.[38;2;9;31;29m [38;2;5;20;22m [38;2;81;102;99m;[38;2;22;47;49m.[38;2;25;55;58m.[0m
[0m[38;2;20;53;51m.[38;2;11;47;57m.[38;2;9;35;32m [38;2;3;17;22m [38;2;9;36;47m.[38;2;66;122;130m:[38;2;51;107;121m;[38;2;1;11;13m [38;2;1;6;7m [38;2;5;18;23m [38;2;7;13;14m [38;2;53;88;174m;[38;2;125;157;185md[38;2;23;30;28m [38;2;0;4;2m [38;2;0;5;8m [38;2;0;5;5m [38;2;6;26;43m [38;2;6;26;44m [38;2;2;10;21m [38;2;18;25;29m [38;2;48;52;54m.[38;2;48;51;56m.[38;2;47;52;53m.[38;2;49;53;56m.[38;2;53;52;57m.[38;2;57;58;64m.[38;2;55;62;67m.[38;2;49;49;60m.[38;2;47;54;59m.[38;2;49;59;63m.[38;2;5;10;25m [38;2;2;3;6m [38;2;0;0;0m [38;2;43;60;130m.[38;2;185;230;250mX[38;2;1;3;7m [38;2;37;62;130m.[38;2;188;210;224mK[38;2;43;57;71m.[38;2;73;83;91m,[38;2;76;82;104m,[38;2;83;96;105m;[38;2;80;85;90m,[38;2;59;61;76m.[38;2;55;51;83m.[38;2;152;165;138mx[38;2;102;102;61m;[38;2;102;102;61m;[38;2;102;85;51m,[38;2;93;67;42m'[38;2;65;54;35m.[38;2;52;51;31m.[38;2;52;50;32m.[38;2;20;11;10m [38;2;0;2;0m [38;2;0;0;5m [38;2;132;175;197mx[38;2;26;30;29m [38;2;27;30;34m.[38;2;131;156;181md[38;2;51;59;60m.[38;2;55;58;58m.[38;2;26;35;34m.[38;2;0;1;2m [38;2;42;53;64m.[38;2;97;125;141mc[38;2;0;1;0m [38;2;7;23;24m [38;2;11;55;68m.[38;2;15;44;50m.[38;2;8;20;20m [38;2;15;39;43m.[38;2;8;33;40m [38;2;8;31;37m [38;2;12;49;52m.[38;2;5;36;41m [38;2;83;142;152ml[38;2;19;50;62m.[38;2;21;49;61m.[0m
[0m[38;2;20;51;52m.[38;2;9;48;57m.[38;2;5;40;35m.[38;2;5;16;17m [38;2;10;35;54m.[38;2;67;126;135m:[38;2;45;101;118m,[38;2;3;14;18m [38;2;1;7;12m [38;2;18;48;54m.[38;2;4;25;33m [38;2;8;25;39m [38;2;54;91;150m,[38;2;136;168;207mx[38;2;64;68;73m'[38;2;0;2;4m [38;2;0;5;4m [38;2;14;56;106m.[38;2;14;56;103m.[38;2;5;19;29m [38;2;86;115;139m:[38;2;153;195;225mO[38;2;149;193;201mO[38;2;145;193;208mO[38;2;147;195;208mO[38;2;142;185;204mk[38;2;139;178;195mk[38;2;126;153;176md[38;2;110;129;146ml[38;2;99;132;140ml[38;2;108;150;164mo[38;2;110;133;158ml[38;2;87;104;130m:[38;2;42;72;117m'[38;2;44;82;163m,[38;2;82;132;181ml[38;2;35;58;117m.[38;2;94;126;188ml[38;2;69;73;76m'[38;2;83;119;123m:[38;2;115;133;140ml[38;2;155;158;151md[38;2;150;148;118md[38;2;192;188;133mO[38;2;205;186;112mO[38;2;229;191;91mO[38;2;211;176;71mk[38;2;242;217;94mK[38;2;250;229;95mX[38;2;248;226;104mX[38;2;243;211;91mK[38;2;245;224;112mX[38;2;255;254;121mW[38;2;255;248;114mN[38;2;224;212;102m0[38;2;128;128;72mc[38;2;43;34;24m.[38;2;121;134;123ml[38;2;95;101;101m:[38;2;61;66;77m'[38;2;126;173;210mx[38;2;55;61;63m.[38;2;48;59;59m.[38;2;55;72;71m'[38;2;97;111;125m:[38;2;114;157;181md[38;2;7;10;10m [38;2;1;7;0m [38;2;13;24;27m [38;2;13;57;66m.[38;2;13;44;54m.[38;2;7;18;19m [38;2;15;54;62m.[38;2;16;53;61m.[38;2;0;1;0m [38;2;16;48;48m.[38;2;6;35;43m [38;2;88;140;143ml[38;2;9;33;44m [38;2;15;43;48m.[0m
[0m[38;2;21;51;53m.[38;2;8;47;59m.[38;2;7;38;36m [38;2;10;22;24m [38;2;7;33;41m [38;2;68;130;147mc[38;2;46;95;107m,[38;2;4;19;20m [38;2;1;15;21m [38;2;5;23;29m [38;2;5;41;61m.[38;2;3;29;39m [38;2;5;5;10m [38;2;27;63;125m.[38;2;131;169;239mx[38;2;120;135;150ml[38;2;32;37;57m.[38;2;5;44;114m.[38;2;15;52;146m.[38;2;7;36;109m.[38;2;7;22;99m [38;2;18;56;170m.[38;2;11;40;142m.[38;2;13;35;147m.[38;2;13;40;146m.[38;2;11;37;151m.[38;2;12;38;142m.[38;2;11;45;126m.[38;2;21;49;101m.[38;2;13;39;75m.[38;2;17;43;65m.[38;2;12;39;54m.[38;2;3;19;32m [38;2;1;0;0m [38;2;45;80;148m,[38;2;150;154;169md[38;2;90;94;137m;[38;2;55;76;143m,[38;2;52;74;131m'[38;2;44;47;46m.[38;2;121;117;103mc[38;2;187;155;75md[38;2;211;168;62mk[38;2;203;160;71mx[38;2;185;127;45mo[38;2;144;88;23m;[38;2;165;122;64ml[38;2;170;143;69mo[38;2;203;125;33mo[38;2;172;99;24mc[38;2;180;107;24mc[38;2;129;63;17m,[38;2;234;173;68mk[38;2;244;209;79mK[38;2;255;244;98mN[38;2;255;241;93mN[38;2;247;226;100mX[38;2;233;191;80mO[38;2;195;150;83md[38;2;165;143;81mo[38;2;179;167;114mx[38;2;112;105;68m:[38;2;93;85;76m,[38;2;102;106;150m:[38;2;57;87;182m;[38;2;94;125;147mc[38;2;2;2;4m [38;2;0;8;3m [38;2;7;24;24m [38;2;11;57;61m.[38;2;8;43;50m.[38;2;12;23;23m [38;2;10;53;63m.[38;2;18;52;56m.[38;2;0;0;0m [38;2;16;48;50m.[38;2;33;69;76m.[38;2;50;91;104m,[38;2;7;41;44m.[38;2;8;45;48m.[0m
[0m[38;2;22;51;53m.[38;2;10;48;57m.[38;2;11;41;46m.[38;2;7;19;19m [38;2;6;33;52m [38;2;80;148;162ml[38;2;41;89;85m'[38;2;0;12;19m [38;2;10;44;61m.[38;2;11;42;62m.[38;2;6;45;74m.[38;2;8;32;52m [38;2;7;11;23m [38;2;3;8;26m [38;2;13;31;73m.[38;2;51;96;192m;[38;2;135;178;244mk[38;2;112;152;201md[38;2;72;106;195m:[38;2;29;70;221m'[38;2;16;105;242m;[38;2;5;141;250mc[38;2;3;149;253mc[38;2;22;158;255ml[38;2;35;172;255mo[38;2;48;159;253mo[38;2;16;136;251mc[38;2;30;105;233m;[38;2;18;67;175m'[38;2;13;49;105m.[38;2;18;45;82m.[38;2;31;63;95m.[38;2;31;50;76m.[38;2;37;59;93m.[38;2;56;105;157m;[38;2;156;169;171mx[38;2;51;71;68m'[38;2;13;38;44m.[38;2;95;126;211ml[38;2;26;44;73m.[38;2;12;33;36m [38;2;42;75;77m'[38;2;67;97;95m;[38;2;35;43;45m.[38;2;77;77;70m,[38;2;177;164;104mx[38;2;233;173;87mO[38;2;223;150;40mx[38;2;192;131;38mo[38;2;210;136;31md[38;2;205;135;38md[38;2;188;123;31ml[38;2;150;91;20m:[38;2;198;120;28ml[38;2;237;192;75m0[38;2;255;245;97mN[38;2;255;236;87mX[38;2;255;238;91mN[38;2;254;231;98mX[38;2;238;200;93m0[38;2;240;198;97m0[38;2;241;208;99mK[38;2;255;250;122mN[38;2;255;251;142mW[38;2;212;192;116mO[38;2;129;131;104ml[38;2;52;52;34m.[38;2;10;4;2m [38;2;13;25;26m [38;2;15;50;61m.[38;2;6;37;41m [38;2;10;30;27m [38;2;9;52;60m.[38;2;21;48;58m.[38;2;0;2;0m [38;2;7;43;49m.[38;2;72;118;131m:[38;2;16;43;48m.[38;2;11;47;53m.[38;2;14;49;56m.[0m
[0m[38;2;20;43;50m.[38;2;27;71;90m.[38;2;53;102;96m,[38;2;5;17;17m [38;2;5;35;48m [38;2;79;145;155ml[38;2;36;89;93m'[38;2;10;21;24m [38;2;43;89;102m,[38;2;40;82;100m'[38;2;47;85;109m,[38;2;48;110;129m;[38;2;38;81;119m'[38;2;25;59;124m.[38;2;27;71;180m'[38;2;16;78;223m,[38;2;5;151;253mc[38;2;117;226;255m0[38;2;118;243;255mK[38;2;94;223;255mO[38;2;76;231;255mO[38;2;91;249;255m0[38;2;96;250;255mK[38;2;121;254;255mK[38;2;156;255;255mX[38;2;183;255;255mN[38;2;119;244;255mK[38;2;101;186;255mk[38;2;116;157;231md[38;2;117;143;194mo[38;2;128;142;178mo[38;2;110;144;174mo[38;2;59;108;151m;[38;2;41;78;104m'[38;2;70;123;187mc[38;2;132;142;146mo[38;2;1;20;19m [38;2;4;32;37m [38;2;77;94;141m;[38;2;55;82;132m,[38;2;49;86;88m'[38;2;59;110;98m;[38;2;62;112;116m;[38;2;117;120;84mc[38;2;158;126;63ml[38;2;150;118;46mc[38;2;161;115;46mc[38;2;117;96;46m;[38;2;57;66;52m.[38;2;67;97;108m;[38;2;89;97;71m;[38;2;143;112;56mc[38;2;175;129;58mo[38;2;148;100;26m:[38;2;177;102;23mc[38;2;234;180;65mO[38;2;233;187;56mO[38;2;255;246;92mN[38;2;255;235;94mX[38;2;255;234;91mX[38;2;255;240;104mN[38;2;245;213;91mK[38;2;244;198;76m0[38;2;255;240;95mN[38;2;255;238;86mX[38;2;255;232;87mX[38;2;243;203;87m0[38;2;221;205;88m0[38;2;146;139;70mo[38;2;50;53;48m.[38;2;16;23;32m [38;2;14;30;31m [38;2;14;48;51m.[38;2;18;46;48m.[38;2;0;4;1m [38;2;24;61;60m.[38;2;60;101;108m;[38;2;8;27;33m [38;2;17;47;53m.[38;2;15;49;54m.[0m
[0m[38;2;40;66;82m.[38;2;79;163;175mo[38;2;19;49;42m.[38;2;5;21;24m [38;2;4;35;50m [38;2;83;149;163ml[38;2;36;86;87m'[38;2;24;43;64m.[38;2;80;173;195md[38;2;69;143;180ml[38;2;64;138;168mc[38;2;60;153;174ml[38;2;66;156;186ml[38;2;13;58;131m.[38;2;16;65;214m'[38;2;4;93;255m,[38;2;0;229;255mx[38;2;195;255;255mN[38;2;157;255;255mX[38;2;161;255;255mN[38;2;117;255;255mK[38;2;103;252;255mK[38;2;95;248;255mK[38;2;86;249;255m0[38;2;107;251;255mK[38;2;120;248;255mK[38;2;52;223;255mk[38;2;25;139;255mc[38;2;9;67;239m'[38;2;7;47;147m.[38;2;17;56;111m.[38;2;70;154;179ml[38;2;66;142;149mc[38;2;42;95;96m,[38;2;93;142;197mo[38;2;128;129;131ml[38;2;5;25;32m [38;2;9;42;51m.[38;2;63;87;105m,[38;2;58;110;156m:[38;2;0;5;2m [38;2;40;80;77m'[38;2;55;100;107m;[38;2;50;100;88m,[38;2;0;11;19m [38;2;70;106;155m:[38;2;127;131;132ml[38;2;3;24;26m [38;2;84;116;102m:[38;2;160;127;60ml[38;2;228;166;57mk[38;2;190;117;24ml[38;2;150;104;29m:[38;2;113;86;30m;[38;2;95;67;27m'[38;2;60;33;21m.[38;2;238;199;77m0[38;2;255;250;88mN[38;2;255;236;87mX[38;2;255;236;84mX[38;2;255;231;88mX[38;2;255;234;88mX[38;2;255;237;94mX[38;2;253;209;70mK[38;2;254;229;86mX[38;2;255;230;81mX[38;2;255;231;81mX[38;2;255;232;82mX[38;2;255;239;85mN[38;2;255;228;81mX[38;2;198;183;103mk[38;2;32;20;19m [38;2;2;36;42m [38;2;21;50;57m.[38;2;0;1;1m [38;2;76;135;127mc[38;2;16;41;53m.[38;2;14;45;51m.[38;2;23;40;46m.[38;2;15;46;52m.[0m
[0m[38;2;86;147;145ml[38;2;23;70;79m.[38;2;4;18;16m [38;2;7;21;27m [38;2;4;34;53m [38;2;80;148;169ml[38;2;41;88;89m'[38;2;25;41;60m.[38;2;78;162;181mo[38;2;64;133;175mc[38;2;61;138;167mc[38;2;54;142;169mc[38;2;64;146;174ml[38;2;57;135;192mc[38;2;17;70;215m'[38;2;10;100;255m;[38;2;1;228;255mx[38;2;167;255;255mN[38;2;132;255;255mX[38;2;136;255;255mX[38;2;135;255;255mX[38;2;140;255;255mX[38;2;167;255;255mN[38;2;178;255;255mN[38;2;166;255;255mN[38;2;188;255;255mN[38;2;79;249;255m0[38;2;10;170;255ml[38;2;8;83;243m,[38;2;4;71;169m.[38;2;6;55;112m.[38;2;30;75;113m'[38;2;66;117;126m:[38;2;36;68;72m.[38;2;112;155;195md[38;2;128;129;129ml[38;2;7;15;16m [38;2;5;30;31m [38;2;56;82;110m,[38;2;70;115;165m:[38;2;6;20;26m [38;2;25;59;59m.[38;2;48;78;81m'[38;2;26;53;47m.[38;2;10;21;25m [38;2;81;116;182mc[38;2;129;131;129ml[38;2;22;37;40m.[38;2;63;69;48m'[38;2;120;89;30m;[38;2;110;81;41m,[38;2;41;28;13m.[38;2;114;120;112mc[38;2;21;38;46m.[38;2;37;38;31m.[38;2;81;43;23m.[38;2;255;243;94mN[38;2;255;238;81mX[38;2;255;235;84mX[38;2;255;234;86mX[38;2;255;234;86mX[38;2;255;234;84mX[38;2;255;232;82mX[38;2;255;234;87mX[38;2;249;189;61m0[38;2;255;227;80mX[38;2;255;228;81mX[38;2;255;232;82mX[38;2;255;229;82mX[38;2;255;230;83mX[38;2;255;245;89mN[38;2;196;169;89mk[38;2;22;22;20m [38;2;7;44;57m.[38;2;22;33;30m.[38;2;53;99;93m,[38;2;9;43;46m.[38;2;20;47;56m.[38;2;22;42;51m.[38;2;18;42;42m.[0m
[0m[38;2;35;71;64m.[38;2;8;44;57m.[38;2;6;25;25m [38;2;8;17;25m [38;2;4;35;51m [38;2;75;150;174ml[38;2;31;75;63m.[38;2;26;39;57m.[38;2;76;162;167mo[38;2;59;135;165mc[38;2;59;140;171mc[38;2;60;135;173mc[38;2;62;138;173mc[38;2;55;136;191mc[38;2;59;124;224mc[38;2;18;88;253m,[38;2;6;189;255mo[38;2;157;255;255mX[38;2;126;255;255mX[38;2;127;255;255mX[38;2;130;255;255mX[38;2;130;255;255mX[38;2;121;255;255mX[38;2;121;252;255mK[38;2;126;254;255mX[38;2;119;246;255mK[38;2;42;227;255mk[38;2;4;102;250m;[38;2;13;69;224m'[38;2;16;60;135m.[38;2;23;56;113m.[38;2;24;57;69m.[38;2;29;68;76m.[38;2;10;26;34m [38;2;127;162;193md[38;2;131;134;136mo[38;2;10;15;16m [38;2;69;112;87m;[38;2;64;98;130m;[38;2;71;113;166m:[38;2;6;18;26m [38;2;25;65;67m.[38;2;11;56;52m.[38;2;12;51;57m.[38;2;2;18;18m [38;2;90;123;173mc[38;2;128;128;131ml[38;2;8;31;32m [38;2;12;51;61m.[38;2;9;53;63m.[38;2;27;63;62m.[38;2;0;5;2m [38;2;102;132;152ml[38;2;107;101;66m:[38;2;111;86;43m;[38;2;154;101;40m:[38;2;255;247;100mN[38;2;255;235;78mX[38;2;255;233;81mX[38;2;255;234;82mX[38;2;255;235;83mX[38;2;255;233;78mX[38;2;255;231;76mX[38;2;255;232;85mX[38;2;255;225;80mX[38;2;252;211;73mK[38;2;255;231;81mX[38;2;255;230;82mX[38;2;255;229;81mX[38;2;255;230;82mX[38;2;255;230;82mX[38;2;255;243;90mN[38;2;206;189;92mO[38;2;45;38;24m.[38;2;14;28;25m [38;2;13;43;46m.[38;2;11;40;52m.[38;2;14;39;42m.[38;2;20;43;56m.[38;2;10;32;34m [0m
[0m[38;2;20;48;49m.[38;2;7;51;60m.[38;2;5;29;22m [38;2;8;15;22m [38;2;5;33;48m [38;2;75;143;166ml[38;2;32;67;57m.[38;2;17;31;43m [38;2;53;117;130m:[38;2;43;93;107m,[38;2;41;94;118m,[38;2;47;95;118m,[38;2;51;97;126m,[38;2;54;118;154m:[38;2;36;86;163m,[38;2;38;89;208m;[38;2;35;121;251mc[38;2;22;127;237m:[38;2;19;166;255ml[38;2;6;165;255ml[38;2;6;171;255ml[38;2;9;164;254ml[38;2;3;161;254ml[38;2;8;152;253mc[38;2;16;135;250mc[38;2;14;112;242m;[38;2;35;133;238mc[38;2;3;29;167m.[38;2;10;66;160m.[38;2;3;60;113m.[38;2;11;46;84m.[38;2;9;46;71m.[38;2;6;46;63m.[38;2;0;18;26m [38;2;132;162;198mx[38;2;123;128;128ml[38;2;0;2;1m [38;2;82;136;118mc[38;2;67;115;161m:[38;2;70;100;128m;[38;2;51;51;52m.[38;2;62;71;66m'[38;2;64;71;59m'[38;2;54;75;55m'[38;2;49;38;32m.[38;2;90;106;145m:[38;2;112;115;118mc[38;2;4;15;24m [38;2;3;19;26m [38;2;2;11;14m [38;2;4;6;9m [38;2;0;1;1m [38;2;63;82;112m,[38;2;96;85;65m,[38;2;143;135;77ml[38;2;250;239;90mX[38;2;255;233;83mX[38;2;255;233;83mX[38;2;255;233;83mX[38;2;255;233;80mX[38;2;255;233;75mX[38;2;255;232;78mX[38;2;255;233;81mX[38;2;255;230;80mX[38;2;255;231;82mX[38;2;255;231;82mX[38;2;255;231;80mX[38;2;255;228;81mX[38;2;255;227;81mX[38;2;255;228;81mX[38;2;255;228;81mX[38;2;255;229;82mX[38;2;255;247;90mN[38;2;209;180;85mk[38;2;0;13;17m [38;2;13;44;48m.[38;2;12;39;45m.[38;2;12;31;36m [38;2;21;42;46m.[38;2;45;79;87m'[0m
[0m[38;2;18;41;41m.[38;2;8;39;48m.[38;2;3;34;30m [38;2;4;35;45m [38;2;5;28;45m [38;2;70;137;157mc[38;2;43;88;79m'[38;2;1;4;7m [38;2;8;34;52m [38;2;4;34;53m [38;2;8;49;64m.[38;2;23;54;87m.[38;2;23;63;88m.[38;2;26;72;105m.[38;2;24;64;108m.[38;2;34;86;148m,[38;2;77;169;226md[38;2;6;15;116m [38;2;16;73;192m'[38;2;12;67;195m'[38;2;2;74;195m'[38;2;11;66;194m'[38;2;10;65;190m.[38;2;8;72;173m'[38;2;3;63;163m.[38;2;10;58;146m.[38;2;12;63;149m.[38;2;18;49;95m.[38;2;13;52;108m.[38;2;9;50;91m.[38;2;8;47;85m.[38;2;10;47;69m.[38;2;8;49;64m.[38;2;0;22;38m [38;2;127;155;191md[38;2;119;130;131ml[38;2;0;2;0m [38;2;40;73;72m.[38;2;139;145;123mo[38;2;225;201;87m0[38;2;254;224;114mX[38;2;224;169;83mk[38;2;255;249;122mN[38;2;255;248;109mN[38;2;253;229;98mX[38;2;210;201;93mO[38;2;200;175;101mk[38;2;154;152;82mo[38;2;154;152;81mo[38;2;153;150;80mo[38;2;156;152;81md[38;2;170;156;85md[38;2;204;192;87mO[38;2;244;226;97mX[38;2;255;241;100mN[38;2;255;236;86mX[38;2;255;232;83mX[38;2;255;235;86mX[38;2;255;233;85mX[38;2;255;232;78mX[38;2;255;232;78mX[38;2;255;233;81mX[38;2;255;230;79mX[38;2;255;230;81mX[38;2;255;231;81mX[38;2;255;229;80mX[38;2;255;231;80mX[38;2;255;229;81mX[38;2;255;229;83mX[38;2;255;234;84mX[38;2;255;232;85mX[38;2;255;234;85mX[38;2;255;241;87mN[38;2;255;252;117mW[38;2;117;85;43m;[38;2;7;30;39m [38;2;42;83;97m'[38;2;63;102;108m;[38;2;68;114;118m:[38;2;56;92;105m,[0m
[0m[38;2;21;47;53m.[38;2;10;47;65m.[38;2;7;46;51m.[38;2;2;45;54m.[38;2;4;25;40m [38;2;67;118;153m:[38;2;51;95;99m,[38;2;1;9;16m [38;2;6;48;64m.[38;2;3;44;63m.[38;2;5;45;65m.[38;2;2;44;69m.[38;2;5;46;66m.[38;2;6;45;70m.[38;2;9;46;75m.[38;2;5;36;69m.[38;2;44;101;145m;[38;2;3;13;41m [38;2;7;51;103m.[38;2;12;50;109m.[38;2;10;57;102m.[38;2;9;52;108m.[38;2;10;50;108m.[38;2;7;53;99m.[38;2;5;53;97m.[38;2;8;51;98m.[38;2;10;49;84m.[38;2;45;71;88m'[38;2;13;49;69m.[38;2;9;37;59m.[38;2;4;33;41m [38;2;6;26;37m [38;2;2;22;22m [38;2;0;7;9m [38;2;108;156;187mo[38;2;128;132;130ml[38;2;3;11;12m [38;2;16;34;62m.[38;2;122;128;109ml[38;2;169;132;41ml[38;2;184;153;81md[38;2;161;115;40mc[38;2;216;178;72mk[38;2;217;191;89mO[38;2;176;140;56mo[38;2;231;195;91m0[38;2;255;245;133mN[38;2;255;237;110mN[38;2;255;240;113mN[38;2;255;237;117mN[38;2;255;238;109mN[38;2;255;239;101mN[38;2;255;235;101mX[38;2;255;233;93mX[38;2;255;234;85mX[38;2;255;232;86mX[38;2;255;232;83mX[38;2;255;229;83mX[38;2;255;230;84mX[38;2;255;230;83mX[38;2;255;231;78mX[38;2;255;230;82mX[38;2;255;227;79mX[38;2;255;230;82mX[38;2;255;233;81mX[38;2;255;227;81mX[38;2;255;229;81mX[38;2;255;230;82mX[38;2;255;235;89mX[38;2;255;237;90mX[38;2;255;237;90mX[38;2;255;237;90mX[38;2;255;235;88mX[38;2;255;242;98mN[38;2;255;243;118mN[38;2;122;110;67m:[38;2;26;57;72m.[38;2;11;39;48m.[38;2;4;38;49m.[38;2;12;41;47m.[0m
[0m[38;2;19;49;50m.[38;2;4;47;58m.[38;2;6;44;57m.[38;2;4;43;54m.[38;2;5;28;44m [38;2;61;111;151m:[38;2;52;111;110m;[38;2;0;4;13m [38;2;7;44;65m.[38;2;5;44;58m.[38;2;6;45;57m.[38;2;5;45;58m.[38;2;4;46;61m.[38;2;3;46;61m.[38;2;6;46;63m.[38;2;4;44;65m.[38;2;6;40;63m.[38;2;5;21;39m [38;2;6;55;76m.[38;2;6;48;75m.[38;2;8;44;67m.[38;2;5;40;63m.[38;2;2;36;55m [38;2;5;31;44m [38;2;3;28;42m [38;2;2;24;31m [38;2;3;17;27m [38;2;9;21;35m [38;2;8;26;31m [38;2;0;6;12m [38;2;13;30;31m [38;2;6;29;36m [38;2;2;18;19m [38;2;0;0;0m [38;2;90;143;183ml[38;2;130;141;137mo[38;2;2;12;16m [38;2;53;84;127m,[38;2;86;147;224mo[38;2;4;14;17m [38;2;25;52;66m.[38;2;21;37;29m.[38;2;82;67;39m'[38;2;120;97;72m:[38;2;107;89;70m;[38;2;185;149;106md[38;2;197;164;178mk[38;2;217;211;218mK[38;2;224;213;209mX[38;2;234;215;191mX[38;2;214;188;144mO[38;2;255;229;164mN[38;2;255;237;135mN[38;2;254;234;104mX[38;2;255;235;103mN[38;2;255;231;93mX[38;2;255;230;88mX[38;2;255;233;85mX[38;2;255;229;81mX[38;2;255;231;82mX[38;2;255;229;82mX[38;2;255;228;84mX[38;2;255;227;83mX[38;2;255;228;85mX[38;2;255;229;82mX[38;2;255;227;82mX[38;2;255;229;88mX[38;2;255;233;90mX[38;2;255;235;95mX[38;2;255;235;95mX[38;2;255;235;94mX[38;2;255;231;96mX[38;2;255;237;90mX[38;2;249;231;90mX[38;2;208;180;84mk[38;2;168;173;130mx[38;2;93;124;134mc[38;2;82;111;126m:[38;2;53;77;87m'[38;2;7;26;32m [0m
[0m[38;2;20;48;55m.[38;2;4;47;55m.[38;2;3;41;54m.[38;2;2;41;50m.[38;2;1;27;42m [38;2;64;111;158m:[38;2;56;125;112m:[38;2;0;13;18m [38;2;7;45;62m.[38;2;4;46;56m.[38;2;2;49;50m.[38;2;9;47;53m.[38;2;6;42;52m.[38;2;4;38;47m [38;2;4;37;41m [38;2;3;30;33m [38;2;5;25;39m [38;2;2;12;14m [38;2;2;19;22m [38;2;2;14;16m [38;2;27;31;35m.[38;2;51;51;53m.[38;2;51;52;52m.[38;2;51;52;51m.[38;2;51;52;56m.[38;2;51;53;53m.[38;2;46;45;46m.[38;2;51;69;89m'[38;2;34;65;72m.[38;2;37;28;37m.[38;2;15;29;29m [38;2;12;31;42m [38;2;4;16;18m [38;2;0;0;0m [38;2;57;98;149m;[38;2;173;199;205m0[38;2;0;2;0m [38;2;73;118;172mc[38;2;70;104;163m:[38;2;6;19;20m [38;2;4;34;53m [38;2;9;27;46m [38;2;25;45;65m.[38;2;39;64;102m.[38;2;11;41;159m.[38;2;124;190;238mk[38;2;103;221;255mO[38;2;98;237;255m0[38;2;113;228;255m0[38;2;143;217;255m0[38;2;79;158;229mo[38;2;172;199;249m0[38;2;191;166;162mk[38;2;191;150;101md[38;2;207;168;88mk[38;2;219;183;81mO[38;2;238;212;86mK[38;2;255;239;96mN[38;2;255;238;95mN[38;2;255;235;92mX[38;2;255;228;83mX[38;2;255;225;80mX[38;2;255;226;91mX[38;2;255;227;83mX[38;2;255;227;83mX[38;2;255;226;80mX[38;2;255;228;87mX[38;2;255;233;90mX[38;2;255;233;94mX[38;2;255;231;94mX[38;2;255;238;91mN[38;2;242;228;97mX[38;2;178;156;74md[38;2;127;127;117ml[38;2;114;149;152mo[38;2;107;151;177mo[38;2;114;164;172md[38;2;92;136;138ml[38;2;143;170;177mx[38;2;171;186;188mO[0m
[0m[38;2;22;52;61m.[38;2;5;46;59m.[38;2;2;40;53m.[38;2;4;37;60m.[38;2;3;30;36m [38;2;52;92;142m,[38;2;55;127;121m:[38;2;0;12;13m [38;2;2;25;31m [38;2;3;24;24m [38;2;0;18;17m [38;2;2;13;9m [38;2;0;7;3m [38;2;0;3;0m [38;2;0;6;0m [38;2;0;6;0m [38;2;2;24;44m [38;2;4;29;44m [38;2;6;32;47m [38;2;0;5;6m [38;2;148;164;187mx[38;2;175;222;233mK[38;2;183;223;229mK[38;2;187;224;230mK[38;2;180;225;229mK[38;2;191;225;227mX[38;2;165;198;211mO[38;2;134;144;158mo[38;2;140;186;188mk[38;2;137;149;158md[38;2;92;115;133mc[38;2;125;148;161mo[38;2;102;106;109m:[38;2;16;19;18m [38;2;24;41;63m.[38;2;223;252;253mW[38;2;8;11;12m [38;2;87;140;204ml[38;2;109;117;130mc[38;2;3;23;27m [38;2;9;37;62m.[38;2;10;36;70m.[38;2;73;141;178ml[38;2;76;153;206mo[38;2;26;70;229m'[38;2;105;232;255m0[38;2;102;255;255mK[38;2;102;255;255mK[38;2;116;255;255mK[38;2;132;255;255mX[38;2;131;255;255mX[38;2;75;243;255m0[38;2;78;171;252md[38;2;116;111;167mc[38;2;162;146;98md[38;2;177;140;68mo[38;2;178;118;32ml[38;2;185;130;45mo[38;2;191;146;52md[38;2;203;165;68mx[38;2;215;178;66mk[38;2;229;188;63mO[38;2;233;201;68m0[38;2;239;204;74m0[38;2;249;216;76mK[38;2;252;220;77mK[38;2;253;221;73mK[38;2;253;219;86mK[38;2;249;216;92mK[38;2;252;226;110mX[38;2;195;172;67mx[38;2;123;135;93ml[38;2;101;142;142ml[38;2;108;143;158mo[38;2;107;144;162mo[38;2;82;110;127m:[38;2;125;152;156mo[38;2;194;212;211mK[38;2;237;253;254mW[38;2;225;250;254mW[0m
[0m[38;2;12;29;30m [38;2;7;23;33m [38;2;12;22;22m [38;2;2;13;30m [38;2;11;36;48m.[38;2;46;77;126m'[38;2;63;145;138mc[38;2;0;11;3m [38;2;0;8;5m [38;2;13;23;23m [38;2;7;17;21m [38;2;12;28;24m [38;2;0;9;0m [38;2;3;9;0m [38;2;0;11;3m [38;2;5;6;0m [38;2;11;31;48m [38;2;13;43;66m.[38;2;10;55;74m.[38;2;5;15;28m [38;2;13;28;48m [38;2;20;52;87m.[38;2;18;47;110m.[38;2;20;49;102m.[38;2;19;59;118m.[38;2;31;73;139m'[38;2;26;49;128m.[38;2;24;52;93m.[38;2;29;52;73m.[38;2;23;43;47m.[38;2;8;19;36m [38;2;40;93;137m,[38;2;121;156;199md[38;2;176;192;201mO[38;2;15;24;27m [38;2;191;230;247mX[38;2;66;86;82m,[38;2;129;174;226mx[38;2;102;132;134ml[38;2;30;55;64m.[38;2;12;48;54m.[38;2;8;43;79m.[38;2;23;62;93m.[38;2;75;146;188ml[38;2;46;89;225m;[38;2;110;223;255m0[38;2;142;255;255mX[38;2;90;255;255mK[38;2;100;255;255mK[38;2;96;255;255mK[38;2;97;241;255m0[38;2;35;187;255md[38;2;74;183;255mx[38;2;8;21;160m.[38;2;28;44;106m.[38;2;97;93;77m;[38;2;176;134;58mo[38;2;158;119;38mc[38;2;167;120;46ml[38;2;153;115;41mc[38;2;161;112;41mc[38;2;157;101;29m:[38;2;156;98;23m:[38;2;161;105;34mc[38;2;166;103;31mc[38;2;175;125;42ml[38;2;186;123;34ml[38;2;181;111;33ml[38;2;198;124;33mo[38;2;125;76;13m,[38;2;20;19;24m [38;2;81;127;142mc[38;2;106;150;157mo[38;2;113;147;160mo[38;2;97;127;145mc[38;2;116;134;141ml[38;2;251;255;255mM[38;2;232;253;253mW[38;2;231;252;253mW[38;2;230;251;254mW[0m
