[0m[38;2;21;47;44m.[38;2;8;43;53m.[38;2;8;38;35m [38;2;1;14;6m [38;2;5;36;47m [38;2;2;25;39m [38;2;79;142;139ml[38;2;16;35;34m.[38;2;4;4;0m [38;2;0;12;0m [38;2;4;10;6m [38;2;7;17;14m [38;2;6;23;20m [38;2;2;12;21m [38;2;112;164;188md[38;2;105;112;129mc[38;2;0;9;6m [38;2;12;42;49m.[38;2;8;46;67m.[38;2;10;44;62m.[38;2;8;45;62m.[38;2;11;45;64m.[38;2;8;46;72m.[38;2;11;47;74m.[38;2;4;45;78m.[38;2;6;35;68m.[38;2;77;155;184mo[38;2;16;27;36m [38;2;38;72;106m'[38;2;46;100;141m;[38;2;47;89;122m,[38;2;21;50;88m.[38;2;9;44;77m.[38;2;9;47;81m.[38;2;9;33;74m.[38;2;65;118;147m:[38;2;47;61;75m.[38;2;67;155;183ml[38;2;48;100;143m;[38;2;12;32;75m.[38;2;2;39;60m.[38;2;25;47;119m.[38;2;136;158;179md[38;2;12;35;62m.[38;2;2;16;46m [38;2;16;36;102m.[38;2;184;237;255mX[38;2;43;85;112m,[38;2;51;97;136m;[38;2;36;68;96m.[38;2;9;26;39m [38;2;15;35;85m.[38;2;9;34;48m [38;2;8;40;66m.[38;2;5;43;83m.[38;2;7;36;62m.[38;2;15;43;78m.[38;2;2;13;25m [38;2;60;91;160m;[38;2;8;37;62m.[38;2;6;25;55m [38;2;9;35;68m.[38;2;11;33;64m.[38;2;10;45;88m.[38;2;9;38;70m.[38;2;13;44;72m.[38;2;1;32;50m [38;2;10;42;55m.[38;2;7;45;53m.[38;2;11;48;59m.[38;2;9;28;38m [38;2;13;42;53m.[38;2;17;37;42m.[38;2;1;7;5m [38;2;5;31;30m [38;2;11;36;42m [38;2;8;39;44m.[38;2;3;38;33m [38;2;11;43;41m.[38;2;7;46;39m.[0m
[0m[38;2;20;46;43m.[38;2;12;41;45m.[38;2;3;29;33m [38;2;0;12;12m [38;2;3;32;39m [38;2;1;24;32m [38;2;75;141;142ml[38;2;11;24;22m [38;2;0;6;4m [38;2;2;8;2m [38;2;0;4;1m [38;2;0;2;0m [38;2;1;3;0m [38;2;19;35;55m.[38;2;192;219;237mK[38;2;14;12;20m [38;2;2;10;15m [38;2;3;16;16m [38;2;4;22;32m [38;2;5;27;41m [38;2;6;28;55m [38;2;6;37;63m.[38;2;9;39;74m.[38;2;6;44;81m.[38;2;10;45;94m.[38;2;6;40;84m.[38;2;35;82;136m'[38;2;21;35;50m.[38;2;9;41;100m.[38;2;7;42;99m.[38;2;11;41;100m.[38;2;15;50;104m.[38;2;20;49;98m.[38;2;20;54;111m.[38;2;23;52;108m.[38;2;44;81;128m,[38;2;33;54;85m.[38;2;64;140;177mc[38;2;76;146;185ml[38;2;16;43;84m.[38;2;0;24;44m [38;2;33;53;141m.[38;2;117;147;167mo[38;2;5;38;63m.[38;2;7;18;47m [38;2;12;38;115m.[38;2;173;230;255mX[38;2;6;12;35m [38;2;63;129;166mc[38;2;74;154;184mo[38;2;35;73;112m'[38;2;32;71;116m'[38;2;7;28;56m [38;2;31;74;99m'[38;2;7;34;67m.[38;2;7;22;52m [38;2;13;36;67m.[38;2;2;16;38m [38;2;83;122;213mc[38;2;9;29;62m [38;2;9;21;63m [38;2;7;32;75m.[38;2;53;73;103m'[38;2;49;63;69m.[38;2;55;75;100m'[38;2;50;66;85m.[38;2;46;64;73m.[38;2;31;53;66m.[38;2;14;43;57m.[38;2;8;42;53m.[38;2;1;20;27m [38;2;15;42;46m.[38;2;13;27;33m [38;2;0;7;3m [38;2;2;29;34m [38;2;7;28;37m [38;2;5;33;38m [38;2;7;29;29m [38;2;9;42;43m.[38;2;3;40;41m.[0m
[0m[38;2;22;46;47m.[38;2;11;42;49m.[38;2;8;31;39m [38;2;1;10;13m [38;2;4;38;40m [38;2;2;25;35m [38;2;82;136;133mc[38;2;2;14;24m [38;2;3;24;25m [38;2;6;24;27m [38;2;2;18;30m [38;2;5;27;34m [38;2;1;1;5m [38;2;134;168;200mx[38;2;101;110;124m:[38;2;4;23;39m [38;2;2;29;64m [38;2;0;2;18m [38;2;3;4;23m [38;2;6;7;27m [38;2;4;7;30m [38;2;3;5;28m [38;2;3;11;44m [38;2;3;17;55m [38;2;6;25;67m [38;2;2;27;84m [38;2;9;39;97m.[38;2;9;19;63m [38;2;14;47;121m.[38;2;11;47;117m.[38;2;15;49;124m.[38;2;12;51;121m.[38;2;21;48;119m.[38;2;13;48;113m.[38;2;8;37;107m.[38;2;62;120;168m:[38;2;29;55;98m.[38;2;27;50;101m.[38;2;44;88;137m,[38;2;38;75;133m'[38;2;14;27;62m [38;2;44;67;153m'[38;2;98;127;142mc[38;2;5;32;63m [38;2;6;15;48m [38;2;4;30;104m.[38;2;186;243;255mN[38;2;0;7;42m [38;2;23;46;96m.[38;2;73;161;186mo[38;2;33;65;90m.[38;2;67;123;168mc[38;2;4;24;65m [38;2;43;88;137m,[38;2;79;149;196mo[38;2;21;41;66m.[38;2;26;43;75m.[38;2;22;50;94m.[38;2;109;151;223md[38;2;6;25;81m [38;2;12;27;134m.[38;2;2;31;124m.[38;2;63;89;190m;[38;2;63;91;163m;[38;2;71;95;139m;[38;2;61;80;120m,[38;2;71;91;109m,[38;2;44;68;101m'[38;2;73;96;124m;[38;2;52;75;104m'[38;2;2;22;28m [38;2;9;21;23m [38;2;4;12;15m [38;2;5;30;41m [38;2;7;48;55m.[38;2;8;26;32m [38;2;14;43;43m.[38;2;7;28;23m [38;2;7;39;54m.[38;2;4;36;43m [0m
[0m[38;2;19;48;51m.[38;2;9;43;55m.[38;2;7;36;35m [38;2;5;14;16m [38;2;6;40;45m.[38;2;5;24;34m [38;2;75;141;149ml[38;2;10;26;40m [38;2;0;5;5m [38;2;8;36;47m [38;2;0;14;27m [38;2;11;27;37m [38;2;72;92;125m;[38;2;197;217;231mK[38;2;3;13;46m [38;2;6;42;91m.[38;2;8;29;85m [38;2;7;35;93m.[38;2;11;40;108m.[38;2;9;23;92m [38;2;7;17;72m [38;2;37;51;91m.[38;2;34;46;97m.[38;2;34;43;89m.[38;2;32;50;97m.[38;2;33;46;105m.[38;2;34;49;89m.[38;2;36;36;99m.[38;2;23;32;97m.[38;2;30;44;106m.[38;2;20;37;95m.[38;2;9;25;100m [38;2;16;28;113m.[38;2;16;36;124m.[38;2;18;39;130m.[38;2;23;65;134m.[38;2;22;36;88m.[38;2;16;50;124m.[38;2;20;51;119m.[38;2;13;49;105m.[38;2;0;10;51m [38;2;68;106;190m:[38;2;83;121;141mc[38;2;39;71;118m'[38;2;45;80;102m'[38;2;8;18;78m [38;2;205;253;255mW[38;2;3;17;42m [38;2;5;23;79m [38;2;51;102;140m;[38;2;41;72;100m'[38;2;39;75;124m'[38;2;38;73;123m'[38;2;8;24;86m [38;2;78;143;187ml[38;2;18;45;63m.[38;2;17;30;83m.[38;2;57;119;197m:[38;2;91;147;211mo[38;2;9;29;186m.[38;2;43;132;244mc[38;2;67;184;255mx[38;2;42;152;250ml[38;2;12;115;241m;[38;2;7;71;230m'[38;2;10;43;153m.[38;2;7;43;94m.[38;2;10;39;82m.[38;2;7;30;56m [38;2;89;107;151m:[38;2;26;33;48m.[38;2;11;19;21m [38;2;7;38;53m.[38;2;7;47;65m.[38;2;6;35;45m [38;2;2;0;3m [38;2;43;62;59m.[38;2;27;53;56m.[38;2;12;39;48m.[38;2;2;37;43m [0m
[0m[38;2;27;43;45m.[38;2;11;42;49m.[38;2;7;28;29m [38;2;3;14;20m [38;2;8;41;53m.[38;2;5;24;39m [38;2;71;137;158mc[38;2;13;33;46m [38;2;7;27;57m [38;2;4;12;31m [38;2;6;21;37m [38;2;16;31;85m.[38;2;203;232;252mX[38;2;50;58;96m.[38;2;4;35;91m.[38;2;10;47;121m.[38;2;5;32;118m.[38;2;8;53;169m.[38;2;22;63;185m'[38;2;6;23;140m.[38;2;59;91;178m;[38;2;136;199;247mO[38;2;136;182;234mk[38;2;133;174;234mk[38;2;128;180;235mk[38;2;126;182;236mk[38;2;122;158;230md[38;2;144;149;233mx[38;2;90;119;211mc[38;2;104;150;228md[38;2;102;128;192ml[38;2;108;130;177ml[38;2;61;79;152m,[38;2;87;93;137m;[38;2;22;28;99m.[38;2;3;14;76m [38;2;0;11;67m [38;2;7;27;98m.[38;2;11;33;95m.[38;2;8;32;82m.[38;2;1;17;82m [38;2;99;151;231mo[38;2;50;80;124m,[38;2;13;33;97m.[38;2;57;114;152m:[38;2;8;16;70m [38;2;215;251;255mW[38;2;12;28;55m [38;2;25;53;113m.[38;2;28;59;102m.[38;2;43;78;115m'[38;2;13;29;81m.[38;2;60;106;155m;[38;2;5;32;85m.[38;2;28;68;119m.[38;2;28;52;94m.[38;2;14;38;103m.[38;2;13;59;148m.[38;2;97;157;235md[38;2;16;83;246m,[38;2;56;181;255md[38;2;116;255;255mK[38;2;94;255;255mK[38;2;135;255;255mX[38;2;8;167;255ml[38;2;5;59;232m.[38;2;11;41;137m.[38;2;5;36;88m.[38;2;10;36;61m.[38;2;36;48;82m.[38;2;67;79;117m,[38;2;9;42;50m.[38;2;9;44;62m.[38;2;9;37;43m.[38;2;31;41;39m.[38;2;31;52;52m.[38;2;19;49;55m.[38;2;8;40;55m.[38;2;8;42;53m.[38;2;9;34;41m [0m
[0m[38;2;25;43;45m.[38;2;10;42;50m.[38;2;9;26;30m [38;2;6;16;25m [38;2;6;41;56m.[38;2;3;27;44m [38;2;80;138;175ml[38;2;5;18;21m [38;2;30;63;99m.[38;2;34;60;86m.[38;2;16;28;58m [38;2;119;147;211md[38;2;116;128;164ml[38;2;18;42;104m.[38;2;22;62;144m.[38;2;29;72;200m'[38;2;7;74;225m'[38;2;14;135;247mc[38;2;8;132;250m:[38;2;1;116;241m;[38;2;4;101;239m;[38;2;13;122;247m:[38;2;11;102;238m;[38;2;7;77;236m'[38;2;6;72;233m'[38;2;6;73;228m'[38;2;6;59;224m.[38;2;12;79;231m,[38;2;5;60;210m.[38;2;8;48;204m.[38;2;8;66;215m'[38;2;15;68;210m'[38;2;26;73;213m'[38;2;106;124;213ml[38;2;165;203;241m0[38;2;89;97;159m:[38;2;3;15;109m [38;2;0;19;107m [38;2;0;14;88m [38;2;0;5;53m [38;2;14;33;116m.[38;2;129;184;254mk[38;2;12;17;46m [38;2;4;9;44m [38;2;14;32;67m.[38;2;18;31;106m.[38;2;209;250;255mW[38;2;1;12;36m [38;2;12;41;98m.[38;2;8;40;100m.[38;2;45;88;148m,[38;2;11;27;62m [38;2;26;58;118m.[38;2;18;57;109m.[38;2;22;55;117m.[38;2;28;49;105m.[38;2;14;38;105m.[38;2;18;43;143m.[38;2;101;143;228mo[38;2;19;101;254m;[38;2;77;196;255mx[38;2;106;255;255mK[38;2;75;255;255m0[38;2;119;255;255mK[38;2;8;187;255mo[38;2;2;68;251m'[38;2;9;42;160m.[38;2;12;48;117m.[38;2;3;25;51m [38;2;33;51;109m.[38;2;66;83;130m,[38;2;8;42;51m.[38;2;12;35;47m.[38;2;33;45;46m.[38;2;34;51;58m.[38;2;5;39;43m.[38;2;7;42;52m.[38;2;5;42;50m.[38;2;6;42;47m.[38;2;7;35;44m [0m
[0m[38;2;25;45;47m.[38;2;9;45;53m.[38;2;8;19;25m [38;2;5;20;23m [38;2;7;38;61m.[38;2;1;24;46m [38;2;86;138;170ml[38;2;1;11;13m [38;2;9;38;75m.[38;2;9;33;60m [38;2;22;43;127m.[38;2;171;195;227m0[38;2;6;11;56m [38;2;52;108;194m:[38;2;54;132;222mc[38;2;65;146;251mo[38;2;3;185;255mo[38;2;148;255;255mX[38;2;109;246;255mK[38;2;99;244;255m0[38;2;96;242;255m0[38;2;82;234;255mO[38;2;77;225;255mO[38;2;70;219;255mk[38;2;46;203;255mx[38;2;26;190;255md[38;2;6;167;255ml[38;2;4;177;255mo[38;2;5;160;255ml[38;2;5;132;254m:[38;2;10;133;255m:[38;2;2;121;252m:[38;2;6;107;252m;[38;2;3;49;220m.[38;2;20;81;240m,[38;2;185;228;255mX[38;2;44;76;211m,[38;2;10;69;208m'[38;2;15;25;144m.[38;2;8;18;107m [38;2;20;51;168m.[38;2;140;208;255m0[38;2;0;8;40m [38;2;14;46;120m.[38;2;8;18;69m [38;2;12;49;156m.[38;2;197;235;255mN[38;2;0;0;9m [38;2;2;11;46m [38;2;2;17;61m [38;2;4;18;65m [38;2;4;17;57m [38;2;6;35;86m.[38;2;7;35;87m.[38;2;6;39;95m.[38;2;14;50;107m.[38;2;5;23;78m [38;2;28;68;147m'[38;2;61;113;210m:[38;2;17;88;239m,[38;2;51;177;255md[38;2;100;235;255m0[38;2;90;255;255mK[38;2;132;255;255mX[38;2;6;172;255ml[38;2;1;43;229m.[38;2;3;16;117m [38;2;5;27;87m [38;2;4;24;48m [38;2;28;56;111m.[38;2;69;92;123m;[38;2;4;13;11m [38;2;22;41;62m.[38;2;12;33;43m [38;2;9;37;50m.[38;2;6;37;43m [38;2;7;44;50m.[38;2;4;38;45m [38;2;3;39;44m.[38;2;11;41;51m.[0m
[0m[38;2;20;45;47m.[38;2;6;43;53m.[38;2;11;19;32m [38;2;4;20;24m [38;2;8;43;58m.[38;2;2;31;43m [38;2;84;131;173ml[38;2;1;7;20m [38;2;12;43;74m.[38;2;4;22;56m [38;2;88;133;203ml[38;2;80;93;131m;[38;2;2;35;102m.[38;2;16;64;176m.[38;2;78;154;251mo[38;2;62;174;255md[38;2;0;202;255md[38;2;165;255;255mN[38;2;116;255;255mK[38;2;126;255;255mX[38;2;121;255;255mX[38;2;127;255;255mX[38;2;143;255;255mX[38;2;168;255;255mN[38;2;186;255;255mN[38;2;166;255;255mN[38;2;102;255;255mK[38;2;120;249;255mK[38;2;110;249;255mK[38;2;110;248;255mK[38;2;92;242;255m0[38;2;81;238;255m0[38;2;66;225;255mO[38;2;40;203;255mx[38;2;15;173;255mo[38;2;66;225;255mO[38;2;101;162;250md[38;2;7;93;245m,[38;2;9;38;190m.[38;2;7;28;167m.[38;2;24;71;211m'[38;2;167;221;252mK[38;2;2;16;99m [38;2;20;58;155m.[38;2;4;26;108m [38;2;8;40;167m.[38;2;188;248;255mN[38;2;1;3;66m [38;2;1;23;115m [38;2;9;41;133m.[38;2;11;32;123m.[38;2;4;24;93m [38;2;1;8;78m [38;2;1;8;49m [38;2;0;8;37m [38;2;3;12;42m [38;2;0;7;43m [38;2;2;19;55m [38;2;76;110;196m:[38;2;21;35;136m.[38;2;13;45;179m.[38;2;9;81;221m,[38;2;13;120;234m:[38;2;40;146;236ml[38;2;2;62;202m.[38;2;0;16;121m [38;2;0;12;62m [38;2;0;11;47m [38;2;0;3;8m [38;2;60;81;121m,[38;2;45;55;92m.[38;2;13;32;39m [38;2;9;46;65m.[38;2;11;42;53m.[38;2;7;35;43m [38;2;9;36;46m [38;2;7;37;45m [38;2;3;40;45m.[38;2;4;42;48m.[38;2;11;41;46m.[0m
[0m[38;2;20;45;46m.[38;2;8;43;53m.[38;2;9;24;25m [38;2;3;21;26m [38;2;8;43;56m.[38;2;3;26;45m [38;2;83;145;167ml[38;2;5;11;17m [38;2;10;44;71m.[38;2;19;34;81m.[38;2;131;173;235mx[38;2;12;18;68m [38;2;12;51;143m.[38;2;7;44;163m.[38;2;60;137;247ml[38;2;50;180;255md[38;2;0;206;255md[38;2;195;255;255mN[38;2;136;255;255mX[38;2;130;255;255mX[38;2;136;255;255mX[38;2;137;255;255mX[38;2;146;255;255mX[38;2;154;255;255mX[38;2;164;255;255mN[38;2;169;255;255mN[38;2;122;255;255mX[38;2;154;255;255mX[38;2;162;255;255mNN[38;2;167;255;255mN[38;2;160;255;255mN[38;2;172;255;255mN[38;2;161;255;255mN[38;2;151;255;255mX[38;2;171;255;255mN[38;2;66;225;255mO[38;2;8;159;254ml[38;2;18;98;246m;[38;2;8;47;198m.[38;2;52;116;238mc[38;2;142;180;235mk[38;2;15;36;146m.[38;2;16;73;196m'[38;2;2;51;214m.[38;2;3;79;229m'[38;2;148;236;255mK[38;2;1;33;194m.[38;2;4;95;239m,[38;2;12;88;236m,[38;2;9;69;222m'[38;2;9;51;194m.[38;2;21;35;143m.[38;2;100;130;165ml[38;2;90;119;136mc[38;2;88;114;145m:[38;2;83;101;117m;[38;2;52;68;81m'[38;2;85;105;149m:[38;2;34;50;84m.[38;2;39;50;96m.[38;2;25;34;83m.[38;2;4;8;65m [38;2;4;30;89m.[38;2;1;13;71m [38;2;2;13;43m [38;2;2;8;32m [38;2;3;8;22m [38;2;2;2;0m [38;2;93;116;147mc[38;2;21;47;66m.[38;2;5;37;52m.[38;2;6;37;49m [38;2;4;42;49m.[38;2;7;43;47m.[38;2;3;35;40m [38;2;5;39;48m.[38;2;4;43;50m.[38;2;7;43;48m.[38;2;10;42;48m.[0m
[0m[38;2;14;39;39m.[38;2;5;36;45m [38;2;8;23;24m [38;2;3;20;23m [38;2;9;43;54m.[38;2;4;24;41m [38;2;86;140;176ml[38;2;3;14;27m [38;2;9;38;63m.[38;2;25;43;120m.[38;2;153;200;251m0[38;2;2;18;55m [38;2;12;53;137m.[38;2;9;61;172m.[38;2;17;84;233m,[38;2;61;189;255mx[38;2;0;208;255md[38;2;206;255;255mW[38;2;154;255;255mX[38;2;141;255;255mX[38;2;143;255;255mX[38;2;144;255;255mX[38;2;147;255;255mX[38;2;148;255;255mX[38;2;164;255;255mN[38;2;173;255;255mN[38;2;124;255;255mX[38;2;179;255;255mN[38;2;175;255;255mN[38;2;166;255;255mN[38;2;166;255;255mN[38;2;164;255;255mN[38;2;153;255;255mX[38;2;155;255;255mX[38;2;164;255;255mN[38;2;221;255;255mW[38;2;37;245;255mO[38;2;12;207;255md[38;2;6;87;255m,[38;2;8;71;238m'[38;2;95;193;255mk[38;2;115;144;211mo[38;2;45;120;232mc[38;2;60;167;251mo[38;2;3;168;255ml[38;2;110;230;255m0[38;2;54;249;255m0[38;2;96;203;255mk[38;2;85;232;255mO[38;2;92;224;255mO[38;2;54;192;255mx[38;2;0;136;255m:[38;2;3;60;226m.[38;2;11;37;165m.[38;2;4;17;94m [38;2;2;14;70m [38;2;12;35;87m.[38;2;2;28;73m [38;2;73;103;153m:[38;2;9;25;81m [38;2;4;12;70m [38;2;135;165;214mx[38;2;17;33;85m.[38;2;5;33;106m.[38;2;0;13;63m [38;2;0;14;40m [38;2;2;11;28m [38;2;3;8;14m [38;2;0;0;0m [38;2;119;157;208md[38;2;3;29;43m [38;2;2;6;9m [38;2;12;45;54m.[38;2;10;45;53m.[38;2;13;45;53m.[38;2;11;43;47m.[38;2;10;31;41m [38;2;16;46;49m.[38;2;11;35;42m [38;2;10;42;48m.[0m
[0m[38;2;36;68;65m.[38;2;30;63;72m.[38;2;32;71;78m.[38;2;8;23;30m [38;2;9;43;53m.[38;2;4;31;44m [38;2;81;133;154mc[38;2;6;19;27m [38;2;30;53;79m.[38;2;21;46;120m.[38;2;153;193;224mO[38;2;22;43;74m.[38;2;31;64;130m.[38;2;24;72;171m'[38;2;27;84;209m,[38;2;41;155;253ml[38;2;15;202;255md[38;2;161;242;255mX[38;2;131;254;255mX[38;2;135;255;255mX[38;2;142;255;255mX[38;2;167;255;255mN[38;2;168;255;255mN[38;2;175;255;255mN[38;2;194;255;255mN[38;2;199;255;255mW[38;2;124;255;255mX[38;2;209;255;255mW[38;2;179;255;255mN[38;2;174;255;255mN[38;2;168;255;255mN[38;2;167;255;255mN[38;2;160;255;255mN[38;2;159;255;255mN[38;2;170;255;255mN[38;2;229;255;255mW[38;2;20;245;255mk[38;2;21;208;255mx[38;2;30;124;254mc[38;2;18;80;239m,[38;2;207;255;255mW[38;2;47;82;203m,[38;2;7;71;240m'[38;2;41;196;255mx[38;2;6;202;255md[38;2;133;255;255mX[38;2;23;250;255mO[38;2;171;255;255mN[38;2;163;255;255mN[38;2;168;255;255mN[38;2;213;255;255mW[38;2;4;237;255mk[38;2;13;126;255m:[38;2;35;108;233m:[38;2;54;115;192m:[38;2;32;82;133m'[38;2;8;29;104m.[38;2;4;43;121m.[38;2;99;145;228mo[38;2;10;52;155m.[38;2;28;69;201m'[38;2;51;157;241mo[38;2;39;121;235m:[38;2;12;118;230m:[38;2;0;59;191m.[38;2;1;24;140m.[38;2;1;14;85m [38;2;1;7;35m [38;2;30;42;71m.[38;2;81;118;157mc[38;2;6;39;57m.[38;2;2;11;8m [38;2;14;40;48m.[38;2;3;28;36m [38;2;12;38;48m.[38;2;3;29;30m [38;2;11;32;40m [38;2;18;44;48m.[38;2;26;50;60m.[38;2;20;55;64m.[0m
[0m[38;2;19;48;47m.[38;2;8;44;51m.[38;2;8;43;55m.[38;2;1;21;29m [38;2;9;47;59m.[38;2;4;30;41m [38;2;73;129;151mc[38;2;1;10;21m [38;2;10;37;54m.[38;2;18;30;100m.[38;2;193;232;247mX[38;2;1;7;30m [38;2;6;31;91m.[38;2;47;95;162m;[38;2;19;60;155m.[38;2;16;56;196m.[38;2;48;141;240ml[38;2;2;96;241m,[38;2;15;159;254ml[38;2;14;165;254ml[38;2;17;186;255mo[38;2;41;202;255mx[38;2;46;210;255mx[38;2;56;213;255mk[38;2;71;224;255mO[38;2;78;229;255mO[38;2;42;243;255mO[38;2;105;238;255m0[38;2;98;246;255m0[38;2;104;249;255mK[38;2;116;250;255mK[38;2;119;253;255mK[38;2;118;255;255mK[38;2;127;254;255mX[38;2;164;255;255mN[38;2;205;255;255mW[38;2;10;232;255mk[38;2;24;187;255md[38;2;44;141;248ml[38;2;89;138;225ml[38;2;173;223;255mK[38;2;6;35;171m.[38;2;5;69;235m'[38;2;12;139;255mc[38;2;30;213;255mx[38;2;128;255;255mX[38;2;28;253;255mO[38;2;188;255;255mN[38;2;168;255;255mN[38;2;174;255;255mN[38;2;201;255;255mW[38;2;8;255;255mO[38;2;16;129;255m:[38;2;5;69;235m'[38;2;56;127;214mc[38;2;53;119;163m:[38;2;18;30;110m.[38;2;6;35;139m.[38;2;99;150;249md[38;2;12;92;236m,[38;2;104;183;255mx[38;2;120;232;255m0[38;2;136;255;255mX[38;2;191;255;255mN[38;2;0;208;255md[38;2;3;77;250m'[38;2;5;20;154m.[38;2;0;2;45m [38;2;119;160;210md[38;2;12;46;65m.[38;2;12;42;66m.[38;2;3;14;15m [38;2;9;33;50m [38;2;29;71;85m.[38;2;19;59;99m.[38;2;16;57;85m.[38;2;12;32;40m [38;2;90;101;103m;[38;2;37;54;52m.[38;2;29;67;72m.[0m
[0m[38;2;13;47;47m.[38;2;9;44;52m.[38;2;10;43;59m.[38;2;1;23;31m [38;2;14;44;60m.[38;2;5;30;41m [38;2;72;140;159ml[38;2;13;28;38m [38;2;7;45;61m.[38;2;6;11;57m [38;2;169;200;241m0[38;2;35;48;67m.[38;2;5;37;84m.[38;2;17;60;110m.[38;2;72;126;174mc[38;2;7;31;107m.[38;2;46;122;203m:[38;2;5;28;137m.[38;2;20;66;194m'[38;2;6;73;218m'[38;2;12;74;219m'[38;2;14;85;232m,[38;2;17;90;232m,[38;2;10;98;240m;[38;2;13;103;241m;[38;2;3;106;252m;[38;2;16;137;252mc[38;2;15;118;250m:[38;2;12;135;252mc[38;2;11;142;252mc[38;2;7;150;254mc[38;2;9;153;255mc[38;2;2;163;253ml[38;2;3;154;255mc[38;2;17;173;254mo[38;2;76;215;255mk[38;2;24;122;244m:[38;2;13;97;231m;[38;2;8;60;214m.[38;2;163;211;246m0[38;2;44;75;172m,[38;2;21;65;167m.[38;2;28;83;214m,[38;2;29;113;239m:[38;2;26;173;255mo[38;2;68;204;255mk[38;2;57;245;255mO[38;2;135;244;255mK[38;2;120;251;255mK[38;2;137;255;255mX[38;2;140;252;255mX[38;2;4;218;255mx[38;2;47;149;254ml[38;2;13;68;217m'[38;2;6;49;165m.[38;2;36;86;150m,[38;2;9;29;101m.[38;2;18;38;132m.[38;2;101;140;215mo[38;2;5;76;243m'[38;2;87;179;255mx[38;2;51;244;255mO[38;2;192;255;255mN[38;2;217;255;255mW[38;2;0;230;255mx[38;2;3;86;255m,[38;2;2;21;158m.[38;2;28;39;125m.[38;2;95;136;164ml[38;2;5;36;64m.[38;2;10;46;71m.[38;2;2;15;18m [38;2;11;33;41m [38;2;22;38;49m.[38;2;20;32;39m [38;2;38;96;107m,[38;2;8;27;37m [38;2;127;154;151md[38;2;55;83;75m'[38;2;27;69;74m.[0m
[0m[38;2;17;46;55m.[38;2;9;44;52m.[38;2;6;45;51m.[38;2;0;21;20m [38;2;8;44;55m.[38;2;3;29;40m [38;2;68;132;143mc[38;2;11;21;31m [38;2;10;43;64m.[38;2;3;14;37m [38;2;80;122;188mc[38;2;129;145;151mo[38;2;3;26;48m [38;2;4;34;71m.[38;2;33;80;120m'[38;2;51;100;142m;[38;2;48;114;166m:[38;2;4;16;74m [38;2;17;51;137m.[38;2;8;54;131m.[38;2;8;55;139m.[38;2;17;60;154m.[38;2;15;60;164m.[38;2;11;61;170m.[38;2;15;64;170m.[38;2;3;67;187m.[38;2;15;71;196m'[38;2;14;52;183m.[38;2;10;74;210m'[38;2;8;71;210m'[38;2;13;77;205m'[38;2;5;69;212m'[38;2;6;76;214m'[38;2;12;58;201m.[38;2;30;85;229m,[38;2;126;192;251mk[38;2;9;41;161m.[38;2;4;49;166m.[38;2;20;63;191m'[38;2;167;196;220mO[38;2;2;6;71m [38;2;7;53;146m.[38;2;9;62;167m.[38;2;21;74;189m'[38;2;22;71;194m'[38;2;5;53;227m.[38;2;122;200;251mO[38;2;4;100;235m,[38;2;6;136;249m:[38;2;5;136;251m:[38;2;21;149;250ml[38;2;6;64;222m'[38;2;19;87;205m,[38;2;22;71;165m'[38;2;23;70;137m.[38;2;44;92;141m,[38;2;9;19;81m [38;2;85;111;156m:[38;2;61;92;152m;[38;2;33;90;217m;[38;2;17;82;233m,[38;2;45;217;255mk[38;2;126;214;255m0[38;2;146;232;255mK[38;2;2;164;255ml[38;2;1;55;223m.[38;2;1;11;107m [38;2;111;147;197mo[38;2;12;20;44m [38;2;12;48;101m.[38;2;12;48;70m.[38;2;5;13;16m [38;2;10;30;31m [38;2;57;73;70m'[38;2;56;68;63m'[38;2;25;34;31m.[38;2;0;0;0m [38;2;133;154;153md[38;2;30;47;46m.[38;2;24;59;69m.[0m
[0m[38;2;18;40;40m.[38;2;7;37;43m.[38;2;13;41;48m.[38;2;4;14;13m [38;2;6;37;47m [38;2;44;88;109m,[38;2;56;101;99m;[38;2;2;5;11m [38;2;6;31;40m [38;2;5;22;23m [38;2;25;39;78m.[38;2;140;184;227mk[38;2;23;36;51m.[38;2;3;29;40m [38;2;5;23;40m [38;2;40;82;103m'[38;2;48;79;101m'[38;2;0;4;27m [38;2;7;34;76m.[38;2;8;33;83m.[38;2;9;33;77m.[38;2;10;34;85m.[38;2;18;37;93m.[38;2;12;37;96m.[38;2;15;30;100m.[38;2;8;36;114m.[38;2;8;40;109m.[38;2;1;21;90m [38;2;6;40;122m.[38;2;10;37;122m.[38;2;5;40;122m.[38;2;4;43;123m.[38;2;3;42;128m.[38;2;6;30;100m.[38;2;31;67;186m'[38;2;137;205;254mO[38;2;3;14;65m [38;2;5;21;106m [38;2;115;166;231mx[38;2;83;95;123m;[38;2;6;18;68m [38;2;10;34;90m.[38;2;9;37;106m.[38;2;11;41;111m.[38;2;11;29;92m.[38;2;10;35;146m.[38;2;145;161;212mx[38;2;5;24;105m [38;2;11;46;134m.[38;2;8;40;137m.[38;2;16;41;142m.[38;2;7;23;95m [38;2;10;44;113m.[38;2;11;36;94m.[38;2;12;33;81m.[38;2;13;38;81m.[38;2;0;11;37m [38;2;125;163;208mx[38;2;9;23;56m [38;2;9;40;95m.[38;2;53;77;168m,[38;2;62;102;181m:[38;2;11;51;166m.[38;2;14;69;175m'[38;2;4;31;140m.[38;2;0;1;63m [38;2;82;106;168m:[38;2;47;61;69m.[38;2;8;18;28m [38;2;13;51;88m.[38;2;5;47;59m.[38;2;3;13;17m [38;2;8;39;46m.[38;2;32;46;52m.[38;2;26;44;44m.[38;2;10;28;29m [38;2;3;21;20m [38;2;75;98;96m;[38;2;21;45;52m.[38;2;26;55;65m.[0m
[0m[38;2;16;45;45m.[38;2;9;41;50m.[38;2;6;27;29m [38;2;7;12;16m [38;2;8;32;41m [38;2;57;115;118m;[38;2;50;100;108m,[38;2;3;8;10m [38;2;3;7;6m [38;2;5;16;17m [38;2;3;12;11m [38;2;48;77;146m,[38;2;121;149;195md[38;2;27;32;30m.[38;2;0;2;5m [38;2;1;5;10m [38;2;2;2;5m [38;2;2;25;40m [38;2;6;26;46m [38;2;1;13;33m [38;2;21;23;32m [38;2;44;52;63m.[38;2;44;53;71m.[38;2;43;55;63m.[38;2;43;54;79m.[38;2;45;58;82m.[38;2;48;60;86m.[38;2;49;61;99m.[38;2;44;53;99m.[38;2;46;59;114m.[38;2;49;56;108m.[38;2;8;17;75m [38;2;0;15;71m [38;2;0;1;31m [38;2;26;62;173m'[38;2;159;232;254mK[38;2;0;0;19m [38;2;27;56;146m.[38;2;180;211;235mK[38;2;41;51;78m.[38;2;68;83;104m,[38;2;69;82;114m,[38;2;75;89;109m;[38;2;77;85;109m,[38;2;78;94;123m;[38;2;10;30;107m.[38;2;131;152;183md[38;2;55;77;89m'[38;2;40;47;83m.[38;2;11;16;49m [38;2;0;6;34m [38;2;5;18;48m [38;2;5;24;51m [38;2;0;17;35m [38;2;0;2;13m [38;2;0;6;18m [38;2;0;0;7m [38;2;116;168;218mx[38;2;24;30;34m [38;2;27;33;40m.[38;2;110;143;182mo[38;2;50;65;88m.[38;2;49;61;73m.[38;2;19;32;55m.[38;2;0;6;12m [38;2;32;44;72m.[38;2;92;123;157mc[38;2;1;1;0m [38;2;9;21;24m [38;2;13;55;66m.[38;2;5;42;51m.[38;2;4;18;20m [38;2;4;41;47m.[38;2;6;32;39m [38;2;3;28;33m [38;2;15;48;61m.[38;2;4;35;40m [38;2;68;128;129mc[38;2;16;48;63m.[38;2;18;47;57m.[0m
[0m[38;2;19;47;47m.[38;2;7;43;48m.[38;2;6;33;33m [38;2;6;15;17m [38;2;6;32;43m [38;2;62;112;129m:[38;2;42;92;100m,[38;2;3;15;16m [38;2;3;10;9m [38;2;15;43;52m.[38;2;3;23;26m [38;2;7;24;34m [38;2;46;75;138m'[38;2;127;160;201md[38;2;65;70;74m'[38;2;0;2;4m [38;2;0;1;0m [38;2;6;52;81m.[38;2;10;47;87m.[38;2;2;17;27m [38;2;72;102;100m;[38;2;140;187;199mk[38;2;139;183;191mk[38;2;128;180;186mx[38;2;131;182;196mk[38;2;129;177;194mx[38;2;125;172;192mx[38;2;113;144;183mo[38;2;102;121;171mc[38;2;90;129;160mc[38;2;95;141;189ml[38;2;110;132;189ml[38;2;85;109;167m:[38;2;38;69;148m'[38;2;37;86;182m,[38;2;65;124;214mc[38;2;35;55;136m.[38;2;92;127;206ml[38;2;66;80;96m,[38;2;83;113;134m:[38;2;106;147;176mo[38;2;106;159;172md[38;2;104;148;171mo[38;2;114;157;167md[38;2;107;144;154mo[38;2;18;33;84m.[38;2;109;154;176mo[38;2;75;114;116m:[38;2;67;86;128m,[38;2;81;97;132m;[38;2;53;68;102m'[38;2;96;126;152mc[38;2;33;41;55m.[38;2;4;22;26m [38;2;0;2;7m [38;2;0;8;11m [38;2;4;8;23m [38;2;104;146;179mo[38;2;80;100;102m;[38;2;53;75;85m'[38;2;122;162;212md[38;2;44;57;65m.[38;2;43;58;53m.[38;2;49;68;73m.[38;2;91;112;124m:[38;2;106;134;167ml[38;2;11;14;16m [38;2;0;7;0m [38;2;14;20;23m [38;2;9;49;64m.[38;2;5;43;52m.[38;2;5;15;18m [38;2;8;51;56m.[38;2;6;48;63m.[38;2;0;1;2m [38;2;14;44;44m.[38;2;4;32;40m [38;2;78;133;136mc[38;2;6;31;45m [38;2;14;41;54m.[0m
[0m[38;2;22;44;49m.[38;2;6;43;52m.[38;2;4;36;31m [38;2;8;19;24m [38;2;5;30;41m [38;2;64;124;133m:[38;2;39;80;88m'[38;2;4;16;15m [38;2;4;18;17m [38;2;5;18;23m [38;2;7;38;44m.[38;2;5;32;35m [38;2;3;4;5m [38;2;25;49;92m.[38;2;125;165;212mx[38;2;120;131;149ml[38;2;35;41;46m.[38;2;4;35;48m [38;2;7;44;67m.[38;2;7;28;48m [38;2;1;16;18m [38;2;10;45;63m.[38;2;7;23;35m [38;2;5;21;36m [38;2;9;20;55m [38;2;7;17;83m [38;2;12;30;124m.[38;2;17;50;161m.[38;2;17;58;187m.[38;2;8;53;177m.[38;2;7;52;187m.[38;2;8;49;173m.[38;2;2;28;146m.[38;2;0;2;78m [38;2;29;81;196m,[38;2;130;156;213md[38;2;84;101;168m:[38;2;57;79;160m,[38;2;52;72;140m'[38;2;6;23;63m [38;2;10;38;75m.[38;2;2;14;38m [38;2;3;4;25m [38;2;0;6;12m [38;2;3;14;27m [38;2;27;47;103m.[38;2;111;138;154ml[38;2;2;15;37m [38;2;1;4;13m [38;2;1;0;5m [38;2;1;5;11m [38;2;31;59;89m.[38;2;171;172;200mk[38;2;2;12;13m [38;2;4;14;15m [38;2;4;14;7m [38;2;23;35;57m.[38;2;99;131;133ml[38;2;10;17;17m [38;2;43;65;92m.[38;2;93;129;160ml[38;2;20;42;41m.[38;2;28;44;45m.[38;2;16;23;30m [38;2;59;86;119m,[38;2;96;118;136mc[38;2;0;0;0m [38;2;1;8;0m [38;2;7;18;21m [38;2;10;52;61m.[38;2;9;39;42m.[38;2;9;21;22m [38;2;8;48;57m.[38;2;17;46;54m.[38;2;0;0;1m [38;2;17;44;47m.[38;2;23;56;65m.[38;2;47;91;101m,[38;2;5;38;40m [38;2;9;39;51m.[0m
[0m[38;2;19;45;49m.[38;2;9;44;50m.[38;2;7;40;37m.[38;2;6;14;18m [38;2;5;30;41m [38;2;69;133;138mc[38;2;35;74;79m.[38;2;0;14;14m [38;2;7;43;48m.[38;2;9;36;43m [38;2;7;41;56m.[38;2;3;29;30m [38;2;2;9;10m [38;2;1;6;8m [38;2;11;25;37m [38;2;53;77;133m,[38;2;131;159;200md[38;2;116;137;158ml[38;2;78;91;104m;[38;2;17;37;54m.[38;2;4;34;54m [38;2;19;54;82m.[38;2;12;33;59m.[38;2;13;33;68m.[38;2;15;41;108m.[38;2;20;44;162m.[38;2;1;76;225m'[38;2;48;164;251mo[38;2;54;181;255md[38;2;58;184;255md[38;2;66;177;255md[38;2;46;169;255mo[38;2;6;107;241m;[38;2;29;89;213m,[38;2;28;107;243m:[38;2;156;182;234mO[38;2;50;76;135m'[38;2;11;48;104m.[38;2;87;115;212mc[38;2;29;53;108m.[38;2;18;49;84m.[38;2;40;76;112m'[38;2;49;91;109m,[38;2;35;71;82m.[38;2;2;14;28m [38;2;23;48;113m.[38;2;121;162;170md[38;2;41;77;90m'[38;2;35;70;78m.[38;2;53;120;121m:[38;2;36;66;78m.[38;2;1;14;25m [38;2;166;175;221mk[38;2;7;13;19m [38;2;40;85;88m'[38;2;43;78;75m'[38;2;41;53;84m.[38;2;104;139;142ml[38;2;33;77;84m'[38;2;78;113;162m:[38;2;21;42;56m.[38;2;65;128;130m:[38;2;82;152;150ml[38;2;49;84;114m,[38;2;101;127;154ml[38;2;92;130;143mc[38;2;4;9;16m [38;2;1;5;0m [38;2;5;23;19m [38;2;5;53;54m.[38;2;3;39;41m [38;2;10;22;23m [38;2;7;47;54m.[38;2;11;49;58m.[38;2;0;0;0m [38;2;7;43;44m.[38;2;57;105;116m;[38;2;12;41;46m.[38;2;7;42;49m.[38;2;11;43;51m.[0m
[0m[38;2;19;38;40m.[38;2;26;66;81m.[38;2;45;96;87m,[38;2;5;14;12m [38;2;4;30;42m [38;2;65;127;142m:[38;2;30;77;82m.[38;2;10;21;20m [38;2;39;77;80m'[38;2;40;78;84m'[38;2;37;80;86m'[38;2;46;96;92m,[38;2;33;74;75m.[38;2;20;50;54m.[38;2;23;55;64m.[38;2;17;47;45m.[38;2;5;15;31m [38;2;31;57;92m.[38;2;76;106;138m:[38;2;94;117;149mc[38;2;77;113;155m:[38;2;72;100;135m;[38;2;95;125;151mc[38;2;93;124;174mc[38;2;99;140;203mo[38;2;114;155;234md[38;2;89;171;255md[38;2;173;247;255mX[38;2;132;249;255mX[38;2;109;248;255mK[38;2;102;249;255mK[38;2;95;247;255m0[38;2;76;220;255mO[38;2;131;218;255m0[38;2;17;205;255md[38;2;128;168;245mx[38;2;4;41;183m.[38;2;3;44;133m.[38;2;59;91;177m;[38;2;51;79;154m,[38;2;41;85;123m,[38;2;47;104;126m;[38;2;59;131;160mc[38;2;60;132;154mc[38;2;0;7;21m [38;2;37;66;147m'[38;2;119;143;149mo[38;2;54;99;109m,[38;2;20;49;64m.[38;2;59;126;140m:[38;2;44;93;93m,[38;2;2;8;23m [38;2;154;181;214mk[38;2;19;23;34m [38;2;5;45;52m.[38;2;32;58;56m.[38;2;40;59;86m.[38;2;104;127;130mc[38;2;12;22;44m [38;2;81;110;150m:[38;2;7;20;24m [38;2;10;40;37m.[38;2;51;93;102m,[38;2;94;126;157mc[38;2;6;8;15m [38;2;59;77;96m'[38;2;39;53;75m.[38;2;0;1;0m [38;2;10;22;23m [38;2;6;51;63m.[38;2;3;34;38m [38;2;7;28;24m [38;2;9;41;51m.[38;2;6;44;52m.[38;2;0;1;0m [38;2;19;53;52m.[38;2;57;94;105m,[38;2;4;27;33m [38;2;18;42;50m.[38;2;15;44;52m.[0m
[0m[38;2;29;62;61m.[38;2;75;153;158ml[38;2;18;46;41m.[38;2;4;14;20m [38;2;4;32;44m [38;2;72;135;145mc[38;2;33;74;82m.[38;2;23;39;45m.[38;2;80;155;166mo[38;2;63;138;132mc[38;2;59;131;128m:[38;2;57;133;127m:[38;2;66;144;147mc[38;2;16;43;52m.[38;2;7;36;46m [38;2;7;40;47m.[38;2;0;17;28m [38;2;8;44;54m.[38;2;8;41;54m.[38;2;5;35;54m [38;2;18;47;87m.[38;2;25;50;90m.[38;2;44;103;171m;[38;2;45;94;177m;[38;2;33;83;206m,[38;2;36;122;253mc[38;2;24;197;255md[38;2;102;232;255m0[38;2;118;245;255mK[38;2;126;249;255mK[38;2;162;252;255mX[38;2;193;255;255mN[38;2;199;255;255mW[38;2;237;255;255mM[38;2;4;253;255mk[38;2;125;173;255mx[38;2;2;65;231m'[38;2;5;57;145m.[38;2;43;81;170m,[38;2;60;104;173m:[38;2;0;5;26m [38;2;35;76;104m'[38;2;46;87;128m,[38;2;52;106;122m;[38;2;1;8;26m [38;2;56;87;165m,[38;2;116;133;132ml[38;2;4;18;26m [38;2;56;111;114m;[38;2;12;39;55m.[38;2;42;65;72m.[38;2;0;5;14m [38;2;154;176;210mk[38;2;25;34;37m.[38;2;4;34;36m [38;2;6;28;29m [38;2;26;41;59m.[38;2;86;118;131m:[38;2;68;89;109m,[38;2;41;73;89m'[38;2;19;38;35m.[38;2;8;26;25m [38;2;53;82;108m,[38;2;33;63;80m.[38;2;0;4;5m [38;2;50;73;82m'[38;2;42;57;78m.[38;2;0;2;0m [38;2;6;28;25m [38;2;6;52;58m.[38;2;4;32;43m [38;2;15;28;26m [38;2;2;33;35m [38;2;8;45;50m.[38;2;0;0;0m [38;2;71;121;128m:[38;2;12;42;44m.[38;2;5;44;49m.[38;2;21;36;46m.[38;2;12;38;47m.[0m
[0m[38;2;75;138;120mc[38;2;22;65;71m.[38;2;2;18;15m [38;2;6;17;24m [38;2;3;31;47m [38;2;77;137;148mc[38;2;37;81;80m'[38;2;18;32;45m.[38;2;73;147;149ml[38;2;57;128;126m:[38;2;55;131;123m:[38;2;57;127;124m:[38;2;64;132;130mc[38;2;56;122;124m:[38;2;13;40;49m.[38;2;8;40;42m.[38;2;0;19;34m [38;2;7;42;55m.[38;2;5;43;59m.[38;2;4;42;64m.[38;2;5;44;75m.[38;2;3;34;66m [38;2;43;99;143m;[38;2;77;153;196mo[38;2;31;79;197m,[38;2;10;94;254m;[38;2;0;234;255mx[38;2;211;255;255mW[38;2;151;255;255mX[38;2;163;255;255mN[38;2;163;255;255mN[38;2;174;255;255mN[38;2;192;255;255mN[38;2;230;255;255mW[38;2;29;246;255mO[38;2;116;161;248mx[38;2;0;39;203m.[38;2;7;45;135m.[38;2;42;78;163m,[38;2;67;115;186m:[38;2;9;16;38m [38;2;23;55;82m.[38;2;37;77;97m'[38;2;25;54;55m.[38;2;9;21;27m [38;2;62;99;164m;[38;2;129;134;135ml[38;2;16;37;45m.[38;2;22;55;52m.[38;2;29;56;63m.[38;2;49;88;92m,[38;2;0;3;4m [38;2;143;166;200mx[38;2;34;54;64m.[38;2;8;40;51m.[38;2;11;46;54m.[38;2;11;23;37m [38;2;87;109;132m:[38;2;99;135;159ml[38;2;3;17;25m [38;2;10;25;30m [38;2;15;30;30m [38;2;96;126;146mc[38;2;2;9;9m [38;2;0;2;0m [38;2;93;128;133mc[38;2;17;21;37m [38;2;0;2;1m [38;2;5;31;23m [38;2;8;49;57m.[38;2;4;33;42m [38;2;11;27;30m [38;2;6;33;35m [38;2;9;47;51m.[38;2;13;24;20m [38;2;51;96;96m,[38;2;6;40;44m.[38;2;10;44;52m.[38;2;19;37;47m.[38;2;13;39;49m.[0m
[0m[38;2;36;70;64m.[38;2;6;39;54m.[38;2;4;23;19m [38;2;6;15;20m [38;2;3;31;44m [38;2;71;138;150mc[38;2;33;73;68m.[38;2;19;32;42m.[38;2;69;148;155ml[38;2;56;125;124m:[38;2;56;126;125m:[38;2;58;128;125m:[38;2;59;138;133mc[38;2;58;115;121m;[38;2;53;109;111m;[38;2;10;41;45m.[38;2;1;21;29m [38;2;6;41;60m.[38;2;5;44;57m.[38;2;4;38;54m.[38;2;7;38;60m.[38;2;4;38;64m.[38;2;7;22;68m [38;2;27;90;129m,[38;2;56;107;184m:[38;2;15;85;233m,[38;2;16;171;255mo[38;2;97;214;255mO[38;2;85;233;255m0[38;2;85;227;255mO[38;2;81;226;255mO[38;2;58;228;255mO[38;2;55;201;255mx[38;2;41;174;255mo[38;2;58;199;255mx[38;2;112;148;217md[38;2;9;17;111m [38;2;43;118;174m:[38;2;52;86;155m,[38;2;70;105;185m:[38;2;8;15;27m [38;2;21;60;84m.[38;2;10;51;72m.[38;2;7;44;61m.[38;2;0;18;25m [38;2;70;116;185m:[38;2;125;130;130ml[38;2;2;26;45m [38;2;5;44;62m.[38;2;2;43;57m.[38;2;12;41;56m.[38;2;0;2;2m [38;2;108;130;156ml[38;2;48;62;81m.[38;2;4;23;28m [38;2;5;24;34m [38;2;0;4;10m [38;2;91;131;162ml[38;2;91;123;166mc[38;2;11;15;13m [38;2;8;11;12m [38;2;75;106;110m;[38;2;31;38;45m.[38;2;1;1;1m [38;2;7;15;21m [38;2;118;163;174md[38;2;0;0;0m [38;2;0;5;1m [38;2;10;26;29m [38;2;10;47;58m.[38;2;7;27;34m [38;2;11;26;31m [38;2;5;36;50m [38;2;13;43;45m.[38;2;13;24;20m [38;2;10;38;46m.[38;2;9;36;49m.[38;2;11;38;41m.[38;2;12;35;51m.[38;2;6;31;36m [0m
[0m[38;2;18;45;45m.[38;2;4;47;56m.[38;2;3;30;22m [38;2;7;13;15m [38;2;7;31;36m [38;2;67;133;146mc[38;2;25;65;62m.[38;2;11;23;35m [38;2;51;108;117m;[38;2;41;86;88m'[38;2;40;85;84m'[38;2;42;87;83m'[38;2;49;90;92m,[38;2;56;101;103m;[38;2;41;75;78m'[38;2;38;71;76m.[38;2;33;67;61m.[38;2;2;12;17m [38;2;6;34;50m [38;2;2;31;47m [38;2;6;35;49m [38;2;10;39;56m.[38;2;20;50;81m.[38;2;18;53;100m.[38;2;22;59;123m.[38;2;17;73;159m'[38;2;45;100;207m;[38;2;9;59;182m.[38;2;12;93;225m,[38;2;13;89;233m,[38;2;10;87;229m,[38;2;8;84;226m,[38;2;4;68;217m'[38;2;1;41;189m.[38;2;89;155;240mo[38;2;118;129;160ml[38;2;0;0;40m [38;2;61;130;156mc[38;2;65;103;199m:[38;2;53;93;163m;[38;2;3;15;35m [38;2;16;48;77m.[38;2;6;46;64m.[38;2;7;41;51m.[38;2;0;14;28m [38;2;65;100;173m;[38;2;104;107;106m:[38;2;55;58;31m.[38;2;99;87;47m,[38;2;126;118;55mc[38;2;159;142;63mo[38;2;198;175;63mk[38;2;221;201;77m0[38;2;207;182;72mk[38;2;161;150;62mo[38;2;135;120;61mc[38;2;98;89;45m,[38;2;111;130;112ml[38;2;92;109;105m:[38;2;108;102;83m:[38;2;93;77;66m,[38;2;89;104;122m:[38;2;66;58;36m.[38;2;54;52;20m.[38;2;106;112;95m:[38;2;26;39;43m.[38;2;0;2;0m [38;2;0;5;1m [38;2;12;30;31m [38;2;7;46;58m.[38;2;5;27;33m [38;2;14;28;27m [38;2;8;35;39m [38;2;6;26;25m [38;2;4;16;14m [38;2;12;43;43m.[38;2;9;35;44m [38;2;9;28;33m [38;2;15;34;42m.[38;2;43;76;81m'[0m
[0m[38;2;17;38;37m.[38;2;6;34;41m [38;2;3;31;26m [38;2;9;32;36m [38;2;4;27;37m [38;2;64;122;151m:[38;2;35;81;72m'[38;2;1;6;8m [38;2;5;29;34m [38;2;4;33;36m [38;2;8;37;50m.[38;2;17;45;49m.[38;2;22;56;68m.[38;2;25;65;67m.[38;2;24;60;70m.[38;2;37;74;90m'[38;2;80;157;159mo[38;2;1;5;11m [38;2;5;44;60m.[38;2;3;43;55m.[38;2;7;43;57m.[38;2;6;42;59m.[38;2;5;43;64m.[38;2;4;44;76m.[38;2;7;44;85m.[38;2;8;47;103m.[38;2;11;49;112m.[38;2;21;39;85m.[38;2;13;52;126m.[38;2;9;55;135m.[38;2;12;50;134m.[38;2;10;52;135m.[38;2;7;48;122m.[38;2;0;29;87m [38;2;101;141;198mo[38;2;119;133;139ml[38;2;0;3;15m [38;2;39;70;94m.[38;2;90;140;232mo[38;2;40;66;104m.[38;2;3;12;13m [38;2;4;17;21m [38;2;0;7;11m [38;2;68;53;32m.[38;2;155;141;84mo[38;2;213;191;75mO[38;2;230;212;76m0[38;2;254;239;83mX[38;2;237;207;74m0[38;2;226;189;57mO[38;2;202;162;54mx[38;2;233;197;77m0[38;2;250;218;78mK[38;2;255;233;87mX[38;2;255;234;86mX[38;2;255;229;79mX[38;2;255;238;95mN[38;2;255;241;86mN[38;2;255;225;80mX[38;2;251;217;70mK[38;2;255;220;78mK[38;2;229;198;63m0[38;2;244;187;67mO[38;2;252;225;80mX[38;2;248;219;77mK[38;2;181;171;77mx[38;2;104;96;36m;[38;2;102;82;27m,[38;2;65;61;46m.[38;2;4;29;40m [38;2;4;28;41m [38;2;8;18;18m [38;2;11;21;20m [38;2;7;23;23m [38;2;8;28;29m [38;2;11;35;41m [38;2;43;77;83m'[38;2;52;94;99m,[38;2;58;109;115m;[38;2;46;89;102m,[0m
[0m[38;2;25;43;48m.[38;2;5;43;51m.[38;2;4;41;47m.[38;2;5;41;48m.[38;2;3;26;32m [38;2;55;109;144m;[38;2;44;93;82m,[38;2;0;12;16m [38;2;2;42;47m.[38;2;1;42;45m.[38;2;2;41;47m.[38;2;2;41;46m.[38;2;2;41;47m.[38;2;2;42;47m.[38;2;2;42;45m.[38;2;2;34;39m [38;2;51;95;109m,[38;2;0;13;17m [38;2;4;44;54m.[38;2;3;43;49m.[38;2;6;42;55m.[38;2;5;42;53m.[38;2;6;41;56m.[38;2;5;43;61m.[38;2;2;44;65m.[38;2;3;47;79m.[38;2;5;49;77m.[38;2;39;57;72m.[38;2;13;45;80m.[38;2;5;36;68m.[38;2;4;29;56m [38;2;5;24;52m [38;2;5;19;37m [38;2;0;7;16m [38;2;87;134;185ml[38;2;129;134;136ml[38;2;0;11;25m [38;2;17;34;70m.[38;2;98;162;252md[38;2;14;26;47m [38;2;4;26;48m [38;2;74;59;38m.[38;2;135;98;38m:[38;2;247;232;115mX[38;2;249;225;104mX[38;2;193;159;59mx[38;2;175;136;44mo[38;2;169;109;31mc[38;2;161;90;20m:[38;2;162;100;23m:[38;2;159;100;24m:[38;2;135;78;24m;[38;2;135;81;19m;[38;2;170;125;47ml[38;2;213;162;46mx[38;2;219;170;56mk[38;2;177;139;53mo[38;2;197;123;29mo[38;2;255;229;78mX[38;2;255;220;77mK[38;2;255;220;77mK[38;2;255;223;71mX[38;2;255;217;78mK[38;2;255;217;72mK[38;2;255;216;73mK[38;2;255;218;71mK[38;2;255;232;89mX[38;2;248;207;65m0[38;2;255;236;110mN[38;2;179;164;63mx[38;2;153;147;61mo[38;2;90;83;49m,[38;2;0;14;18m [38;2;13;46;53m.[38;2;34;62;66m.[38;2;39;72;80m.[38;2;33;69;74m.[38;2;13;42;51m.[38;2;7;36;40m [38;2;6;36;45m [0m
[0m[38;2;22;44;50m.[38;2;4;41;51m.[38;2;2;40;48m.[38;2;2;38;50m [38;2;2;25;30m [38;2;55;98;132m;[38;2;50;112;107m;[38;2;0;3;10m [38;2;2;41;47m.[38;2;1;41;46m.[38;2;2;41;44m.[38;2;1;41;45m.[38;2;2;41;45m.[38;2;0;42;44m.[38;2;2;41;46m.[38;2;2;40;48m.[38;2;7;39;44m.[38;2;1;16;23m [38;2;4;46;63m.[38;2;2;45;51m.[38;2;4;40;47m.[38;2;2;34;42m [38;2;2;31;37m [38;2;1;26;29m [38;2;2;24;24m [38;2;1;20;22m [38;2;2;14;24m [38;2;5;19;29m [38;2;6;19;32m [38;2;2;4;6m [38;2;51;55;54m.[38;2;52;58;69m.[38;2;52;55;59m.[38;2;49;51;51m.[38;2;112;136;177mo[38;2;120;134;141ml[38;2;57;73;92m'[38;2;99;119;148mc[38;2;125;155;210md[38;2;87;89;95m;[38;2;111;105;105m:[38;2;153;134;73ml[38;2;158;135;65mo[38;2;148;116;55mc[38;2;129;86;38m;[38;2;64;39;21m.[38;2;73;57;32m.[38;2;144;100;31m:[38;2;141;92;24m;[38;2;107;98;53m;[38;2;67;83;65m,[38;2;44;30;12m.[38;2;32;55;90m.[38;2;137;117;77mc[38;2;161;101;19m:[38;2;141;89;24m;[38;2;117;72;22m,[38;2;226;170;51mk[38;2;255;226;89mX[38;2;255;219;79mK[38;2;255;219;79mK[38;2;255;219;77mK[38;2;255;217;78mK[38;2;255;216;72mK[38;2;255;217;77mK[38;2;255;218;71mK[38;2;255;219;79mK[38;2;255;217;75mK[38;2;253;202;64m0[38;2;254;216;72mK[38;2;255;220;72mK[38;2;255;245;103mN[38;2;137;115;52mc[38;2;6;16;20m [38;2;9;35;33m [38;2;10;41;48m.[38;2;12;41;49m.[38;2;9;43;53m.[38;2;13;42;56m.[38;2;8;33;46m [0m
[0m[38;2;16;43;53m.[38;2;4;41;49m.[38;2;2;38;50m.[38;2;1;38;48m [38;2;2;20;31m [38;2;54;98;137m;[38;2;56;119;103m:[38;2;0;11;13m [38;2;2;39;52m.[38;2;2;42;51m.[38;2;2;42;50m.[38;2;2;43;49m.[38;2;5;38;41m [38;2;1;35;38m [38;2;2;32;34m [38;2;1;25;29m [38;2;2;26;25m [38;2;2;8;8m [38;2;2;17;15m [38;2;0;11;12m [38;2;1;9;14m [38;2;4;17;18m [38;2;1;7;4m [38;2;2;3;2m [38;2;0;5;2m [38;2;0;2;4m [38;2;0;5;11m [38;2;15;52;76m.[38;2;11;47;64m.[38;2;6;14;19m [38;2;104;111;114m:[38;2;102;115;117mc[38;2;104;114;114mc[38;2;108;117;118mc[38;2;118;135;156ml[38;2;103;117;129mc[38;2;93;123;154mc[38;2;119;152;206md[38;2;125;164;246mx[38;2;128;185;251mk[38;2;106;189;252mk[38;2;30;105;190m;[38;2;38;75;147m'[38;2;38;62;113m.[38;2;42;56;77m.[38;2;9;33;54m [38;2;32;58;78m.[38;2;62;76;100m'[38;2;76;103;137m:[38;2;69;118;129m:[38;2;43;86;101m'[38;2;0;3;3m [38;2;133;127;98ml[38;2;197;122;24ml[38;2;179;117;28ml[38;2;128;85;21m;[38;2;135;79;25m;[38;2;255;220;78mK[38;2;255;224;79mX[38;2;255;218;77mK[38;2;255;220;77mK[38;2;255;217;77mK[38;2;255;221;77mX[38;2;255;216;71mK[38;2;255;214;75mK[38;2;255;214;72mK[38;2;255;214;75mK[38;2;255;214;76mK[38;2;255;219;77mK[38;2;245;190;59m0[38;2;249;195;61m0[38;2;255;222;89mX[38;2;255;246;107mN[38;2;119;84;44m;[38;2;2;15;19m [38;2;7;29;32m [38;2;13;35;45m.[38;2;12;36;43m.[38;2;13;37;49m.[38;2;6;21;40m [0m
[0m[38;2;21;46;55m.[38;2;6;41;52m.[38;2;2;36;48m [38;2;2;34;53m [38;2;3;22;32m [38;2;47;85;126m,[38;2;53;127;113m:[38;2;0;10;10m [38;2;2;21;31m [38;2;1;19;22m [38;2;1;15;18m [38;2;1;12;9m [38;2;0;7;3m [38;2;0;5;0m [38;2;0;5;0m [38;2;0;4;0m [38;2;0;17;31m [38;2;3;27;32m [38;2;7;33;50m [38;2;3;35;48m [38;2;7;42;57m.[38;2;8;55;60m.[38;2;1;9;18m [38;2;2;4;10m [38;2;0;4;16m [38;2;0;6;16m [38;2;0;9;26m [38;2;8;48;77m.[38;2;7;42;67m.[38;2;6;32;44m [38;2;6;21;35m [38;2;7;39;53m.[38;2;3;18;31m [38;2;0;0;4m [38;2;23;33;81m.[38;2;209;232;249mN[38;2;55;103;168m;[38;2;27;109;236m:[38;2;73;203;252mk[38;2;104;225;255m0[38;2;78;232;255mO[38;2;38;195;255md[38;2;144;149;225md[38;2;184;164;162mk[38;2;172;127;57ml[38;2;141;133;89ml[38;2;81;81;49m,[38;2;4;8;19m [38;2;33;66;82m.[38;2;38;68;91m.[38;2;79;117;154m:[38;2;34;48;72m.[38;2;105;93;49m;[38;2;188;118;28ml[38;2;171;114;33ml[38;2;51;30;10m.[38;2;138;84;28m;[38;2;255;230;74mX[38;2;255;218;71mK[38;2;255;215;75mK[38;2;255;214;72mK[38;2;255;213;70mK[38;2;255;215;73mK[38;2;255;214;71mK[38;2;255;213;73mK[38;2;255;213;75mK[38;2;255;213;71mK[38;2;255;213;74mK[38;2;255;213;73mK[38;2;255;215;73mK[38;2;242;192;69m0[38;2;221;164;56mk[38;2;239;201;76m0[38;2;254;231;102mX[38;2;117;100;54m:[38;2;0;5;6m [38;2;9;23;24m [38;2;13;34;33m [38;2;22;39;44m.[38;2;20;33;35m.[0m
[0m[38;2;11;30;29m [38;2;7;22;28m [38;2;8;20;17m [38;2;1;9;27m [38;2;8;33;52m [38;2;45;72;116m'[38;2;69;138;137mc[38;2;1;9;3m [38;2;0;7;5m [38;2;11;19;19m [38;2;6;18;20m [38;2;12;24;26m [38;2;0;7;3m [38;2;0;4;0m [38;2;0;7;4m [38;2;1;6;1m [38;2;9;25;39m [38;2;8;38;54m.[38;2;7;45;65m.[38;2;13;39;67m.[38;2;8;45;80m.[38;2;12;52;80m.[38;2;4;20;38m [38;2;0;4;50m [38;2;0;15;78m [38;2;0;14;80m [38;2;0;9;72m [38;2;9;43;101m.[38;2;15;38;80m.[38;2;12;33;54m [38;2;12;37;52m.[38;2;9;37;43m.[38;2;33;47;67m.[38;2;47;81;86m'[38;2;20;31;79m.[38;2;187;211;245mK[38;2;90;180;247mx[38;2;84;177;255mx[38;2;119;240;255mK[38;2;93;255;255mK[38;2;110;255;255mK[38;2;21;227;255mk[38;2;139;158;249mx[38;2;158;165;209mx[38;2;232;204;137mK[38;2;255;236;131mN[38;2;255;249;121mN[38;2;142;128;73ml[38;2;34;25;23m [38;2;19;44;54m.[38;2;19;47;67m.[38;2;98;141;212mo[38;2;40;41;24m.[38;2;184;126;35ml[38;2;194;132;42mo[38;2;44;34;23m.[38;2;224;176;74mk[38;2;255;228;75mX[38;2;255;215;76mK[38;2;255;217;75mK[38;2;255;216;72mK[38;2;255;215;75mK[38;2;255;217;69mK[38;2;255;215;66mK[38;2;255;214;74mK[38;2;255;213;77mK[38;2;255;214;80mK[38;2;255;214;71mK[38;2;255;213;71mK[38;2;255;213;75mK[38;2;255;215;80mK[38;2;253;221;91mX[38;2;220;158;57mx[38;2;255;223;84mX[38;2;255;250;112mN[38;2;113;81;46m,[38;2;0;3;0m [38;2;2;10;1m [38;2;12;13;16m [38;2;0;6;3m [0m
