[0m[38;2;20;49;44m.[38;2;8;45;53m.[38;2;10;39;33m.[38;2;1;15;5m [38;2;8;34;49m [38;2;2;27;37m [38;2;77;147;141ml[38;2;15;40;32m.[38;2;1;5;0m [38;2;0;10;0m [38;2;2;16;6m [38;2;5;18;13m [38;2;9;22;25m [38;2;3;12;21m [38;2;115;167;192md[38;2;105;109;125m:[38;2;2;8;12m [38;2;9;48;51m.[38;2;3;49;61m.[38;2;13;45;50m.[38;2;10;47;59m.[38;2;10;46;56m.[38;2;12;45;57m.[38;2;8;49;58m.[38;2;6;49;57m.[38;2;9;32;38m [38;2;80;165;179mo[38;2;17;27;37m [38;2;38;79;84m'[38;2;46;105;106m;[38;2;48;84;106m,[38;2;22;62;60m.[38;2;11;48;57m.[38;2;11;47;54m.[38;2;8;36;55m.[38;2;62;110;119m;[38;2;39;64;66m.[38;2;73;161;178mo[38;2;49;101;120m;[38;2;9;41;49m.[38;2;8;37;43m [38;2;30;50;116m.[38;2;135;156;156md[38;2;10;40;47m.[38;2;2;23;29m [38;2;14;38;86m.[38;2;192;240;255mN[38;2;38;87;115m,[38;2;49;107;121m;[38;2;33;75;123m'[38;2;11;28;154m.[38;2;21;104;214m;[38;2;4;62;197m.[38;2;7;54;205m.[38;2;14;56;184m.[38;2;9;42;154m.[38;2;25;47;135m.[38;2;3;11;56m [38;2;65;96;186m;[38;2;10;34;65m.[38;2;5;27;41m [38;2;9;34;44m [38;2;11;34;44m [38;2;10;46;66m.[38;2;2;39;53m.[38;2;7;42;51m.[38;2;1;31;38m [38;2;9;46;50m.[38;2;11;43;54m.[38;2;11;50;65m.[38;2;0;28;31m [38;2;11;48;51m.[38;2;8;51;41m.[38;2;0;4;3m [38;2;1;31;25m [38;2;9;37;31m [38;2;14;39;36m.[38;2;8;35;33m [38;2;14;44;42m.[38;2;5;48;41m.[0m
[0m[38;2;21;45;46m.[38;2;4;44;43m.[38;2;12;34;28m [38;2;0;11;12m [38;2;4;35;45m [38;2;1;30;32m [38;2;77;146;155ml[38;2;11;26;27m [38;2;2;6;4m [38;2;0;7;1m [38;2;0;4;0m [38;2;0;3;0m [38;2;0;1;0m [38;2;20;39;59m.[38;2;195;225;242mX[38;2;13;13;18m [38;2;3;12;11m [38;2;3;17;17m [38;2;4;23;22m [38;2;5;27;28m [38;2;4;33;41m [38;2;6;36;47m [38;2;7;43;51m.[38;2;8;49;60m.[38;2;8;45;58m.[38;2;7;38;51m.[38;2;35;89;102m'[38;2;19;29;32m [38;2;8;47;54m.[38;2;6;40;55m.[38;2;4;41;59m.[38;2;19;54;60m.[38;2;14;49;70m.[38;2;19;54;70m.[38;2;19;52;76m.[38;2;45;76;96m'[38;2;37;63;62m.[38;2;72;146;164ml[38;2;78;148;185ml[38;2;19;50;62m.[38;2;4;27;31m [38;2;31;56;132m.[38;2;127;146;157mo[38;2;4;37;46m [38;2;8;23;39m [38;2;12;32;108m.[38;2;199;238;255mN[38;2;4;11;40m [38;2;64;126;186mc[38;2;84;168;238md[38;2;31;121;255m:[38;2;102;255;255mK[38;2;70;228;255mO[38;2;67;202;255mx[38;2;45;167;255mo[38;2;12;123;249m:[38;2;7;81;235m,[38;2;2;29;178m.[38;2;92;136;238mo[38;2;14;28;124m.[38;2;7;23;75m [38;2;5;34;69m [38;2;48;76;97m'[38;2;57;63;71m.[38;2;61;78;86m'[38;2;53;69;79m'[38;2;48;66;68m.[38;2;29;56;60m.[38;2;16;47;60m.[38;2;4;43;53m.[38;2;0;22;23m [38;2;6;43;49m.[38;2;6;33;31m [38;2;0;4;3m [38;2;4;31;30m [38;2;2;33;38m [38;2;6;31;38m [38;2;6;29;29m [38;2;8;42;46m.[38;2;2;38;41m [0m
[0m[38;2;26;47;55m.[38;2;12;44;54m.[38;2;13;34;33m [38;2;1;12;15m [38;2;6;39;52m.[38;2;3;30;39m [38;2;78;149;155ml[38;2;3;15;23m [38;2;11;20;23m [38;2;6;24;29m [38;2;6;22;30m [38;2;8;24;33m [38;2;0;2;4m [38;2;142;176;198mk[38;2;89;105;129m:[38;2;6;25;34m [38;2;4;29;44m [38;2;0;2;3m [38;2;0;6;1m [38;2;0;7;5m [38;2;0;5;0m [38;2;0;5;4m [38;2;2;10;3m [38;2;3;14;10m [38;2;6;21;25m [38;2;6;25;31m [38;2;6;38;39m [38;2;5;13;19m [38;2;12;45;59m.[38;2;14;48;70m.[38;2;10;48;69m.[38;2;9;47;70m.[38;2;10;47;73m.[38;2;10;46;72m.[38;2;7;33;62m [38;2;73;123;148mc[38;2;33;55;62m.[38;2;28;56;76m.[38;2;40;87;108m'[38;2;40;83;96m'[38;2;14;33;36m [38;2;40;68;144m'[38;2;98;129;138mc[38;2;5;39;46m.[38;2;6;14;32m [38;2;12;30;93m.[38;2;205;247;255mN[38;2;2;2;72m [38;2;18;52;165m.[38;2;83;163;255md[38;2;31;156;255ml[38;2;136;255;255mX[38;2;90;255;255mK[38;2;93;255;255mK[38;2;122;255;255mX[38;2;86;255;255mK[38;2;69;228;255mO[38;2;74;197;255mx[38;2;67;218;255mk[38;2;28;88;233m;[38;2;8;45;190m.[38;2;8;23;100m [38;2;62;83;145m,[38;2;66;91;101m,[38;2;70;97;107m;[38;2;62;88;97m,[38;2;69;91;90m,[38;2;43;67;83m.[38;2;73;101;114m;[38;2;57;88;99m,[38;2;2;21;20m [38;2;10;22;27m [38;2;2;17;13m [38;2;6;34;38m [38;2;8;48;54m.[38;2;8;28;35m [38;2;19;47;41m.[38;2;8;25;21m [38;2;12;43;42m.[38;2;5;38;42m [0m
[0m[38;2;22;55;56m.[38;2;12;47;58m.[38;2;9;37;40m [38;2;6;15;19m [38;2;10;43;55m.[38;2;5;26;36m [38;2;82;145;171ml[38;2;8;33;57m [38;2;4;7;21m [38;2;15;38;76m.[38;2;2;13;38m [38;2;9;23;57m [38;2;72;93;136m;[38;2;198;220;231mX[38;2;3;10;47m [38;2;8;43;83m.[38;2;1;28;50m [38;2;4;36;58m [38;2;9;37;60m.[38;2;4;28;34m [38;2;5;12;11m [38;2;37;48;48m.[38;2;38;46;45m.[38;2;36;44;47m.[38;2;38;47;53m.[38;2;40;48;51m.[38;2;34;46;48m.[38;2;33;36;43m.[38;2;19;28;32m [38;2;33;45;46m.[38;2;25;38;42m.[38;2;8;20;36m [38;2;7;28;46m [38;2;11;32;52m [38;2;15;38;60m.[38;2;27;63;82m.[38;2;24;40;48m.[38;2;14;49;78m.[38;2;11;52;79m.[38;2;11;45;76m.[38;2;0;12;30m [38;2;72;99;176m:[38;2;82;115;138m:[38;2;37;73;86m'[38;2;51;86;92m,[38;2;10;21;60m [38;2;215;255;255mW[38;2;5;9;69m [38;2;13;32;150m.[38;2;42;128;243mc[38;2;29;169;255mo[38;2;125;255;255mX[38;2;93;255;255mK[38;2;70;255;255m0[38;2;94;255;255mK[38;2;94;255;255mK[38;2;80;255;255m0[38;2;149;255;255mX[38;2;42;235;255mO[38;2;99;253;255mK[38;2;14;148;255mc[38;2;2;54;228m.[38;2;12;39;120m.[38;2;0;31;64m [38;2;9;46;78m.[38;2;11;43;55m.[38;2;4;39;50m.[38;2;14;41;49m.[38;2;6;31;43m [38;2;95;116;144mc[38;2;25;32;46m.[38;2;5;20;26m [38;2;6;42;50m.[38;2;5;49;61m.[38;2;5;39;42m.[38;2;0;4;4m [38;2;44;65;64m.[38;2;33;56;62m.[38;2;11;41;48m.[38;2;5;36;44m [0m
[0m[38;2;19;52;50m.[38;2;8;47;51m.[38;2;5;29;30m [38;2;8;16;22m [38;2;7;45;65m.[38;2;6;24;59m [38;2;81;136;194ml[38;2;10;42;148m.[38;2;13;75;191m'[38;2;1;63;182m.[38;2;5;39;194m.[38;2;15;42;184m.[38;2;195;231;254mX[38;2;57;70;163m,[38;2;6;45;164m.[38;2;15;57;167m.[38;2;1;22;95m [38;2;13;43;105m.[38;2;12;45;97m.[38;2;3;16;27m [38;2;61;86;91m,[38;2;143;195;203mO[38;2;140;176;193mx[38;2;136;179;186mx[38;2;140;180;194mk[38;2;143;181;192mk[38;2;121;145;165mo[38;2;138;136;163mo[38;2;84;115;120m:[38;2;108;147;148mo[38;2;103;124;149mc[38;2;118;130;150ml[38;2;57;70;99m'[38;2;87;92;101m;[38;2;24;26;28m [38;2;1;8;6m [38;2;0;9;6m [38;2;8;26;34m [38;2;14;27;45m [38;2;10;34;46m [38;2;0;14;44m [38;2;107;152;218md[38;2;55;76;113m'[38;2;11;42;55m.[38;2;63;115;144m:[38;2;10;19;61m [38;2;203;253;255mW[38;2;12;22;80m [38;2;29;51;148m.[38;2;25;83;231m,[38;2;25;169;255mo[38;2;93;226;255mO[38;2;103;255;255mK[38;2;94;255;255mK[38;2;85;255;255mK[38;2;81;255;255mK[38;2;80;255;255m0[38;2;113;255;255mK[38;2;30;235;255mk[38;2;115;254;255mK[38;2;11;206;255md[38;2;12;78;243m,[38;2;18;47;144m.[38;2;46;94;145m,[38;2;10;37;60m.[38;2;6;25;37m [38;2;0;36;47m [38;2;7;36;44m [38;2;7;33;47m [38;2;35;45;78m.[38;2;71;89;123m;[38;2;7;43;51m.[38;2;9;44;60m.[38;2;11;38;44m.[38;2;30;41;42m.[38;2;30;57;55m.[38;2;19;51;54m.[38;2;10;45;55m.[38;2;7;43;52m.[38;2;9;35;40m [0m
[0m[38;2;21;46;49m.[38;2;7;46;57m.[38;2;8;29;32m [38;2;6;28;30m [38;2;9;42;79m.[38;2;7;22;97m [38;2;81;146;229mo[38;2;4;67;250m'[38;2;116;255;255mK[38;2;87;239;255m0[38;2;92;217;255mO[38;2;71;182;255mx[38;2;98;209;255mO[38;2;77;166;249md[38;2;69;176;255md[38;2;51;164;254mo[38;2;2;95;232m,[38;2;13;64;207m'[38;2;13;42;132m.[38;2;14;27;72m [38;2;5;16;28m [38;2;17;42;56m.[38;2;8;29;38m [38;2;10;23;19m [38;2;12;25;18m [38;2;10;26;25m [38;2;10;19;20m [38;2;15;36;43m.[38;2;12;32;51m [38;2;6;14;10m [38;2;4;24;42m [38;2;21;44;81m.[38;2;32;47;71m.[38;2;111;119;140mc[38;2;176;201;215m0[38;2;92;103;109m:[38;2;3;6;18m [38;2;4;14;39m [38;2;1;8;29m [38;2;1;2;9m [38;2;2;15;65m [38;2;139;186;247mk[38;2;12;20;27m [38;2;5;12;22m [38;2;14;30;51m [38;2;18;30;95m.[38;2;224;253;255mW[38;2;1;8;36m [38;2;14;38;102m.[38;2;13;44;154m.[38;2;36;92;218m;[38;2;7;71;226m'[38;2;11;130;251m:[38;2;28;160;255ml[38;2;50;182;255md[38;2;51;210;255mx[38;2;75;229;255mO[38;2;113;255;255mK[38;2;51;238;255mO[38;2;123;239;255mK[38;2;11;203;255md[38;2;39;120;241m:[38;2;10;36;131m.[38;2;25;61;109m.[38;2;9;38;59m.[38;2;7;19;29m [38;2;4;37;50m [38;2;12;47;55m.[38;2;3;23;32m [38;2;31;56;98m.[38;2;67;91;123m;[38;2;6;44;50m.[38;2;12;35;41m [38;2;30;44;45m.[38;2;33;55;58m.[38;2;9;40;46m.[38;2;9;45;54m.[38;2;8;45;54m.[38;2;10;42;51m.[38;2;10;36;49m.[0m
[0m[38;2;21;46;57m.[38;2;10;46;58m.[38;2;6;22;30m [38;2;3;25;34m [38;2;12;43;83m.[38;2;11;34;125m.[38;2;76;152;250mo[38;2;0;91;255m,[38;2;122;255;255mX[38;2;113;255;255mK[38;2;47;217;255mk[38;2;129;221;255m0[38;2;65;237;255mO[38;2;105;255;255mK[38;2;119;255;255mK[38;2;184;255;255mN[38;2;32;198;255md[38;2;21;128;254mc[38;2;25;73;192m'[38;2;29;52;138m.[38;2;28;57;100m.[38;2;27;57;89m.[38;2;21;42;56m.[38;2;22;44;48m.[38;2;19;28;33m [38;2;16;26;26m [38;2;2;3;1m [38;2;12;39;58m.[38;2;14;47;77m.[38;2;4;16;25m [38;2;13;28;47m [38;2;8;34;55m [38;2;12;44;80m.[38;2;0;4;8m [38;2;25;46;91m.[38;2;200;220;251mX[38;2;51;62;116m'[38;2;13;53;142m.[38;2;9;21;92m [38;2;9;18;74m [38;2;10;38;155m.[38;2;149;209;255m0[38;2;1;6;34m [38;2;15;45;113m.[38;2;0;8;58m [38;2;10;49;139m.[38;2;213;252;255mW[38;2;0;0;2m [38;2;0;9;29m [38;2;2;12;40m [38;2;7;18;67m [38;2;5;18;86m [38;2;15;35;132m.[38;2;10;43;154m.[38;2;9;51;180m.[38;2;15;67;211m'[38;2;6;54;204m.[38;2;15;108;236m;[38;2;52;149;240ml[38;2;74;133;231ml[38;2;22;133;204m:[38;2;54;112;202m:[38;2;8;36;92m.[38;2;5;36;66m.[38;2;4;32;38m [38;2;0;4;1m [38;2;3;16;17m [38;2;5;29;29m [38;2;3;22;36m [38;2;30;63;104m.[38;2;70;95;124m;[38;2;2;11;11m [38;2;25;44;51m.[38;2;9;35;42m [38;2;9;34;46m [38;2;8;36;43m [38;2;9;44;52m.[38;2;5;41;44m.[38;2;4;39;47m.[38;2;7;42;52m.[0m
[0m[38;2;22;49;58m.[38;2;10;48;62m.[38;2;5;22;34m [38;2;5;26;43m [38;2;17;44;88m.[38;2;12;29;132m.[38;2;75;157;252mo[38;2;0;109;255m;[38;2;117;255;255mK[38;2;125;255;255mX[38;2;46;206;255mx[38;2;59;222;255mk[38;2;116;255;255mK[38;2;96;255;255mK[38;2;123;255;255mX[38;2;177;255;255mN[38;2;36;215;255mx[38;2;23;143;255mc[38;2;19;62;224m'[38;2;14;48;153m.[38;2;14;44;107m.[38;2;7;37;83m.[38;2;13;37;72m.[38;2;67;138;163mc[38;2;59;128;160mc[38;2;71;126;166mc[38;2;19;39;53m.[38;2;63;103;118m;[38;2;26;59;83m.[38;2;33;71;88m.[38;2;22;49;68m.[38;2;18;54;81m.[38;2;27;52;90m.[38;2;18;29;60m.[38;2;8;12;96m [38;2;140;167;249mk[38;2;120;150;222md[38;2;9;89;239m,[38;2;4;84;217m'[38;2;11;66;228m'[38;2;14;92;239m,[38;2;158;226;255mK[38;2;2;23;166m.[38;2;26;71;211m'[38;2;5;26;123m.[38;2;9;33;148m.[38;2;215;252;255mW[38;2;0;3;13m [38;2;1;19;50m [38;2;9;32;76m.[38;2;7;35;60m.[38;2;7;17;45m [38;2;1;5;27m [38;2;1;5;21m [38;2;0;4;28m [38;2;4;8;31m [38;2;3;10;38m [38;2;8;14;59m [38;2;83;112;178mc[38;2;13;24;79m [38;2;14;28;53m [38;2;16;34;84m.[38;2;11;50;68m.[38;2;16;51;69m.[38;2;3;16;14m [38;2;0;9;3m [38;2;0;9;1m [38;2;3;7;4m [38;2;1;4;2m [38;2;58;81;110m,[38;2;47;62;87m.[38;2;11;32;37m [38;2;11;51;62m.[38;2;10;43;54m.[38;2;9;34;43m [38;2;13;37;40m.[38;2;11;36;41m [38;2;7;41;51m.[38;2;7;45;50m.[38;2;13;42;52m.[0m
[0m[38;2;24;52;60m.[38;2;19;45;67m.[38;2;7;23;33m [38;2;7;23;44m [38;2;10;46;93m.[38;2;9;36;135m.[38;2;81;155;250mo[38;2;0;115;255m;[38;2;141;255;255mX[38;2;97;249;255mK[38;2;81;206;255mk[38;2;68;231;255mO[38;2;109;255;255mK[38;2;105;255;255mK[38;2;120;255;255mX[38;2;189;255;255mN[38;2;25;218;255mx[38;2;39;204;255mx[38;2;13;60;232m'[38;2;14;56;155m.[38;2;12;51;111m.[38;2;13;45;84m.[38;2;5;36;65m.[38;2;50;95;115m,[38;2;63;142;153mc[38;2;73;153;184ml[38;2;22;35;44m.[38;2;88;154;164mo[38;2;19;45;74m.[38;2;60;103;129m;[38;2;23;53;78m.[38;2;5;39;78m.[38;2;16;50;109m.[38;2;30;62;171m'[38;2;14;49;200m.[38;2;120;194;255mk[38;2;104;240;255m0[38;2;141;235;255mK[38;2;108;243;255mK[38;2;89;215;255mO[38;2;0;201;255md[38;2;115;232;255m0[38;2;52;150;253ml[38;2;22;172;254mo[38;2;5;115;244m;[38;2;0;59;230m.[38;2;176;232;255mX[38;2;0;0;21m [38;2;9;31;89m.[38;2;9;51;86m.[38;2;5;38;51m.[38;2;9;35;57m.[38;2;17;29;35m [38;2;108;128;134ml[38;2;97;116;121mc[38;2;91;114;121m:[38;2;84;104;110m:[38;2;49;67;63m.[38;2;87;111;121m:[38;2;33;47;60m.[38;2;41;55;58m.[38;2;27;33;33m.[38;2;1;13;15m [38;2;11;22;27m [38;2;1;12;10m [38;2;0;7;2m [38;2;0;7;7m [38;2;2;5;1m [38;2;3;2;1m [38;2;92;118;140mc[38;2;22;50;63m.[38;2;4;40;47m.[38;2;7;38;48m.[38;2;9;43;54m.[38;2;10;44;53m.[38;2;9;33;40m [38;2;6;38;42m [38;2;7;45;52m.[38;2;7;44;50m.[38;2;11;43;49m.[0m
[0m[38;2;21;43;45m.[38;2;11;37;47m.[38;2;6;20;32m [38;2;5;24;44m [38;2;10;46;89m.[38;2;9;32;126m.[38;2;82;150;242mo[38;2;3;122;254m:[38;2;165;255;255mN[38;2;46;211;255mx[38;2;97;230;255m0[38;2;97;253;255mK[38;2;103;255;255mK[38;2;109;255;255mK[38;2;118;255;255mK[38;2;192;255;255mN[38;2;16;220;255mx[38;2;47;203;255mx[38;2;32;98;229m;[38;2;9;49;146m.[38;2;13;51;105m.[38;2;12;46;92m.[38;2;7;43;69m.[38;2;24;53;71m.[38;2;71;156;163ml[38;2;77;151;167ml[38;2;5;14;20m [38;2;85;160;175mo[38;2;73;130;155mc[38;2;15;30;52m [38;2;64;111;135m:[38;2;12;45;82m.[38;2;16;55;130m.[38;2;20;61;180m.[38;2;7;67;236m'[38;2;136;220;255m0[38;2;80;253;255m0[38;2;211;255;255mW[38;2;167;255;255mN[38;2;189;255;255mN[38;2;12;243;255mk[38;2;63;252;255m0[38;2;228;255;255mW[38;2;193;255;255mN[38;2;57;234;255mO[38;2;0;141;255mc[38;2;154;220;255mK[38;2;9;20;100m [38;2;13;40;115m.[38;2;18;42;90m.[38;2;7;25;44m [38;2;19;43;51m.[38;2;8;20;29m [38;2;8;27;31m [38;2;5;13;9m [38;2;3;11;13m [38;2;10;32;34m [38;2;2;23;32m [38;2;83;108;129m:[38;2;4;25;32m [38;2;6;11;16m [38;2;145;165;181mx[38;2;19;32;33m [38;2;7;34;37m [38;2;0;8;4m [38;2;0;7;3m [38;2;0;6;5m [38;2;1;6;0m [38;2;1;0;0m [38;2;122;161;193md[38;2;5;33;28m [38;2;1;5;5m [38;2;15;45;50m.[38;2;9;46;52m.[38;2;12;47;53m.[38;2;13;45;52m.[38;2;8;31;36m [38;2;19;49;50m.[38;2;8;37;42m [38;2;10;46;47m.[0m
[0m[38;2;34;74;65m.[38;2;27;68;72m.[38;2;31;73;77m.[38;2;8;23;33m [38;2;16;46;77m.[38;2;12;29;82m.[38;2;79;141;207ml[38;2;9;66;191m.[38;2;76;161;225mo[38;2;19;125;244m:[38;2;120;206;255mO[38;2;64;185;246md[38;2;70;218;255mk[38;2;71;221;255mk[38;2;80;227;255mO[38;2;141;234;255mK[38;2;21;197;255md[38;2;36;130;239mc[38;2;77;144;235mo[38;2;25;61;118m.[38;2;20;60;105m.[38;2;18;46;88m.[38;2;10;46;61m.[38;2;10;31;45m [38;2;67;137;137mc[38;2;79;159;170mo[38;2;2;9;12m [38;2;90;159;167mo[38;2;73;145;164ml[38;2;57;121;142m:[38;2;16;41;63m.[38;2;51;86;131m,[38;2;14;44;126m.[38;2;15;55;177m.[38;2;18;96;241m;[38;2;98;219;255mO[38;2;114;254;255mK[38;2;206;255;255mW[38;2;192;255;255mN[38;2;130;255;255mX[38;2;127;255;255mX[38;2;73;254;255m0[38;2;193;255;255mN[38;2;219;255;255mW[38;2;69;249;255m0[38;2;6;159;255ml[38;2;133;203;255mO[38;2;3;33;148m.[38;2;13;58;141m.[38;2;12;50;99m.[38;2;13;26;50m [38;2;49;74;93m'[38;2;17;51;67m.[38;2;40;86;92m'[38;2;63;113;119m:[38;2;41;76;64m'[38;2;10;23;32m [38;2;10;35;48m.[38;2;102;149;185mo[38;2;20;43;42m.[38;2;3;9;4m [38;2;77;108;145m:[38;2;24;41;59m.[38;2;5;38;42m [38;2;0;7;3m [38;2;0;7;1m [38;2;0;9;1m [38;2;1;5;1m [38;2;35;37;54m.[38;2;85;129;146mc[38;2;7;43;41m.[38;2;0;8;9m [38;2;13;41;50m.[38;2;3;27;32m [38;2;11;38;46m.[38;2;5;29;37m [38;2;8;38;39m [38;2;17;44;50m.[38;2;29;54;56m.[38;2;22;57;59m.[0m
[0m[38;2;18;52;47m.[38;2;9;48;55m.[38;2;11;46;56m.[38;2;2;18;31m [38;2;13;48;65m.[38;2;5;29;54m [38;2;76;140;172ml[38;2;4;11;42m [38;2;10;39;106m.[38;2;19;37;142m.[38;2;192;238;255mN[38;2;3;15;119m [38;2;9;50;190m.[38;2;53;118;239mc[38;2;14;81;201m'[38;2;6;65;193m.[38;2;58;124;216mc[38;2;7;26;110m.[38;2;31;77;131m'[38;2;40;77;116m'[38;2;37;80;107m'[38;2;34;74;102m'[38;2;34;74;89m'[38;2;35;72;78m.[38;2;38;75;96m'[38;2;42;87;102m'[38;2;46;88;107m,[38;2;31;64;70m.[38;2;61;111;122m;[38;2;47;108;122m;[38;2;47;85;108m,[38;2;29;61;89m.[38;2;37;88;140m,[38;2;35;82;191m,[38;2;24;98;234m;[38;2;104;209;255mO[38;2;105;246;255mK[38;2;197;255;255mN[38;2;215;255;255mW[38;2;86;251;255m0[38;2;111;240;255mK[38;2;129;255;255mX[38;2;158;255;255mX[38;2;212;255;255mW[38;2;82;242;255m0[38;2;6;166;255ml[38;2;159;208;252m0[38;2;10;49;172m.[38;2;22;75;153m'[38;2;24;66;108m.[38;2;13;30;51m [38;2;102;156;183mo[38;2;21;53;71m.[38;2;7;29;35m [38;2;59;118;127m:[38;2;63;113;113m;[38;2;15;25;30m [38;2;2;24;42m [38;2;109;149;197mo[38;2;26;52;44m.[38;2;0;8;8m [38;2;88;119;161mc[38;2;22;49;57m.[38;2;48;102;102m,[38;2;1;4;0m [38;2;2;9;0m [38;2;0;7;1m [38;2;0;0;0m [38;2;123;159;182md[38;2;17;45;58m.[38;2;11;47;54m.[38;2;0;12;11m [38;2;3;40;49m.[38;2;32;74;80m.[38;2;19;59;91m.[38;2;17;59;90m.[38;2;13;33;35m [38;2;89;105;98m:[38;2;39;58;55m.[38;2;28;73;66m.[0m
[0m[38;2;18;47;49m.[38;2;8;46;57m.[38;2;11;47;53m.[38;2;1;23;33m [38;2;13;47;57m.[38;2;5;30;43m [38;2;81;147;163ml[38;2;8;28;44m [38;2;9;47;69m.[38;2;7;10;58m [38;2;178;209;247mK[38;2;35;48;78m.[38;2;9;38;92m.[38;2;23;56;111m.[38;2;70;134;170mc[38;2;7;26;70m [38;2;64;120;155m:[38;2;2;8;28m [38;2;12;47;84m.[38;2;10;48;72m.[38;2;7;48;70m.[38;2;7;46;62m.[38;2;9;46;63m.[38;2;11;47;58m.[38;2;11;45;59m.[38;2;10;45;56m.[38;2;42;83;99m'[38;2;20;33;44m.[38;2;19;47;62m.[38;2;14;42;65m.[38;2;9;38;85m.[38;2;42;63;104m.[38;2;110;127;132ml[38;2;145;154;155md[38;2;157;167;183mx[38;2;175;218;225mK[38;2;221;242;242mN[38;2;236;242;243mW[38;2;250;242;243mW[38;2;244;242;247mW[38;2;205;232;252mN[38;2;236;248;253mW[38;2;211;248;255mW[38;2;203;252;255mW[38;2;130;219;251m0[38;2;78;146;250mo[38;2;148;174;199mk[38;2;56;64;127m'[38;2;44;63;116m.[38;2;61;83;103m,[38;2;8;16;25m [38;2;74;110;121m:[38;2;68;117;140m:[38;2;13;43;52m.[38;2;17;45;61m.[38;2;42;76;77m'[38;2;8;24;32m [38;2;20;37;55m.[38;2;113;139;149ml[38;2;5;34;33m [38;2;0;2;3m [38;2;99;129;182ml[38;2;4;23;26m [38;2;20;58;61m.[38;2;0;5;2m [38;2;2;5;4m [38;2;0;8;1m [38;2;28;42;51m.[38;2;109;140;164ml[38;2;9;34;50m [38;2;12;46;60m.[38;2;0;14;14m [38;2;8;34;39m [38;2;27;42;48m.[38;2;21;31;38m [38;2;44;101;106m,[38;2;4;29;27m [38;2;133;159;153md[38;2;56;83;72m'[38;2;25;77;73m.[0m
[0m[38;2;18;51;48m.[38;2;8;46;55m.[38;2;9;51;53m.[38;2;1;17;26m [38;2;13;47;53m.[38;2;5;29;48m [38;2;74;136;149mc[38;2;5;26;33m [38;2;10;46;51m.[38;2;3;17;34m [38;2;88;125;186mc[38;2;129;145;155mo[38;2;3;24;39m [38;2;7;39;65m.[38;2;36;81;111m'[38;2;49;100;125m;[38;2;57;119;130m:[38;2;2;10;21m [38;2;10;49;73m.[38;2;10;48;66m.[38;2;10;51;61m.[38;2;7;48;60m.[38;2;8;46;65m.[38;2;9;49;65m.[38;2;8;47;65m.[38;2;13;46;60m.[38;2;17;58;75m.[38;2;15;31;39m [38;2;21;50;81m.[38;2;35;45;71m.[38;2;143;144;102mo[38;2;223;212;137mK[38;2;205;174;71mk[38;2;214;174;86mk[38;2;215;182;93mO[38;2;203;168;100mk[38;2;170;138;104mo[38;2;173;144;141md[38;2;239;224;176mX[38;2;255;236;191mN[38;2;255;233;163mN[38;2;255;226;197mN[38;2;255;228;200mN[38;2;255;227;194mN[38;2;255;230;185mN[38;2;255;233;149mN[38;2;255;234;138mN[38;2;255;232;123mN[38;2;236;196;91m0[38;2;249;206;87mK[38;2;210;191;99mO[38;2;204;183;82mk[38;2;172;156;83md[38;2;93;84;67m,[38;2;99;112;97m:[38;2;63;74;77m'[38;2;8;16;27m [38;2;95;115;131mc[38;2;63;84;105m,[38;2;33;79;80m'[38;2;2;5;9m [38;2;109;147;177mo[38;2;23;44;56m.[38;2;33;73;81m.[38;2;5;15;13m [38;2;0;2;1m [38;2;0;6;8m [38;2;121;149;169mo[38;2;13;20;19m [38;2;13;54;65m.[38;2;9;48;57m.[38;2;2;15;16m [38;2;5;28;34m [38;2;60;77;62m'[38;2;57;74;58m'[38;2;24;32;28m.[38;2;0;0;0m [38;2;132;151;148mo[38;2;32;50;45m.[38;2;21;56;59m.[0m
[0m[38;2;22;42;47m.[38;2;5;40;50m.[38;2;14;43;48m.[38;2;1;15;11m [38;2;8;39;46m.[38;2;54;96;124m,[38;2;50;106;102m;[38;2;0;11;13m [38;2;5;32;38m [38;2;4;25;25m [38;2;27;45;74m.[38;2;146;189;229mO[38;2;23;39;44m.[38;2;2;28;36m [38;2;1;25;31m [38;2;44;87;95m'[38;2;39;87;86m'[38;2;0;6;13m [38;2;7;32;39m [38;2;8;30;35m [38;2;5;35;37m [38;2;5;32;40m [38;2;5;30;43m [38;2;4;35;42m [38;2;10;28;42m [38;2;11;33;51m [38;2;17;42;57m.[38;2;46;46;51m.[38;2;160;131;95mo[38;2;225;179;78mO[38;2;210;174;69mk[38;2;188;138;54mo[38;2;104;63;29m'[38;2;134;101;54m:[38;2;147;118;69mc[38;2;162;119;75ml[38;2;145;111;64mc[38;2;119;85;50m;[38;2;157;121;78ml[38;2;193;158;105mx[38;2;191;169;93mx[38;2;236;204;131mK[38;2;218;174;98mk[38;2;255;229;125mX[38;2;255;226;108mX[38;2;255;228;103mX[38;2;255;228;94mX[38;2;255;228;87mX[38;2;255;228;98mX[38;2;255;229;99mX[38;2;250;205;84mK[38;2;251;209;81mK[38;2;255;238;86mX[38;2;255;229;82mX[38;2;255;238;98mN[38;2;211;184;70mk[38;2;122;108;55m:[38;2;174;166;116mx[38;2;36;38;38m.[38;2;8;34;30m [38;2;55;78;98m'[38;2;72;94;107m;[38;2;8;21;26m [38;2;14;46;58m.[38;2;4;20;14m [38;2;0;0;0m [38;2;88;115;125m:[38;2;50;66;63m.[38;2;8;16;17m [38;2;16;55;68m.[38;2;13;48;56m.[38;2;5;16;17m [38;2;15;37;45m.[38;2;34;47;51m.[38;2;29;49;47m.[38;2;11;29;28m [38;2;5;19;17m [38;2;79;98;98m;[38;2;23;51;52m.[38;2;27;58;56m.[0m
[0m[38;2;22;48;50m.[38;2;8;43;62m.[38;2;7;32;31m [38;2;2;18;22m [38;2;8;33;47m [38;2;65;117;129m:[38;2;45;105;110m;[38;2;2;9;15m [38;2;1;8;7m [38;2;5;19;19m [38;2;4;15;15m [38;2;47;82;159m,[38;2;117;154;187md[38;2;25;33;32m.[38;2;0;2;1m [38;2;1;6;4m [38;2;0;7;1m [38;2;5;23;31m [38;2;5;27;41m [38;2;3;11;16m [38;2;12;17;18m [38;2;53;56;59m.[38;2;53;51;52m.[38;2;52;52;55m.[38;2;62;63;68m.[38;2;61;68;77m'[38;2;65;61;64m.[38;2;77;81;89m,[38;2;137;111;68mc[38;2;120;90;37m;[38;2;101;85;46m,[38;2;70;55;38m.[38;2;75;69;44m'[38;2;80;73;39m'[38;2;141;128;71ml[38;2;131;97;55m:[38;2;92;74;42m,[38;2;118;106;91m:[38;2;133;141;128mo[38;2;62;48;50m.[38;2;157;121;114ml[38;2;135;105;52m:[38;2;137;99;69m:[38;2;255;247;126mN[38;2;255;227;84mX[38;2;255;227;100mX[38;2;255;228;95mX[38;2;255;228;91mX[38;2;255;227;93mX[38;2;255;227;92mX[38;2;255;227;87mX[38;2;254;222;85mX[38;2;253;209;71mK[38;2;255;229;88mX[38;2;255;227;84mX[38;2;255;225;80mX[38;2;255;225;87mX[38;2;255;239;102mN[38;2;230;223;105mK[38;2;68;44;17m.[38;2;102;121;147mc[38;2;51;63;67m.[38;2;43;53;48m.[38;2;23;31;32m [38;2;0;2;1m [38;2;40;48;61m.[38;2;102;132;152ml[38;2;1;0;0m [38;2;7;23;21m [38;2;14;53;67m.[38;2;12;47;50m.[38;2;6;17;17m [38;2;15;41;47m.[38;2;6;32;42m [38;2;9;30;30m [38;2;13;45;53m.[38;2;7;37;36m [38;2;78;132;140mc[38;2;19;48;66m.[38;2;26;47;55m.[0m
[0m[38;2;19;50;47m.[38;2;8;45;58m.[38;2;5;39;29m [38;2;7;16;19m [38;2;9;34;52m [38;2;65;120;130m:[38;2;43;98;100m,[38;2;5;16;15m [38;2;0;4;9m [38;2;11;46;55m.[38;2;3;22;33m [38;2;8;26;36m [38;2;44;82;135m,[38;2;130;166;206mx[38;2;65;73;74m'[38;2;1;3;3m [38;2;0;3;1m [38;2;12;53;87m.[38;2;10;49;97m.[38;2;3;17;28m [38;2;91;114;123m:[38;2;187;214;227mK[38;2;175;210;223m0[38;2;164;204;206m0[38;2;163;198;215mO[38;2;159;193;205mO[38;2;108;148;163mo[38;2;74;103;121m;[38;2;64;61;91m'[38;2;25;54;70m.[38;2;50;87;92m,[38;2;92;133;164ml[38;2;72;106;150m:[38;2;67;95;141m;[38;2;71;110;148m:[38;2;90;125;154mc[38;2;64;83;142m,[38;2;102;131;197ml[38;2;70;78;80m,[38;2;107;91;87m;[38;2;245;191;85m0[38;2;108;84;38m,[38;2;83;54;37m.[38;2;255;249;131mN[38;2;255;225;84mX[38;2;255;228;87mX[38;2;255;227;91mX[38;2;255;227;88mX[38;2;255;227;89mX[38;2;255;228;83mX[38;2;255;228;89mX[38;2;255;226;85mX[38;2;255;227;88mX[38;2;255;226;88mX[38;2;255;227;84mX[38;2;255;227;83mX[38;2;255;222;75mX[38;2;255;224;84mX[38;2;255;236;88mX[38;2;241;223;88mK[38;2;180;167;105mx[38;2;59;68;90m'[38;2;44;59;125m.[38;2;55;69;147m'[38;2;98;114;145mc[38;2;113;152;178mo[38;2;8;17;22m [38;2;0;10;6m [38;2;13;24;28m [38;2;18;59;67m.[38;2;17;50;51m.[38;2;5;18;18m [38;2;20;54;53m.[38;2;24;51;70m.[38;2;0;4;2m [38;2;14;43;42m.[38;2;2;32;27m [38;2;84;133;144mc[38;2;8;32;36m [38;2;19;43;47m.[0m
[0m[38;2;19;47;53m.[38;2;9;45;53m.[38;2;6;33;31m [38;2;8;22;22m [38;2;6;32;44m [38;2;70;126;146mc[38;2;36;86;84m'[38;2;5;17;19m [38;2;1;17;19m [38;2;4;22;27m [38;2;7;38;54m.[38;2;5;34;41m [38;2;3;4;7m [38;2;32;54;101m.[38;2;120;165;216mx[38;2;122;137;151mo[38;2;37;38;52m.[38;2;9;33;94m.[38;2;11;45;121m.[38;2;10;31;94m.[38;2;11;24;89m [38;2;16;55;158m.[38;2;14;32;138m.[38;2;13;34;128m.[38;2;14;43;147m.[38;2;21;44;146m.[38;2;22;51;143m.[38;2;37;67;139m'[38;2;34;61;115m.[38;2;19;51;86m.[38;2;30;42;70m.[38;2;21;37;51m.[38;2;8;24;28m [38;2;2;0;0m [38;2;36;54;96m.[38;2;132;154;170md[38;2;91;114;134m:[38;2;114;148;193mo[38;2;88;123;153mc[38;2;100;82;51m,[38;2;228;178;79mO[38;2;93;81;36m,[38;2;48;15;12m [38;2;255;253;128mW[38;2;255;231;91mX[38;2;255;226;84mX[38;2;255;226;86mX[38;2;255;228;85mX[38;2;255;227;88mX[38;2;255;228;86mX[38;2;255;227;88mX[38;2;255;226;83mX[38;2;255;226;86mX[38;2;255;227;83mX[38;2;255;227;87mX[38;2;255;226;84mX[38;2;255;229;83mX[38;2;254;225;85mX[38;2;254;213;85mK[38;2;253;207;98mK[38;2;254;232;174mN[38;2;197;184;195mO[38;2;78;144;247mo[38;2;84;160;244md[38;2;59;160;250mo[38;2;104;141;199mo[38;2;0;5;55m [38;2;0;19;29m [38;2;14;32;39m [38;2;32;71;79m.[38;2;17;57;60m.[38;2;15;28;33m [38;2;33;68;72m.[38;2;31;66;76m.[38;2;0;5;2m [38;2;25;57;61m.[38;2;30;67;72m.[38;2;63;99;120m;[38;2;17;40;48m.[38;2;26;50;56m.[0m
[0m[38;2;26;49;55m.[38;2;10;45;56m.[38;2;7;41;43m.[38;2;6;18;20m [38;2;6;31;50m [38;2;75;142;149ml[38;2;39;83;80m'[38;2;2;10;18m [38;2;9;45;52m.[38;2;10;41;54m.[38;2;5;47;60m.[38;2;7;30;43m [38;2;3;11;17m [38;2;3;10;19m [38;2;5;28;61m [38;2;58;94;176m;[38;2;133;163;236mx[38;2;112;152;191mo[38;2;85;105;188m:[38;2;27;65;208m'[38;2;18;98;240m;[38;2;4;130;245m:[38;2;3;139;247mc[38;2;25;153;249ml[38;2;31;170;254mo[38;2;42;162;252mo[38;2;20;135;248mc[38;2;27;99;226m;[38;2;25;71;170m'[38;2;26;59;123m.[38;2;26;52;102m.[38;2;40;61;112m.[38;2;24;57;90m.[38;2;37;66;108m.[38;2;55;100;146m;[38;2;173;184;188mO[38;2;60;83;78m'[38;2;24;40;45m.[38;2;155;208;235m0[38;2;27;42;73m.[38;2;85;63;45m'[38;2;87;77;45m,[38;2;149;122;66ml[38;2;255;245;109mN[38;2;255;228;88mX[38;2;255;227;84mX[38;2;255;227;84mX[38;2;255;228;83mX[38;2;255;227;83mX[38;2;255;227;82mX[38;2;255;228;83mX[38;2;255;227;84mX[38;2;255;229;81mX[38;2;255;228;82mX[38;2;255;228;82mX[38;2;255;227;81mX[38;2;255;228;85mX[38;2;251;198;64m0[38;2;254;210;99mK[38;2;253;214;119mX[38;2;252;217;182mX[38;2;252;235;226mW[38;2;240;245;254mW[38;2;173;250;255mN[38;2;77;191;250mx[38;2;110;160;248md[38;2;8;16;68m [38;2;1;19;30m [38;2;18;35;43m.[38;2;32;68;77m.[38;2;16;57;60m.[38;2;16;30;30m [38;2;33;63;68m.[38;2;41;67;64m.[38;2;0;2;1m [38;2;24;54;59m.[38;2;74;123;130m:[38;2;29;62;69m.[38;2;27;54;65m.[38;2;31;59;72m.[0m
[0m[38;2;19;43;51m.[38;2;28;69;88m.[38;2;48;98;92m,[38;2;4;18;18m [38;2;5;33;44m [38;2;73;140;145mc[38;2;35;85;92m'[38;2;12;20;21m [38;2;38;82;95m'[38;2;44;79;86m'[38;2;36;84;96m'[38;2;43;101;116m,[38;2;36;76;103m'[38;2;29;53;106m.[38;2;18;66;161m.[38;2;21;71;216m'[38;2;0;127;252m:[38;2;118;226;255m0[38;2;114;237;255m0[38;2;64;219;255mk[38;2;60;222;255mk[38;2;95;242;255m0[38;2;106;247;255mK[38;2;137;249;255mX[38;2;157;253;255mX[38;2;166;252;255mN[38;2;112;246;255mK[38;2;77;157;255mo[38;2;155;160;219mx[38;2;184;165;161mk[38;2;180;150;87md[38;2;221;199;126m0[38;2;196;188;104mO[38;2;152;151;113md[38;2;118;126;120ml[38;2;163;158;122md[38;2;68;57;35m.[38;2;84;72;42m'[38;2;141;151;133md[38;2;131;156;133md[38;2;132;135;80ml[38;2;194;175;79mk[38;2;255;240;97mN[38;2;255;228;89mX[38;2;255;227;90mX[38;2;255;228;84mX[38;2;255;227;85mX[38;2;255;225;81mX[38;2;255;226;81mX[38;2;255;221;77mX[38;2;255;219;77mK[38;2;255;218;77mK[38;2;255;218;80mK[38;2;255;216;81mK[38;2;255;219;78mK[38;2;254;220;79mK[38;2;253;205;73mK[38;2;253;202;72m0[38;2;252;204;80mK[38;2;254;211;94mK[38;2;254;213;117mK[38;2;252;213;137mX[38;2;253;230;181mN[38;2;206;202;179m0[38;2;88;111;152m:[38;2;97;131;179ml[38;2;83;110;127m:[38;2;56;79;82m'[38;2;47;71;72m'[38;2;19;47;44m.[38;2;55;74;75m'[38;2;48;60;59m.[38;2;56;76;84m'[38;2;50;75;87m'[38;2;3;8;11m [38;2;20;40;51m.[38;2;63;107;122m;[38;2;11;27;36m [38;2;21;48;61m.[38;2;28;59;69m.[0m
[0m[38;2;40;66;80m.[38;2;74;157;165ml[38;2;20;48;40m.[38;2;5;20;22m [38;2;5;33;52m [38;2;80;144;156ml[38;2;30;81;80m'[38;2;24;44;56m.[38;2;79;164;171mo[38;2;63;140;154mc[38;2;58;134;155mc[38;2;52;142;163mc[38;2;70;142;172ml[38;2;19;46;120m.[38;2;20;63;200m'[38;2;9;95;254m;[38;2;0;217;255md[38;2;154;255;255mX[38;2;163;255;255mN[38;2;152;255;255mX[38;2;126;253;255mX[38;2;104;249;255mK[38;2;97;244;255m0[38;2;104;240;255m0[38;2;112;244;255mK[38;2;105;243;255mK[38;2;58;213;255mk[38;2;61;161;255mo[38;2;116;165;227mx[38;2;142;163;194mx[38;2;122;139;128ml[38;2;204;186;120mO[38;2;162;133;69mo[38;2;230;210;128mK[38;2;249;217;114mX[38;2;246;216;111mK[38;2;249;223;91mX[38;2;254;229;89mX[38;2;255;218;73mK[38;2;254;214;73mK[38;2;254;211;67mK[38;2;254;209;75mK[38;2;255;213;72mK[38;2;255;210;81mK[38;2;255;209;70mK[38;2;253;207;69mK[38;2;255;209;72mK[38;2;254;204;65mK[38;2;255;206;67mK[38;2;255;206;73mK[38;2;254;203;64m0[38;2;252;201;72m0[38;2;252;198;64m0[38;2;254;207;70mK[38;2;253;201;64m0[38;2;252;205;68mK[38;2;220;169;58mk[38;2;243;202;95m0[38;2;251;203;73m0[38;2;253;212;81mK[38;2;237;209;81mK[38;2;166;142;74mo[38;2;152;158;128md[38;2;104;147;157mo[38;2;111;158;173md[38;2;115;159;172md[38;2;106;146;158mo[38;2;115;150;157mo[38;2;170;198;200mO[38;2;189;208;207m0[38;2;234;250;249mW[38;2;238;250;251mW[38;2;235;250;251mW[38;2;224;245;247mW[38;2;193;208;214mK[38;2;185;203;205m0[38;2;148;168;171mx[38;2;146;153;156md[38;2;121;138;143mo[38;2;105;121;124mc[0m
[0m[38;2;82;143;129ml[38;2;19;66;70m.[38;2;6;15;16m [38;2;5;22;24m [38;2;4;34;51m [38;2;77;143;157ml[38;2;36;82;77m'[38;2;23;37;51m.[38;2;72;154;160ml[38;2;60;126;159mc[38;2;58;130;157mc[38;2;56;131;159mc[38;2;63;137;164mc[38;2;68;126;176mc[38;2;26;72;202m'[38;2;14;95;255m;[38;2;3;214;255md[38;2;142;255;255mX[38;2;136;255;255mX[38;2;143;255;255mX[38;2;143;255;255mX[38;2;147;255;255mX[38;2;161;255;255mN[38;2;171;255;255mN[38;2;166;255;255mN[38;2;183;255;255mN[38;2;81;247;255m0[38;2;8;157;255ml[38;2;10;70;235m'[38;2;26;68;162m'[38;2;40;69;112m'[38;2;98;101;101m:[38;2;99;87;53m,[38;2;133;108;61mc[38;2;169;154;83md[38;2;185;149;84md[38;2;136;109;46m:[38;2;150;139;62ml[38;2;178;155;77md[38;2;201;160;68mx[38;2;202;165;62mx[38;2;243;203;96mK[38;2;232;193;95m0[38;2;235;188;80mO[38;2;218;174;58mk[38;2;242;192;77m0[38;2;240;190;75m0[38;2;236;184;61mO[38;2;241;199;76m0[38;2;246;199;73m0[38;2;249;202;76m0[38;2;232;185;66mO[38;2;244;201;86m0[38;2;228;168;58mk[38;2;225;181;72mO[38;2;237;202;84m0[38;2;185;141;39mo[38;2;170;144;52mo[38;2;209;165;63mx[38;2;203;176;85mk[38;2;100;104;84m:[38;2;96;128;138mc[38;2;112;157;172md[38;2;120;159;167md[38;2;110;152;161mo[38;2;100;133;140ml[38;2;171;191;193mO[38;2;225;244;245mW[38;2;225;246;247mW[38;2;219;242;245mN[38;2;219;242;244mN[38;2;220;242;244mN[38;2;218;242;245mN[38;2;217;242;244mN[38;2;219;242;244mN[38;2;218;242;244mN[38;2;218;243;244mN[38;2;217;244;246mN[38;2;220;244;247mN[38;2;223;246;249mW[0m
[0m[38;2;36;73;63m.[38;2;5;42;51m.[38;2;4;22;26m [38;2;6;15;24m [38;2;4;33;44m [38;2;76;145;156ml[38;2;33;74;69m.[38;2;26;36;50m.[38;2;69;155;155ml[38;2;56;132;157mc[38;2;59;135;150mc[38;2;58;128;158mc[38;2;60;131;162mc[38;2;60;127;167mc[38;2;54;115;208m:[38;2;18;77;241m,[38;2;5;168;255ml[38;2;143;255;255mX[38;2;129;255;255mX[38;2;126;255;255mX[38;2;119;255;255mK[38;2;121;255;255mX[38;2;126;254;255mX[38;2;118;251;255mK[38;2;116;251;255mK[38;2;118;245;255mK[38;2;48;217;255mk[38;2;3;107;249m;[38;2;10;64;217m'[38;2;15;53;137m.[38;2;22;51;82m.[38;2;18;44;66m.[38;2;18;50;65m.[38;2;12;31;39m [38;2;89;122;150mc[38;2;119;115;98mc[38;2;32;31;19m.[38;2;72;100;84m;[38;2;135;110;69mc[38;2;148;116;48mc[38;2;100;83;20m,[38;2;128;120;61mc[38;2;145;126;76ml[38;2;162;146;93mo[38;2;165;132;64mo[38;2;236;206;119mK[38;2;222;189;105mO[38;2;206;166;90mk[38;2;204;174;109mk[38;2;207;168;95mk[38;2;213;178;99mk[38;2;175;137;57mo[38;2;250;231;154mN[38;2;198;154;62mx[38;2;175;144;73md[38;2;165;144;77mo[38;2;148;122;50ml[38;2;168;149;67md[38;2;202;172;76mk[38;2;71;56;27m.[38;2;51;89;91m,[38;2;62;97;88m,[38;2;111;140;139ml[38;2;100;142;140ml[38;2;76;112;121m:[38;2;213;233;230mN[38;2;227;249;250mW[38;2;216;241;243mN[38;2;218;242;244mN[38;2;216;242;243mN[38;2;215;241;245mN[38;2;217;242;245mN[38;2;217;241;244mN[38;2;218;242;245mN[38;2;216;241;246mN[38;2;216;242;244mN[38;2;217;242;244mN[38;2;217;241;245mN[38;2;217;241;245mN[38;2;216;241;244mN[0m
[0m[38;2;21;46;46m.[38;2;6;48;61m.[38;2;7;24;24m [38;2;7;15;20m [38;2;6;33;47m [38;2;74;138;156mc[38;2;28;67;56m.[38;2;18;28;42m [38;2;50;114;121m;[38;2;40;93;105m,[38;2;41;92;99m,[38;2;42;87;97m'[38;2;50;94;116m,[38;2;52;100;140m;[38;2;40;84;150m,[38;2;45;76;187m,[38;2;30;103;243m;[38;2;23;122;231m:[38;2;24;148;254ml[38;2;13;161;255ml[38;2;3;156;255ml[38;2;5;154;252mc[38;2;10;156;255ml[38;2;10;147;251mc[38;2;11;125;242m:[38;2;13;106;237m;[38;2;37;133;232mc[38;2;3;24;148m.[38;2;15;61;154m.[38;2;6;50;107m.[38;2;8;47;66m.[38;2;7;46;67m.[38;2;8;47;56m.[38;2;0;18;23m [38;2;117;159;204md[38;2;119;128;128ml[38;2;0;1;0m [38;2;50;100;98m,[38;2;108;133;203mo[38;2;87;107;101m:[38;2;62;53;17m.[38;2;90;94;60m;[38;2;104;103;60m;[38;2;113;106;58m:[38;2;107;91;31m;[38;2;161;120;64ml[38;2;145;115;59mc[38;2;92;89;37m,[38;2;92;93;54m;[38;2;94;93;50m;[38;2;96;91;59m;[38;2;90;79;63m,[38;2;172;145;94md[38;2;121;103;51m:[38;2;102;97;67m;[38;2;114;106;71m:[38;2;75;83;56m,[38;2;89;97;71m;[38;2;127;116;65mc[38;2;47;62;59m.[38;2;60;98;99m,[38;2;50;89;79m,[38;2;111;142;140ml[38;2;73;114;121m:[38;2;167;198;197mO[38;2;209;234;234mN[38;2;204;230;234mX[38;2;207;231;236mX[38;2;213;238;241mN[38;2;215;240;243mN[38;2;216;241;244mN[38;2;217;242;243mN[38;2;217;242;244mN[38;2;216;241;245mN[38;2;217;241;245mN[38;2;217;242;244mN[38;2;216;241;245mN[38;2;218;242;245mN[38;2;221;241;245mN[38;2;217;241;246mN[0m
[0m[38;2;18;38;40m.[38;2;9;38;54m.[38;2;2;30;28m [38;2;5;33;43m [38;2;5;25;39m [38;2;63;130;150mc[38;2;42;91;77m'[38;2;0;4;11m [38;2;7;31;37m [38;2;6;33;46m [38;2;8;46;61m.[38;2;22;54;75m.[38;2;26;59;83m.[38;2;27;65;94m.[38;2;24;61;102m.[38;2;39;77;129m'[38;2;84;152;214mo[38;2;5;15;104m [38;2;14;63;178m.[38;2;12;67;183m'[38;2;11;62;190m.[38;2;12;60;176m.[38;2;9;62;167m.[38;2;11;65;168m.[38;2;11;55;142m.[38;2;14;57;144m.[38;2;17;53;125m.[38;2;18;48;94m.[38;2;13;47;92m.[38;2;7;46;82m.[38;2;9;46;76m.[38;2;9;46;68m.[38;2;6;48;58m.[38;2;1;25;36m [38;2;120;153;191md[38;2;115;131;131ml[38;2;0;2;0m [38;2;32;64;54m.[38;2;140;194;252mO[38;2;63;88;119m,[38;2;0;6;2m [38;2;1;10;11m [38;2;0;10;7m [38;2;13;19;21m [38;2;39;33;27m.[38;2;124;139;125ml[38;2;115;103;89m:[38;2;76;74;58m'[38;2;63;69;70m'[38;2;73;81;88m,[38;2;84;93;113m;[38;2;101;116;124mc[38;2;179;153;154mx[38;2;159;133;125mo[38;2;85;101;150m:[38;2;82;91;146m;[38;2;89;96;141m:[38;2;97;101;92m:[38;2;103;94;62m;[38;2;16;28;32m [38;2;44;67;69m.[38;2;51;81;82m'[38;2;109;146;155mo[38;2;61;96;106m,[38;2;223;246;245mW[38;2;202;227;233mX[38;2;193;225;225mX[38;2;202;226;232mX[38;2;197;227;230mX[38;2;201;229;233mX[38;2;208;231;237mX[38;2;209;233;238mN[38;2;214;238;241mN[38;2;217;241;244mN[38;2;216;241;243mN[38;2;216;241;244mN[38;2;217;241;245mN[38;2;216;241;245mN[38;2;218;242;245mN[38;2;218;241;245mN[0m
[0m[38;2;21;45;49m.[38;2;10;45;64m.[38;2;5;44;50m.[38;2;5;43;55m.[38;2;4;23;32m [38;2;61;120;142m:[38;2;48;93;89m,[38;2;2;11;15m [38;2;5;44;53m.[38;2;5;42;54m.[38;2;3;43;52m.[38;2;4;42;54m.[38;2;6;42;59m.[38;2;6;42;61m.[38;2;6;43;62m.[38;2;4;36;62m.[38;2;56;107;135m;[38;2;3;10;32m [38;2;10;46;96m.[38;2;10;46;88m.[38;2;9;46;97m.[38;2;10;47;92m.[38;2;7;46;93m.[38;2;10;49;88m.[38;2;7;48;79m.[38;2;8;47;87m.[38;2;9;47;71m.[38;2;39;66;73m.[38;2;15;51;65m.[38;2;4;39;58m.[38;2;10;31;44m [38;2;7;26;33m [38;2;4;20;22m [38;2;2;9;11m [38;2;99;147;183mo[38;2;128;134;134ml[38;2;3;9;8m [38;2;28;42;66m.[38;2;162;219;255mK[38;2;27;32;56m.[38;2;13;53;57m.[38;2;1;18;20m [38;2;0;7;11m [38;2;0;10;28m [38;2;0;6;22m [38;2;131;168;224mx[38;2;68;87;152m;[38;2;9;44;169m.[38;2;6;34;169m.[38;2;4;43;173m.[38;2;6;59;193m.[38;2;24;78;217m,[38;2;74;166;251md[38;2;98;173;242mx[38;2;89;170;250md[38;2;105;179;252mx[38;2;0;113;241m;[38;2;38;88;206m,[38;2;66;72;122m,[38;2;0;10;35m [38;2;0;5;16m [38;2;2;10;11m [38;2;28;41;41m.[38;2;38;51;48m.[38;2;155;182;182mk[38;2;179;209;209m0[38;2;214;235;234mN[38;2;197;224;233mX[38;2;200;227;230mX[38;2;199;227;229mX[38;2;202;226;231mX[38;2;197;224;227mX[38;2;195;222;227mX[38;2;205;228;235mX[38;2;205;233;235mX[38;2;205;236;237mN[38;2;212;237;241mN[38;2;216;241;244mN[38;2;217;241;245mN[38;2;216;241;244mN[0m
[0m[38;2;19;45;53m.[38;2;6;42;56m.[38;2;5;41;54m.[38;2;3;42;53m.[38;2;5;26;44m [38;2;56;104;147m;[38;2;57;110;98m;[38;2;0;9;12m [38;2;5;42;56m.[38;2;5;41;55m.[38;2;4;42;48m.[38;2;4;42;50m.[38;2;5;42;53m.[38;2;3;43;51m.[38;2;5;42;60m.[38;2;1;42;53m.[38;2;7;42;60m.[38;2;4;19;31m [38;2;7;52;73m.[38;2;7;47;69m.[38;2;5;43;62m.[38;2;4;36;53m [38;2;2;32;46m [38;2;5;31;42m [38;2;2;23;33m [38;2;3;17;27m [38;2;3;17;20m [38;2;10;22;24m [38;2;4;23;30m [38;2;0;8;10m [38;2;11;24;29m [38;2;5;26;37m [38;2;1;17;19m [38;2;1;0;0m [38;2;86;132;180ml[38;2;132;146;147mo[38;2;1;10;8m [38;2;40;65;104m.[38;2;219;246;255mW[38;2;1;7;6m [38;2;15;56;76m.[38;2;1;25;35m [38;2;0;5;13m [38;2;0;9;27m [38;2;9;18;106m [38;2;144;187;249mO[38;2;40;115;239m:[38;2;48;170;255mo[38;2;67;191;255mx[38;2;85;209;255mk[38;2;132;229;255m0[38;2;98;237;255m0[38;2;49;230;255mk[38;2;47;239;255mO[38;2;190;255;255mN[38;2;188;255;255mN[38;2;4;200;255md[38;2;0;82;245m,[38;2;18;51;169m.[38;2;0;15;66m [38;2;0;19;54m [38;2;0;18;38m [38;2;0;7;22m [38;2;3;8;8m [38;2;118;160;163md[38;2;91;123;113mc[38;2;125;156;157md[38;2;153;188;191mk[38;2;204;225;231mX[38;2;206;228;234mX[38;2;201;224;235mX[38;2;200;224;231mX[38;2;195;225;230mX[38;2;198;224;232mX[38;2;195;225;229mX[38;2;195;225;230mX[38;2;199;224;229mX[38;2;193;228;229mX[38;2;205;229;237mX[38;2;205;233;235mX[0m
[0m[38;2;20;45;51m.[38;2;6;40;52m.[38;2;4;40;52m.[38;2;4;42;50m.[38;2;1;25;39m [38;2;56;105;155m;[38;2;51;119;110m;[38;2;0;12;21m [38;2;4;43;61m.[38;2;6;43;58m.[38;2;4;45;50m.[38;2;6;45;54m.[38;2;6;39;52m.[38;2;4;35;39m [38;2;0;31;41m [38;2;2;26;28m [38;2;3;29;37m [38;2;0;10;12m [38;2;2;19;21m [38;2;3;14;14m [38;2;26;33;33m.[38;2;49;51;51m.[38;2;49;50;51m.[38;2;50;53;51m.[38;2;49;52;53m.[38;2;51;52;51m.[38;2;45;41;46m.[38;2;46;69;76m.[38;2;24;58;60m.[38;2;24;28;29m [38;2;13;28;32m [38;2;12;29;43m [38;2;5;19;20m [38;2;0;1;0m [38;2;55;86;146m,[38;2;171;196;202mO[38;2;0;1;0m [38;2;57;96;160m;[38;2;196;215;235mK[38;2;3;11;11m [38;2;2;34;46m [38;2;7;24;42m [38;2;23;42;70m.[38;2;35;62;111m.[38;2;19;44;188m.[38;2;141;218;255m0[38;2;91;243;255m0[38;2;131;255;255mX[38;2;140;255;255mX[38;2;146;255;255mX[38;2;179;255;255mN[38;2;122;255;255mX[38;2;19;238;255mk[38;2;32;230;255mk[38;2;142;255;255mX[38;2;152;255;255mX[38;2;7;190;255mo[38;2;1;66;239m'[38;2;12;46;168m.[38;2;0;12;57m [38;2;0;20;44m [38;2;0;23;48m [38;2;0;10;32m [38;2;0;4;10m [38;2;86;129;125mc[38;2;90;120;117mc[38;2;95;132;125mc[38;2;80;123;127mc[38;2;93;128;139mc[38;2;130;164;170md[38;2;156;189;193mO[38;2;195;225;230mX[38;2;203;225;232mX[38;2;197;219;228mK[38;2;195;222;227mK[38;2;197;222;230mX[38;2;192;221;232mK[38;2;187;224;226mK[38;2;195;220;233mK[38;2;190;221;223mK[0m
[0m[38;2;21;50;58m.[38;2;5;47;52m.[38;2;2;37;52m [38;2;6;41;55m.[38;2;3;27;41m [38;2;53;94;144m;[38;2;52;120;115m:[38;2;0;10;11m [38;2;5;24;31m [38;2;3;23;21m [38;2;0;17;19m [38;2;0;13;9m [38;2;0;9;4m [38;2;0;2;0m [38;2;0;4;0m [38;2;0;3;1m [38;2;2;26;35m [38;2;3;31;39m [38;2;6;32;42m [38;2;0;2;7m [38;2;140;153;169md[38;2;175;220;225mK[38;2;176;219;223mK[38;2;183;225;227mK[38;2;181;221;228mK[38;2;183;223;226mK[38;2;162;189;203mO[38;2;127;148;161mo[38;2;134;175;170mx[38;2;124;144;143mo[38;2;92;114;134m:[38;2;127;149;161mo[38;2;101;107;108m:[38;2;21;23;23m [38;2;18;35;70m.[38;2;219;251;253mW[38;2;10;13;17m [38;2;99;155;215md[38;2;132;135;149mo[38;2;2;17;20m [38;2;7;37;57m.[38;2;6;37;59m.[38;2;65;136;159mc[38;2;75;154;196mo[38;2;27;58;222m'[38;2;122;223;255m0[38;2;85;255;255mK[38;2;99;255;255mK[38;2;99;255;255mK[38;2;107;255;255mK[38;2;152;255;255mX[38;2;123;255;255mX[38;2;18;235;255mk[38;2;45;185;255md[38;2;82;212;255mk[38;2;64;175;253md[38;2;2;96;238m,[38;2;10;57;187m.[38;2;31;50;127m.[38;2;35;50;87m.[38;2;0;11;22m [38;2;0;21;41m [38;2;0;9;31m [38;2;0;4;22m [38;2;43;75;63m'[38;2;42;62;58m.[38;2;40;62;49m.[38;2;64;85;74m,[38;2;72;110;109m:[38;2;83;121;127mc[38;2;81;121;128m:[38;2;89;131;140mc[38;2;126;163;164md[38;2;155;189;202mO[38;2;205;225;233mX[38;2;201;224;236mX[38;2;191;219;234mK[38;2;192;218;229mK[38;2;195;217;231mK[38;2;190;218;224mK[0m
[0m[38;2;16;30;32m [38;2;4;23;29m [38;2;10;19;18m [38;2;2;13;25m [38;2;10;32;52m [38;2;46;81;129m,[38;2;63;138;131mc[38;2;2;12;3m [38;2;0;7;5m [38;2;12;21;19m [38;2;6;14;21m [38;2;12;27;25m [38;2;0;10;6m [38;2;0;5;0m [38;2;0;6;0m [38;2;7;4;2m [38;2;2;29;38m [38;2;7;46;60m.[38;2;7;49;66m.[38;2;6;13;23m [38;2;15;25;35m [38;2;20;46;70m.[38;2;18;50;63m.[38;2;21;60;74m.[38;2;21;49;113m.[38;2;20;60;116m.[38;2;27;46;105m.[38;2;27;51;93m.[38;2;32;50;59m.[38;2;16;36;35m.[38;2;5;16;37m [38;2;46;91;135m,[38;2;117;154;189md[38;2;176;193;205mO[38;2;17;24;34m [38;2;193;220;247mX[38;2;66;96;90m,[38;2;152;180;233mk[38;2;119;128;128ml[38;2;26;60;65m.[38;2;8;42;75m.[38;2;7;47;67m.[38;2;19;56;77m.[38;2;76;131;197ml[38;2;39;72;220m,[38;2;122;215;255m0[38;2;119;255;255mK[38;2;92;255;255mK[38;2;78;255;255m0[38;2;92;255;255mK[38;2;80;241;255m0[38;2;35;182;255md[38;2;74;193;255mx[38;2;17;71;226m'[38;2;15;67;205m'[38;2;16;55;201m.[38;2;4;34;114m.[38;2;20;51;107m.[38;2;16;33;69m.[38;2;75;104;138m:[38;2;1;13;10m [38;2;42;73;94m'[38;2;0;5;16m [38;2;0;6;10m [38;2;54;78;81m'[38;2;42;60;53m.[38;2;49;60;55m.[38;2;31;55;35m.[38;2;63;96;90m,[38;2;47;72;70m'[38;2;57;84;89m,[38;2;80;116;120m:[38;2;89;127;134mc[38;2;68;113;125m:[38;2;105;138;139ml[38;2;148;180;194mk[38;2;189;221;237mK[38;2;192;220;235mK[38;2;195;217;231mK[38;2;202;218;228mX[0m
