[0m[38;2;31;60;56m.[38;2;7;58;61m.[38;2;11;49;46m.[38;2;1;13;11m [38;2;9;44;55m.[38;2;2;32;40m [38;2;100;187;185mx[38;2;22;50;49m.[38;2;1;5;0m [38;2;0;18;3m [38;2;4;14;7m [38;2;13;19;23m [38;2;7;30;33m [38;2;0;18;21m [38;2;139;184;202mk[38;2;110;118;131mc[38;2;0;11;18m [38;2;9;57;67m.[38;2;9;62;73m.[38;2;9;59;67m.[38;2;8;56;70m.[38;2;5;58;64m.[38;2;12;59;73m.[38;2;9;61;70m.[38;2;13;55;73m.[38;2;9;46;63m.[38;2;100;198;211mk[38;2;13;38;41m.[38;2;38;103;98m,[38;2;63;128;147mc[38;2;55;110;121m;[38;2;25;67;97m.[38;2;13;50;75m.[38;2;14;58;75m.[38;2;9;48;72m.[38;2;77;146;153ml[38;2;63;84;97m,[38;2;91;205;215mk[38;2;57;124;135m:[38;2;15;47;61m.[38;2;4;48;56m.[38;2;37;64;142m'[38;2;139;161;183mx[38;2;7;51;56m.[38;2;1;24;42m [38;2;19;51;123m.[38;2;227;255;255mW[38;2;51;105;130m;[38;2;63;128;148mc[38;2;50;88;122m,[38;2;13;30;43m [38;2;20;55;63m.[38;2;8;45;44m.[38;2;17;57;58m.[38;2;5;62;70m.[38;2;15;47;66m.[38;2;16;59;89m.[38;2;6;23;37m [38;2;74;116;166m:[38;2;15;38;53m.[38;2;4;33;49m [38;2;9;38;46m.[38;2;10;41;48m.[38;2;15;60;69m.[38;2;3;46;43m.[38;2;6;54;59m.[38;2;3;40;50m.[38;2;11;55;63m.[38;2;10;58;66m.[38;2;13;63;65m.[38;2;4;34;43m [38;2;12;54;68m.[38;2;9;53;57m.[38;2;0;4;0m [38;2;8;44;29m.[38;2;7;50;49m.[38;2;8;53;51m.[38;2;8;41;29m.[38;2;16;59;53m.[38;2;9;51;49m.[0m
[0m[38;2;33;60;58m.[38;2;8;58;56m.[38;2;10;40;37m.[38;2;0;12;16m [38;2;5;45;42m.[38;2;0;31;36m [38;2;102;185;186mx[38;2;10;30;30m [38;2;0;8;8m [38;2;0;10;2m [38;2;0;7;0m [38;2;2;4;0m [38;2;0;3;0m [38;2;25;51;67m.[38;2;212;232;246mN[38;2;14;16;19m [38;2;0;16;15m [38;2;0;20;18m [38;2;8;30;30m [38;2;2;37;37m [38;2;2;41;42m.[38;2;4;48;49m.[38;2;8;53;68m.[38;2;11;57;73m.[38;2;8;59;76m.[38;2;9;53;79m.[38;2;51;111;127m;[38;2;22;43;52m.[38;2;11;55;72m.[38;2;10;53;73m.[38;2;17;54;75m.[38;2;21;65;83m.[38;2;21;62;88m.[38;2;24;68;87m.[38;2;24;72;92m.[38;2;58;101;119m;[38;2;49;73;80m'[38;2;88;186;202mx[38;2;96;189;201mx[38;2;20;59;72m.[38;2;0;30;42m [38;2;45;77;153m,[38;2;133;148;155mo[38;2;5;44;47m.[38;2;4;24;48m [38;2;18;54;123m.[38;2;215;255;255mW[38;2;9;18;36m [38;2;76;163;199mo[38;2;99;211;238mO[38;2;39;95;121m,[38;2;59;112;122m;[38;2;16;51;64m.[38;2;52;105;105m;[38;2;15;48;57m.[38;2;3;28;30m [38;2;15;47;65m.[38;2;0;17;24m [38;2;110;149;210mo[38;2;16;40;55m.[38;2;8;35;58m.[38;2;10;37;65m.[38;2;57;85;94m,[38;2;55;67;72m'[38;2;55;83;90m,[38;2;58;80;82m'[38;2;54;73;77m'[38;2;40;72;73m.[38;2;19;54;73m.[38;2;9;57;64m.[38;2;0;27;34m [38;2;13;55;57m.[38;2;6;41;47m.[38;2;0;4;3m [38;2;2;38;35m [38;2;6;35;49m [38;2;4;38;46m [38;2;5;37;35m [38;2;15;51;58m.[38;2;10;45;53m.[0m
[0m[38;2;31;62;60m.[38;2;13;56;58m.[38;2;13;39;52m.[38;2;0;13;16m [38;2;7;51;53m.[38;2;3;34;48m [38;2;108;182;176mx[38;2;2;17;29m [38;2;4;31;41m [38;2;4;28;29m [38;2;4;28;27m [38;2;1;33;52m [38;2;0;4;9m [38;2;159;190;208mO[38;2;98;110;129m:[38;2;4;33;39m [38;2;1;40;54m.[38;2;0;6;0m [38;2;0;8;5m [38;2;2;12;0m [38;2;2;9;4m [38;2;0;7;0m [38;2;0;12;8m [38;2;1;18;21m [38;2;2;26;30m [38;2;7;31;42m [38;2;7;46;55m.[38;2;7;21;28m [38;2;11;59;68m.[38;2;19;63;87m.[38;2;15;64;80m.[38;2;9;63;94m.[38;2;16;58;84m.[38;2;12;58;78m.[38;2;8;44;72m.[38;2;95;168;186md[38;2;40;64;84m.[38;2;33;67;88m.[38;2;56;115;143m:[38;2;47;90;114m,[38;2;15;41;57m.[38;2;58;97;168m;[38;2;117;129;138ml[38;2;13;40;62m.[38;2;8;20;46m [38;2;15;52;118m.[38;2;232;255;255mW[38;2;1;11;67m [38;2;27;58;119m.[38;2;105;212;233mO[38;2;35;76;108m'[38;2;112;198;217mk[38;2;17;59;101m.[38;2;76;164;182mo[38;2;126;230;235m0[38;2;40;72;86m'[38;2;44;74;99m'[38;2;37;80;94m'[38;2;139;194;251mO[38;2;4;33;42m [38;2;11;38;47m.[38;2;7;30;44m [38;2;76;103;116m;[38;2;72;100;112m;[38;2;78;107;117m:[38;2;75;98;102m;[38;2;80;107;106m:[38;2;54;90;103m,[38;2;91;107;122m:[38;2;67;90;109m,[38;2;2;25;33m [38;2;10;29;31m [38;2;6;17;20m [38;2;4;42;43m.[38;2;8;61;65m.[38;2;6;31;40m [38;2;20;55;53m.[38;2;15;35;26m [38;2;14;50;64m.[38;2;9;47;57m.[0m
[0m[38;2;25;59;65m.[38;2;13;56;65m.[38;2;12;44;52m.[38;2;6;19;19m [38;2;14;55;61m.[38;2;6;30;44m [38;2;99;185;195mx[38;2;12;36;54m.[38;2;1;6;8m [38;2;4;44;53m.[38;2;0;18;35m [38;2;15;35;51m.[38;2;89;112;147m:[38;2;211;222;239mX[38;2;2;12;42m [38;2;5;54;78m.[38;2;8;33;61m [38;2;12;49;65m.[38;2;4;46;69m.[38;2;18;37;44m.[38;2;8;17;22m [38;2;47;55;51m.[38;2;40;55;53m.[38;2;40;53;52m.[38;2;49;55;51m.[38;2;46;53;51m.[38;2;47;54;51m.[38;2;44;50;48m.[38;2;29;30;32m.[38;2;39;56;62m.[38;2;29;45;42m.[38;2;9;30;42m [38;2;14;35;48m.[38;2;8;45;58m.[38;2;12;49;72m.[38;2;25;79;102m'[38;2;31;50;60m.[38;2;18;63;84m.[38;2;21;67;94m.[38;2;17;56;88m.[38;2;0;6;42m [38;2;104;137;182ml[38;2;105;128;140ml[38;2;47;89;122m,[38;2;61;98;117m;[38;2;12;31;96m.[38;2;254;255;255mM[38;2;4;23;63m [38;2;9;32;84m.[38;2;71;136;166mc[38;2;51;84;114m,[38;2;96;152;184mo[38;2;67;156;176ml[38;2;15;84;131m'[38;2;116;227;236m0[38;2;42;78;96m'[38;2;34;82;127m'[38;2;95;209;236mk[38;2;131;188;234mk[38;2;17;50;80m.[38;2;24;52;66m.[38;2;13;48;54m.[38;2;12;49;56m.[38;2;0;31;52m [38;2;7;52;81m.[38;2;11;46;63m.[38;2;3;52;69m.[38;2;10;49;69m.[38;2;4;38;42m [38;2;114;130;164ml[38;2;28;40;52m.[38;2;11;26;27m [38;2;10;54;62m.[38;2;6;66;74m.[38;2;6;47;57m.[38;2;3;3;4m [38;2;56;79;78m'[38;2;34;70;71m.[38;2;20;51;63m.[38;2;8;42;58m.[0m
[0m[38;2;31;58;62m.[38;2;14;55;66m.[38;2;9;40;41m.[38;2;4;19;23m [38;2;10;55;71m.[38;2;6;27;52m [38;2;101;174;209md[38;2;21;49;79m.[38;2;19;44;66m.[38;2;2;20;35m [38;2;15;24;54m [38;2;22;44;103m.[38;2;224;246;255mW[38;2;51;63;100m.[38;2;10;43;80m.[38;2;10;63;92m.[38;2;2;33;67m [38;2;10;55;93m.[38;2;9;63;95m.[38;2;7;20;33m [38;2;74;97;102m;[38;2;181;219;219mK[38;2;165;209;209m0[38;2;161;201;211mO[38;2;174;201;206m0[38;2;176;201;208m0[38;2;147;173;188mx[38;2;171;174;204mk[38;2;125;147;150mo[38;2;138;175;178mx[38;2;125;144;155mo[38;2;120;137;153mo[38;2;65;82;105m,[38;2;88;96;102m;[38;2;26;26;27m [38;2;3;14;11m [38;2;0;6;7m [38;2;9;30;34m [38;2;11;35;42m [38;2;10;38;57m.[38;2;2;20;47m [38;2;145;175;241mk[38;2;47;86;111m,[38;2;13;48;93m.[38;2;67;139;163mc[38;2;11;21;84m [38;2;251;255;255mM[38;2;15;39;65m.[38;2;34;65;135m.[38;2;45;83;118m,[38;2;57;98;130m;[38;2;42;87;124m,[38;2;96;201;226mk[38;2;34;108;154m;[38;2;82;171;187md[38;2;55;99;125m;[38;2;48;101;155m;[38;2;37;151;208ml[38;2;145;196;250mO[38;2;32;57;141m.[38;2;61;138;163mc[38;2;13;59;91m.[38;2;17;63;80m.[38;2;64;108;143m:[38;2;11;47;73m.[38;2;4;33;39m [38;2;5;37;52m.[38;2;4;46;54m.[38;2;15;45;48m.[38;2;48;67;99m'[38;2;81;99;132m;[38;2;11;54;67m.[38;2;11;60;77m.[38;2;12;51;57m.[38;2;37;52;50m.[38;2;40;69;65m.[38;2;21;63;68m.[38;2;8;55;68m.[38;2;14;54;65m.[38;2;15;43;56m.[0m
[0m[38;2;32;55;62m.[38;2;13;56;68m.[38;2;10;34;33m [38;2;10;22;28m [38;2;8;53;73m.[38;2;4;34;72m.[38;2;103;185;213mx[38;2;7;30;32m [38;2;76;149;185ml[38;2;68;151;192ml[38;2;35;85;135m,[38;2;134;184;236mk[38;2;132;153;187md[38;2;39;97;142m,[38;2;56;109;164m:[38;2;34;111;156m;[38;2;3;25;57m [38;2;18;71;99m.[38;2;10;55;90m.[38;2;12;29;60m [38;2;5;18;30m [38;2;23;58;57m.[38;2;15;38;41m.[38;2;15;28;24m [38;2;14;25;29m [38;2;16;27;28m [38;2;15;24;16m [38;2;21;39;59m.[38;2;17;39;52m.[38;2;6;17;12m [38;2;7;31;60m [38;2;22;49;83m.[38;2;33;60;75m.[38;2;120;126;140ml[38;2;192;209;222mK[38;2;96;103;113m:[38;2;4;9;16m [38;2;3;21;24m [38;2;0;17;18m [38;2;3;4;2m [38;2;4;28;74m [38;2;172;200;255m0[38;2;5;15;24m [38;2;7;13;20m [38;2;17;37;52m.[38;2;25;40;113m.[38;2;249;255;255mM[38;2;2;19;27m [38;2;7;52;88m.[38;2;7;52;97m.[38;2;63;115;162m:[38;2;17;37;75m.[38;2;24;93;147m,[38;2;31;87;154m,[38;2;44;110;167m;[38;2;49;97;141m;[38;2;49;93;126m,[38;2;47;147;204ml[38;2;157;190;249mO[38;2;22;73;178m'[38;2;53;136;163mc[38;2;60;125;173mc[38;2;6;46;83m.[38;2;25;72;128m'[38;2;13;50;72m.[38;2;9;27;29m [38;2;3;46;57m.[38;2;18;57;58m.[38;2;4;29;41m [38;2;41;72;120m'[38;2;81;99;134m;[38;2;4;60;60m.[38;2;13;45;54m.[38;2;44;60;60m.[38;2;42;69;74m.[38;2;11;50;60m.[38;2;9;57;70m.[38;2;7;56;65m.[38;2;8;53;56m.[38;2;12;46;54m.[0m
[0m[38;2;33;58;64m.[38;2;13;58;69m.[38;2;7;25;30m [38;2;6;27;31m [38;2;6;57;79m.[38;2;2;36;75m.[38;2;120;196;235mk[38;2;0;21;30m [38;2;47;166;221mo[38;2;25;151;215mc[38;2;30;105;226m;[38;2;183;219;247mK[38;2;7;86;159m'[38;2;81;232;255mO[38;2;94;245;252m0[38;2;96;251;255mK[38;2;20;80;152m'[38;2;56;118;168m:[38;2;29;69;107m.[38;2;36;75;130m'[38;2;33;69;99m.[38;2;32;76;89m'[38;2;34;53;64m.[38;2;23;51;49m.[38;2;22;42;44m.[38;2;20;29;26m [38;2;2;3;6m [38;2;17;51;67m.[38;2;11;53;83m.[38;2;4;27;26m [38;2;4;33;53m [38;2;15;40;68m.[38;2;13;58;83m.[38;2;2;0;2m [38;2;42;65;100m.[38;2;218;234;255mN[38;2;56;72;113m'[38;2;20;65;110m.[38;2;8;31;51m [38;2;14;17;46m [38;2;15;59;158m.[38;2;183;235;255mX[38;2;3;8;17m [38;2;17;56;87m.[38;2;1;28;52m [38;2;13;52;165m.[38;2;242;255;255mM[38;2;0;0;0m [38;2;0;7;19m [38;2;1;20;30m [38;2;5;26;42m [38;2;13;22;37m [38;2;10;41;71m.[38;2;10;47;85m.[38;2;9;49;94m.[38;2;28;68;99m.[38;2;6;27;57m [38;2;34;96;140m,[38;2;101;149;226mo[38;2;37;81;159m,[38;2;46;112;143m;[38;2;72;141;169ml[38;2;7;39;80m.[38;2;6;51;72m.[38;2;6;29;40m [38;2;0;6;3m [38;2;3;19;17m [38;2;20;33;35m.[38;2;9;34;37m [38;2;42;84;130m,[38;2;86;110;127m:[38;2;2;15;15m [38;2;31;49;56m.[38;2;13;42;43m.[38;2;12;48;55m.[38;2;6;48;51m.[38;2;10;57;60m.[38;2;5;48;61m.[38;2;3;50;58m.[38;2;13;55;63m.[0m
[0m[38;2;24;61;57m.[38;2;10;57;63m.[38;2;12;31;45m [38;2;2;24;42m [38;2;13;54;93m.[38;2;7;37;85m.[38;2;117;198;236mk[38;2;0;21;86m [38;2;44;209;255mx[38;2;26;136;239mc[38;2;101;179;255mx[38;2;70;118;214mc[38;2;33;182;242mo[38;2;33;212;253mx[38;2;112;255;255mK[38;2;111;255;255mK[38;2;27;105;212m;[38;2;61;138;199mc[38;2;7;49;99m.[38;2;18;66;114m.[38;2;10;61;97m.[38;2;6;52;69m.[38;2;18;50;79m.[38;2;82;178;184md[38;2;78;162;170mo[38;2;94;158;173mo[38;2;25;45;59m.[38;2;67;125;139m:[38;2;32;67;92m.[38;2;46;89;101m,[38;2;28;58;80m.[38;2;26;70;95m.[38;2;26;63;93m.[38;2;28;37;48m.[38;2;10;23;49m [38;2;160;195;252mO[38;2;127;131;188mo[38;2;14;62;144m.[38;2;1;32;75m [38;2;11;25;68m [38;2;47;117;243mc[38;2;197;235;255mX[38;2;0;17;44m [38;2;19;77;119m'[38;2;2;26;56m [38;2;12;49;145m.[38;2;234;254;255mW[38;2;2;5;12m [38;2;1;16;34m [38;2;12;41;73m.[38;2;12;43;65m.[38;2;10;22;39m [38;2;5;12;11m [38;2;4;4;13m [38;2;2;4;8m [38;2;8;14;18m [38;2;1;8;24m [38;2;2;22;34m [38;2;108;142;177mo[38;2;7;34;67m.[38;2;20;33;48m.[38;2;11;48;73m.[38;2;16;57;76m.[38;2;18;65;88m.[38;2;1;15;25m [38;2;2;11;7m [38;2;2;11;14m [38;2;4;10;0m [38;2;1;5;6m [38;2;78;105;128m:[38;2;58;69;101m'[38;2;14;43;42m.[38;2;16;62;79m.[38;2;9;57;59m.[38;2;7;40;53m.[38;2;12;49;57m.[38;2;7;43;55m.[38;2;10;53;62m.[38;2;8;55;64m.[38;2;14;53;62m.[0m
[0m[38;2;22;64;60m.[38;2;10;60;68m.[38;2;12;34;36m [38;2;8;27;41m [38;2;13;53;93m.[38;2;4;35;91m.[38;2;117;197;241mk[38;2;0;50;133m.[38;2;53;246;255mO[38;2;25;150;253ml[38;2;156;218;255mK[38;2;19;145;252mc[38;2;30;228;255mk[38;2;22;214;255mx[38;2;104;255;255mK[38;2;118;255;255mK[38;2;12;89;212m,[38;2;103;197;243mk[38;2;8;50;118m.[38;2;18;65;104m.[38;2;12;60;107m.[38;2;11;59;81m.[38;2;5;39;67m.[38;2;63;132;146mc[38;2;80;175;189md[38;2;94;185;205mx[38;2;21;41;50m.[38;2;102;195;200mx[38;2;27;48;79m.[38;2;72;128;161mc[38;2;21;67;87m.[38;2;9;50;88m.[38;2;25;54;120m.[38;2;39;79;124m'[38;2;17;51;133m.[38;2;159;200;254m0[38;2;127;206;241mO[38;2;43;196;233md[38;2;54;192;241md[38;2;33;137;188mc[38;2;71;187;255mx[38;2;155;200;251m0[38;2;47;83;172m,[38;2;21;114;191m;[38;2;4;31;96m.[38;2;10;55;171m.[38;2;212;242;255mN[38;2;0;2;7m [38;2;21;37;69m.[38;2;14;69;98m.[38;2;8;42;67m.[38;2;12;36;61m.[38;2;25;46;45m.[38;2;114;134;137ml[38;2;104;136;139ml[38;2;105;134;135ml[38;2;87;119;119m:[38;2;61;79;72m'[38;2;103;125;136mc[38;2;46;58;66m.[38;2;50;61;67m.[38;2;27;31;33m.[38;2;3;16;12m [38;2;8;31;39m [38;2;2;14;13m [38;2;0;13;0m [38;2;0;10;10m [38;2;4;10;2m [38;2;3;4;1m [38;2;122;138;141mo[38;2;22;59;79m.[38;2;11;48;56m.[38;2;10;48;67m.[38;2;8;52;67m.[38;2;9;53;61m.[38;2;10;44;45m.[38;2;9;47;58m.[38;2;11;54;61m.[38;2;13;55;61m.[38;2;11;52;63m.[0m
[0m[38;2;19;53;53m.[38;2;6;49;61m.[38;2;9;32;30m [38;2;6;26;38m [38;2;16;55;84m.[38;2;6;31;96m.[38;2;123;193;251mk[38;2;5;58;183m.[38;2;75;254;255m0[38;2;28;156;255ml[38;2;162;235;255mX[38;2;31;198;255md[38;2;49;251;255mO[38;2;53;251;255m0[38;2;61;254;255m0[38;2;151;255;255mX[38;2;8;109;225m;[38;2;89;230;255mO[38;2;49;107;177m;[38;2;12;50;112m.[38;2;15;63;102m.[38;2;9;57;78m.[38;2;9;54;85m.[38;2;36;71;90m.[38;2;93;190;193mx[38;2;99;189;196mx[38;2;2;16;20m [38;2;101;202;195mk[38;2;83;166;185mo[38;2;14;35;65m.[38;2;69;134;166mc[38;2;16;51;106m.[38;2;24;53;119m.[38;2;20;73;139m'[38;2;12;61;195m.[38;2;167;213;255mK[38;2;93;253;255mK[38;2;116;248;255mK[38;2;57;252;255m0[38;2;65;239;255mO[38;2;130;242;255mK[38;2;107;204;253mO[38;2;135;255;255mX[38;2;152;245;250mX[38;2;4;106;186m,[38;2;2;87;212m,[38;2;187;237;255mX[38;2;16;23;41m [38;2;19;57;77m.[38;2;17;59;98m.[38;2;5;32;54m [38;2;23;46;49m.[38;2;4;30;38m [38;2;9;32;18m [38;2;6;20;21m [38;2;3;16;16m [38;2;7;44;47m.[38;2;2;30;40m [38;2;97;116;137mc[38;2;4;29;38m [38;2;8;16;23m [38;2;161;167;192mx[38;2;22;38;44m.[38;2;15;43;42m.[38;2;4;12;8m [38;2;0;13;0m [38;2;5;11;5m [38;2;2;11;1m [38;2;0;0;0m [38;2;152;194;224mO[38;2;7;37;42m [38;2;2;7;5m [38;2;14;56;68m.[38;2;14;55;67m.[38;2;20;59;66m.[38;2;22;60;61m.[38;2;11;37;54m.[38;2;23;59;63m.[38;2;11;44;56m.[38;2;13;57;63m.[0m
[0m[38;2;45;88;82m'[38;2;39;82;97m'[38;2;41;91;99m,[38;2;13;28;42m [38;2;13;59;78m.[38;2;6;34;82m.[38;2;109;185;231mx[38;2;7;43;140m.[38;2;63;160;217mo[38;2;28;115;238m:[38;2;172;214;255mK[38;2;31;173;234mo[38;2;55;216;248mk[38;2;56;223;253mk[38;2;60;234;255mO[38;2;130;238;255mK[38;2;34;144;240ml[38;2;60;152;196ml[38;2;101;190;224mx[38;2;30;67;116m.[38;2;25;74;106m.[38;2;19;64;82m.[38;2;7;51;74m.[38;2;8;35;57m.[38;2;83;165;182mo[38;2;105;191;207mx[38;2;3;10;16m [38;2;115;201;210mk[38;2;88;186;180md[38;2;79;146;168ml[38;2;15;42;75m.[38;2;64;100;158m;[38;2;22;54;131m.[38;2;20;59;136m.[38;2;25;87;208m,[38;2;137;208;255m0[38;2;111;254;255mK[38;2;178;255;255mN[38;2;105;255;255mK[38;2;57;250;255m0[38;2;240;255;255mM[38;2;49;235;255mO[38;2;85;255;255mK[38;2;184;255;255mN[38;2;5;178;242mo[38;2;2;98;249m,[38;2;172;220;255mK[38;2;11;30;106m.[38;2;16;66;118m.[38;2;17;63;114m.[38;2;15;31;55m.[38;2;56;91;104m,[38;2;22;71;92m.[38;2;55;100;105m;[38;2;72;146;146ml[38;2;45;83;91m'[38;2;7;38;41m [38;2;6;42;55m.[38;2;136;178;220mk[38;2;15;52;52m.[38;2;0;13;11m [38;2;99;132;162ml[38;2;30;53;78m.[38;2;5;46;48m.[38;2;0;9;3m [38;2;0;9;10m [38;2;0;9;4m [38;2;0;9;3m [38;2;52;57;76m.[38;2;107;135;153ml[38;2;5;56;60m.[38;2;2;13;6m [38;2;12;54;62m.[38;2;5;34;40m [38;2;16;45;52m.[38;2;6;40;42m.[38;2;10;44;50m.[38;2;23;56;59m.[38;2;33;64;77m.[38;2;28;67;70m.[0m
[0m[38;2;23;63;61m.[38;2;9;57;70m.[38;2;18;62;62m.[38;2;4;17;43m [38;2;14;64;72m.[38;2;6;42;48m.[38;2;99;165;196md[38;2;1;16;44m [38;2;13;51;93m.[38;2;27;45;151m.[38;2;221;246;255mW[38;2;3;15;78m [38;2;7;55;150m.[38;2;53;134;228mc[38;2;24;71;197m'[38;2;11;65;156m.[38;2;88;163;211md[38;2;5;16;70m [38;2;44;96;125m,[38;2;52;93;136m,[38;2;45;97;127m,[38;2;44;93;118m,[38;2;41;89;101m,[38;2;34;89;91m'[38;2;45;102;116m,[38;2;53;109;128m;[38;2;61;110;128m;[38;2;37;77;77m'[38;2;73;133;144mc[38;2;73;135;148mc[38;2;46;102;123m;[38;2;40;71;113m'[38;2;46;97;151m;[38;2;34;92;157m,[38;2;39;87;202m,[38;2;149;206;255m0[38;2;108;251;255mK[38;2;124;255;255mX[38;2;168;255;255mN[38;2;103;252;255mK[38;2;185;254;255mN[38;2;63;243;255mO[38;2;90;255;255mK[38;2;135;255;255mX[38;2;26;211;254mx[38;2;6;86;254m,[38;2;176;206;254m0[38;2;8;33;93m.[38;2;11;66;133m.[38;2;20;64;105m.[38;2;5;25;42m [38;2;113;189;219mk[38;2;13;61;84m.[38;2;4;36;57m [38;2;75;148;158ml[38;2;68;135;141mc[38;2;15;34;36m [38;2;0;29;54m [38;2;127;180;212mx[38;2;26;60;66m.[38;2;0;14;12m [38;2;93;139;186ml[38;2;28;68;59m.[38;2;60;112;107m;[38;2;0;3;0m [38;2;2;9;2m [38;2;0;10;0m [38;2;1;0;2m [38;2;156;189;197mO[38;2;18;49;68m.[38;2;12;59;77m.[38;2;3;17;16m [38;2;10;47;56m.[38;2;42;96;99m,[38;2;21;63;109m.[38;2;25;69;96m.[38;2;11;37;49m.[38;2;103;111;107m:[38;2;51;71;68m'[38;2;38;85;89m'[0m
[0m[38;2;24;58;64m.[38;2;13;59;68m.[38;2;12;62;72m.[38;2;1;23;43m [38;2;12;62;77m.[38;2;6;38;37m [38;2;96;187;203mx[38;2;11;36;46m.[38;2;9;60;69m.[38;2;9;17;72m [38;2;190;229;253mX[38;2;38;55;77m.[38;2;5;50;79m.[38;2;25;72;98m.[38;2;91;162;190mo[38;2;4;35;70m.[38;2;72;145;164ml[38;2;0;16;34m [38;2;13;59;82m.[38;2;11;59;80m.[38;2;5;59;74m.[38;2;8;62;75m.[38;2;9;59;69m.[38;2;8;57;73m.[38;2;8;55;79m.[38;2;10;49;73m.[38;2;47;102;123m;[38;2;23;38;46m.[38;2;11;51;70m.[38;2;8;49;75m.[38;2;5;55;71m.[38;2;15;59;91m.[38;2;28;78;110m'[38;2;23;76;130m'[38;2;42;85;196m,[38;2;154;193;255mO[38;2;30;114;213m:[38;2;17;135;223m:[38;2;30;124;240m:[38;2;171;249;255mN[38;2;21;125;236m:[38;2;42;171;247mo[38;2;52;187;248md[38;2;67;202;252mx[38;2;26;147;226mc[38;2;10;68;217m'[38;2;166;190;245mO[38;2;31;64;117m.[38;2;38;88;132m,[38;2;43;93;126m,[38;2;28;52;61m.[38;2;87;149;163ml[38;2;71;147;145ml[38;2;10;48;65m.[38;2;13;50;60m.[38;2;46;104;110m;[38;2;8;30;45m [38;2;30;52;71m.[38;2;122;140;148mo[38;2;5;40;56m.[38;2;0;7;6m [38;2;115;156;199md[38;2;2;30;42m [38;2;20;67;60m.[38;2;0;7;0m [38;2;2;7;2m [38;2;0;12;3m [38;2;43;54;68m.[38;2;125;147;161mo[38;2;10;49;64m.[38;2;10;60;78m.[38;2;3;18;18m [38;2;13;41;51m.[38;2;28;51;69m.[38;2;26;38;52m.[38;2;61;109;117m;[38;2;2;30;38m [38;2;148;154;155md[38;2;71;107;98m;[38;2;36;90;93m'[0m
[0m[38;2;23;57;61m.[38;2;9;58;67m.[38;2;8;64;65m.[38;2;1;22;22m [38;2;12;61;79m.[38;2;6;37;46m [38;2;91;170;180md[38;2;4;25;35m [38;2;9;56;72m.[38;2;4;23;47m [38;2;109;152;211md[38;2;135;151;159md[38;2;4;33;52m [38;2;6;47;62m.[38;2;47;105;128m;[38;2;60;124;145m:[38;2;68;145;155ml[38;2;4;18;27m [38;2;7;59;83m.[38;2;3;63;82m.[38;2;0;63;75m.[38;2;4;60;78m.[38;2;10;64;74m.[38;2;10;61;74m.[38;2;4;60;82m.[38;2;9;63;87m.[38;2;17;71;84m.[38;2;10;31;40m [38;2;15;59;76m.[38;2;10;57;79m.[38;2;10;60;73m.[38;2;3;57;82m.[38;2;7;62;81m.[38;2;2;49;77m.[38;2;34;84;189m,[38;2;167;209;255m0[38;2;3;29;102m.[38;2;9;43;128m.[38;2;34;86;197m,[38;2;167;199;224m0[38;2;0;18;104m [38;2;10;70;173m.[38;2;16;80;171m'[38;2;21;90;176m,[38;2;32;74;135m'[38;2;13;38;134m.[38;2;144;172;208mx[38;2;2;29;58m [38;2;17;65;91m.[38;2;23;73;91m.[38;2;64;112;131m:[38;2;7;34;38m [38;2;22;79;89m.[38;2;26;76;94m.[38;2;33;83;96m'[38;2;50;112;107m;[38;2;4;20;39m [38;2;115;125;142ml[38;2;63;97;103m;[38;2;48;101;108m,[38;2;2;8;19m [38;2;135;162;184md[38;2;23;61;76m.[38;2;42;90;95m,[38;2;7;14;13m [38;2;0;6;0m [38;2;4;8;8m [38;2;143;160;170md[38;2;9;22;24m [38;2;10;68;78m.[38;2;14;60;69m.[38;2;6;19;20m [38;2;13;36;38m.[38;2;75;96;91m;[38;2;73;91;87m,[38;2;32;43;33m.[38;2;0;1;0m [38;2;143;157;150md[38;2;39;64;63m.[38;2;26;70;82m.[0m
[0m[38;2;23;53;62m.[38;2;8;50;64m.[38;2;10;54;63m.[38;2;1;11;15m [38;2;9;52;69m.[38;2;66;123;141m:[38;2;64;130;138mc[38;2;1;10;18m [38;2;7;42;55m.[38;2;5;30;34m [38;2;29;50;102m.[38;2;167;215;247mK[38;2;27;44;48m.[38;2;4;34;42m [38;2;6;27;41m [38;2;54;108;121m;[38;2;60;106;121m;[38;2;1;7;6m [38;2;7;43;52m.[38;2;4;44;52m.[38;2;7;45;50m.[38;2;7;41;54m.[38;2;7;39;49m.[38;2;9;45;45m.[38;2;4;40;50m.[38;2;2;43;57m.[38;2;5;47;48m.[38;2;2;21;20m [38;2;5;42;50m.[38;2;4;43;52m.[38;2;6;40;52m.[38;2;6;42;53m.[38;2;4;43;46m.[38;2;1;31;34m [38;2;45;83;162m,[38;2;183;244;255mN[38;2;2;12;33m [38;2;6;23;66m [38;2;143;186;241mk[38;2;86;97;118m;[38;2;0;30;52m [38;2;6;38;75m.[38;2;12;43;75m.[38;2;12;49;92m.[38;2;12;32;44m [38;2;24;52;126m.[38;2;137;163;171md[38;2;2;23;34m [38;2;7;39;59m.[38;2;6;42;52m.[38;2;17;50;63m.[38;2;3;26;29m [38;2;9;45;56m.[38;2;6;41;48m.[38;2;6;43;55m.[38;2;14;46;54m.[38;2;0;10;15m [38;2;152;179;224mk[38;2;7;25;19m [38;2;10;42;47m.[38;2;80;103;128m:[38;2;77;96;111m;[38;2;5;29;34m [38;2;22;61;57m.[38;2;6;21;19m [38;2;0;1;2m [38;2;106;131;142ml[38;2;53;62;65m.[38;2;3;24;28m [38;2;9;70;81m.[38;2;9;63;64m.[38;2;4;17;19m [38;2;11;52;58m.[38;2;38;62;66m.[38;2;35;58;60m.[38;2;11;34;36m [38;2;5;27;29m [38;2;85;113;107m:[38;2;26;57;63m.[38;2;37;77;85m'[0m
[0m[38;2;25;63;62m.[38;2;12;54;74m.[38;2;10;38;41m.[38;2;9;15;19m [38;2;10;46;64m.[38;2;77;147;161ml[38;2;68;131;144mc[38;2;2;8;13m [38;2;1;5;6m [38;2;11;21;24m [38;2;3;17;18m [38;2;66;113;181m:[38;2;140;173;204mx[38;2;27;30;31m [38;2;1;3;0m [38;2;0;9;3m [38;2;0;6;4m [38;2;6;33;43m [38;2;8;31;43m [38;2;1;16;20m [38;2;24;29;30m [38;2;51;51;52m.[38;2;52;51;54m.[38;2;51;54;53m.[38;2;55;55;51m.[38;2;55;57;56m.[38;2;57;63;66m.[38;2;60;67;70m'[38;2;57;60;60m.[38;2;57;69;71m'[38;2;57;64;70m.[38;2;13;19;28m [38;2;1;14;9m [38;2;0;1;0m [38;2;44;83;146m,[38;2;205;253;255mW[38;2;0;4;7m [38;2;41;80;157m,[38;2;200;225;230mX[38;2;52;62;65m.[38;2;94;99;96m;[38;2;84;98;102m;[38;2;97;102;106m:[38;2;91;102;103m:[38;2;94;107;108m:[38;2;20;52;109m.[38;2;146;156;156md[38;2;81;95;87m;[38;2;41;59;67m.[38;2;18;23;25m [38;2;0;4;0m [38;2;5;26;30m [38;2;8;30;39m [38;2;1;16;19m [38;2;0;9;4m [38;2;0;8;3m [38;2;0;0;4m [38;2;152;206;225m0[38;2;29;41;41m.[38;2;32;35;41m.[38;2;137;165;200mx[38;2;54;67;79m'[38;2;56;66;65m.[38;2;30;41;46m.[38;2;0;2;6m [38;2;44;60;77m.[38;2;117;144;156mo[38;2;2;0;1m [38;2;6;27;27m [38;2;11;68;82m.[38;2;7;60;61m.[38;2;4;20;23m [38;2;9;54;52m.[38;2;4;44;40m.[38;2;4;38;35m [38;2;10;64;70m.[38;2;4;48;54m.[38;2;83;163;168mo[38;2;15;62;67m.[38;2;21;61;64m.[0m
[0m[38;2;23;60;65m.[38;2;10;58;67m.[38;2;8;45;45m.[38;2;9;19;22m [38;2;8;43;57m.[38;2;82;148;167ml[38;2;54;124;130m:[38;2;2;12;22m [38;2;1;12;8m [38;2;19;60;70m.[38;2;3;32;32m [38;2;11;31;38m [38;2;62;97;179m;[38;2;140;181;220mk[38;2;71;73;78m'[38;2;1;3;1m [38;2;0;3;1m [38;2;7;70;100m.[38;2;14;68;96m.[38;2;3;23;28m [38;2;102;116;126mc[38;2;178;205;217m0[38;2;171;196;204mO[38;2;156;197;202mO[38;2;168;199;202mO[38;2;160;191;201mO[38;2;159;188;195mO[38;2;140;169;183mx[38;2;135;149;169md[38;2;115;153;154mo[38;2;119;161;171md[38;2;125;137;174mo[38;2;97;114;147mc[38;2;48;95;137m,[38;2;58;109;172m:[38;2;90;153;211mo[38;2;53;68;120m'[38;2;114;148;222md[38;2;69;81;87m,[38;2;101;131;136ml[38;2;140;175;164mx[38;2;140;171;173mx[38;2;131;170;174mx[38;2;128;173;175mx[38;2;147;166;171mx[38;2;20;42;91m.[38;2;138;162;168md[38;2;115;142;129ml[38;2;73;112;134m:[38;2;92;115;141mc[38;2;64;87;116m,[38;2;112;142;158mo[38;2;36;48;59m.[38;2;4;30;22m [38;2;0;7;3m [38;2;0;14;3m [38;2;3;13;43m [38;2;141;171;185mx[38;2;94;119;113mc[38;2;68;83;122m,[38;2;146;200;239mO[38;2;65;77;102m,[38;2;54;70;69m'[38;2;61;80;110m,[38;2;108;122;152mc[38;2;135;161;209mx[38;2;9;15;20m [38;2;0;6;6m [38;2;10;27;31m [38;2;11;68;79m.[38;2;6;56;64m.[38;2;4;21;23m [38;2;9;63;70m.[38;2;13;64;72m.[38;2;0;2;0m [38;2;15;57;60m.[38;2;5;40;56m.[38;2;97;168;170md[38;2;8;42;44m.[38;2;15;51;68m.[0m
[0m[38;2;29;58;67m.[38;2;9;57;69m.[38;2;6;44;43m.[38;2;12;23;30m [38;2;8;41;55m.[38;2;84;164;174mo[38;2;53;109;128m;[38;2;4;15;19m [38;2;2;23;20m [38;2;7;23;34m [38;2;4;52;57m.[38;2;8;38;41m.[38;2;4;7;9m [38;2;35;73;124m'[38;2;149;186;238mO[38;2;128;144;148mo[38;2;38;44;54m.[38;2;9;50;77m.[38;2;8;60;113m.[38;2;4;41;64m.[38;2;7;24;40m [38;2;20;57;105m.[38;2;9;33;57m [38;2;9;25;47m [38;2;12;37;35m.[38;2;5;33;52m [38;2;19;40;64m.[38;2;19;54;94m.[38;2;18;52;106m.[38;2;10;48;76m.[38;2;12;51;59m.[38;2;9;44;54m.[38;2;4;28;25m [38;2;0;0;0m [38;2;46;101;161m;[38;2;142;172;207mx[38;2;85;109;154m:[38;2;74;101;168m:[38;2;69;95;145m;[38;2;5;28;41m [38;2;10;51;59m.[38;2;0;16;17m [38;2;0;6;5m [38;2;0;12;2m [38;2;8;21;20m [38;2;32;64;120m.[38;2;128;137;143mo[38;2;1;23;33m [38;2;0;6;8m [38;2;0;0;1m [38;2;1;5;8m [38;2;45;70;104m'[38;2;193;196;211m0[38;2;5;14;12m [38;2;7;14;16m [38;2;6;14;8m [38;2;30;49;99m.[38;2;121;135;139ml[38;2;21;32;60m.[38;2;65;111;201m:[38;2;108;199;248mk[38;2;58;124;186mc[38;2;82;121;157mc[38;2;68;109;162m:[38;2;78;153;219mo[38;2;106;144;181mo[38;2;0;0;2m [38;2;0;10;10m [38;2;8;26;37m [38;2;11;66;89m.[38;2;9;56;62m.[38;2;4;25;21m [38;2;12;57;77m.[38;2;28;65;76m.[38;2;0;0;0m [38;2;25;59;65m.[38;2;33;72;92m.[38;2;66;116;130m:[38;2;12;47;53m.[38;2;17;50;64m.[0m
[0m[38;2;25;60;65m.[38;2;10;58;62m.[38;2;9;49;51m.[38;2;7;17;22m [38;2;6;41;52m.[38;2;91;175;185md[38;2;49;105;107m;[38;2;0;16;17m [38;2;12;54;63m.[38;2;11;51;62m.[38;2;9;59;74m.[38;2;8;36;46m [38;2;3;15;16m [38;2;3;9;19m [38;2;13;32;61m.[38;2;69;104;161m:[38;2;133;193;238mO[38;2;132;158;180md[38;2;83;107;147m:[38;2;25;68;143m.[38;2;12;79;176m'[38;2;25;100;215m;[38;2;20;87;161m'[38;2;33;90;162m,[38;2;41;98;151m;[38;2;33;79;140m'[38;2;6;63;120m.[38;2;31;99;177m;[38;2;28;66;143m.[38;2;20;57;102m.[38;2;25;61;72m.[38;2;40;73;93m'[38;2;26;70;91m.[38;2;48;71;102m'[38;2;60;120;200mc[38;2;161;188;194mO[38;2;52;86;79m'[38;2;19;47;57m.[38;2;120;152;224md[38;2;34;65;94m.[38;2;16;65;57m.[38;2;49;102;98m,[38;2;57;111;107m;[38;2;57;94;90m,[38;2;0;17;25m [38;2;34;71;129m'[38;2;151;173;173mx[38;2;52;102;97m,[38;2;47;89;94m,[38;2;74;151;145ml[38;2;45;84;85m'[38;2;5;17;32m [38;2;194;213;247mK[38;2;8;16;23m [38;2;56;113;118m;[38;2;53;93;94m,[38;2;56;75;127m,[38;2;130;147;161mo[38;2;62;119;203mc[38;2;84;182;255mx[38;2;79;214;248mk[38;2;210;255;255mW[38;2;202;255;255mW[38;2;156;255;255mX[38;2;83;159;203mo[38;2;119;171;218mx[38;2;4;13;41m [38;2;0;4;6m [38;2;10;29;53m [38;2;11;63;91m.[38;2;9;53;57m.[38;2;13;29;25m [38;2;13;62;69m.[38;2;15;64;75m.[38;2;0;0;0m [38;2;13;55;56m.[38;2;80;137;149mc[38;2;16;50;60m.[38;2;12;53;62m.[38;2;21;55;67m.[0m
[0m[38;2;23;51;54m.[38;2;34;85;100m'[38;2;59;119;113m:[38;2;4;17;22m [38;2;6;41;56m.[38;2;85;167;186mo[38;2;48;107;114m;[38;2;14;24;25m [38;2;53;103;104m;[38;2;49;102;109m,[38;2;54;107;115m;[38;2;60;124;132m:[38;2;42;90;109m,[38;2;30;61;106m.[38;2;38;76;129m'[38;2;24;71;124m.[38;2;3;72;181m'[38;2;81;198;255mk[38;2;101;204;255mk[38;2;88;201;249mk[38;2;105;196;252mk[38;2;109;227;255m0[38;2;121;238;255mK[38;2;132;251;255mX[38;2;169;252;255mN[38;2;148;255;255mX[38;2;110;215;248mO[38;2;116;173;234mx[38;2;133;162;200mx[38;2;119;145;179mo[38;2;128;149;167mo[38;2;123;163;191md[38;2;61;130;184mc[38;2;41;98;111m,[38;2;81;150;207mo[38;2;130;150;160md[38;2;2;27;20m [38;2;1;43;38m.[38;2;79;118;170mc[38;2;69;98;155m;[38;2;57;118;119m:[38;2;60;135;133mc[38;2;77;171;165mo[38;2;79;162;159mo[38;2;0;7;11m [38;2;51;99;178m;[38;2;135;144;142mo[38;2;66;130;134mc[38;2;29;61;82m.[38;2;84;164;167mo[38;2;60;116;116m:[38;2;3;13;31m [38;2;184;207;241mK[38;2;20;29;40m [38;2;10;59;71m.[38;2;37;68;80m.[38;2;58;83;126m,[38;2;127;129;141ml[38;2;30;58;146m.[38;2;74;158;226mo[38;2;64;177;213md[38;2;125;255;255mX[38;2;161;255;255mN[38;2;80;209;240mk[38;2;3;17;67m [38;2;89;121;134mc[38;2;42;58;104m.[38;2;0;0;1m [38;2;14;32;40m [38;2;15;69;83m.[38;2;11;48;57m.[38;2;12;36;30m [38;2;15;55;67m.[38;2;14;57;65m.[38;2;0;1;1m [38;2;24;70;68m.[38;2;70;121;131m:[38;2;9;31;41m [38;2;21;52;63m.[38;2;12;51;60m.[0m
[0m[38;2;41;81;89m'[38;2;96;200;207mk[38;2;22;55;49m.[38;2;9;19;27m [38;2;4;43;57m.[38;2;94;179;190md[38;2;51;101;109m;[38;2;34;50;56m.[38;2;102;199;208mk[38;2;82;176;173md[38;2;81;169;168mo[38;2;69;174;181mo[38;2;88;177;203md[38;2;27;63;101m.[38;2;16;67;137m.[38;2;10;74;182m'[38;2;11;115;241m:[38;2;85;255;255mK[38;2;87;255;255mK[38;2;70;248;255m0[38;2;74;240;255m0[38;2;55;239;255mO[38;2;106;220;255mO[38;2;84;230;255mO[38;2;61;223;255mk[38;2;82;204;255mk[38;2;48;164;245mo[38;2;22;113;230m:[38;2;9;65;157m.[38;2;5;51;123m.[38;2;20;58;97m.[38;2;90;181;201md[38;2;76;168;163mo[38;2;48;120;105m;[38;2;103;155;213md[38;2;128;128;132ml[38;2;1;29;36m [38;2;3;50;54m.[38;2;65;104;142m;[38;2;78;137;169ml[38;2;0;8;17m [38;2;42;101;99m,[38;2;60;121;131m:[38;2;60;126;117m:[38;2;3;11;21m [38;2;76;123;209mc[38;2;128;130;131ml[38;2;5;28;33m [38;2;74;137;136mc[38;2;20;51;66m.[38;2;54;87;91m,[38;2;1;7;20m [38;2;179;194;236m0[38;2;20;29;33m [38;2;7;45;51m.[38;2;11;28;30m [38;2;37;69;95m.[38;2;112;128;136ml[38;2;95;117;138mc[38;2;53;97;158m;[38;2;31;90;128m,[38;2;21;119;196m:[38;2;79;192;240mx[38;2;44;95;166m;[38;2;0;3;21m [38;2;79;115;128m:[38;2;41;58;94m.[38;2;0;2;5m [38;2;17;31;33m [38;2;10;71;83m.[38;2;10;41;56m.[38;2;15;36;37m.[38;2;5;42;43m.[38;2;9;59;67m.[38;2;0;0;1m [38;2;89;161;164mo[38;2;15;51;58m.[38;2;11;49;61m.[38;2;26;42;60m.[38;2;14;51;60m.[0m
[0m[38;2;98;175;157md[38;2;30;87;89m'[38;2;3;24;23m [38;2;9;21;34m [38;2;5;41;63m.[38;2;102;181;195mx[38;2;49;107;100m;[38;2;31;52;64m.[38;2;94;194;191mx[38;2;78;166;164mo[38;2;73;166;167mo[38;2;78;161;164mo[38;2;86;171;188md[38;2;78;154;198mo[38;2;22;74;143m'[38;2;2;75;190m'[38;2;11;102;229m;[38;2;82;255;255mK[38;2;77;255;255m0[38;2;72;255;255m0[38;2;79;255;255m0[38;2;67;255;255m0[38;2;117;255;255mK[38;2;180;255;255mN[38;2;96;255;255mK[38;2;90;255;255mK[38;2;34;179;240mo[38;2;10;126;240m:[38;2;4;77;160m'[38;2;14;69;134m.[38;2;14;50;97m.[38;2;30;89;117m'[38;2;70;148;154ml[38;2;29;71;92m.[38;2;130;165;216mx[38;2;128;130;128ml[38;2;4;18;21m [38;2;4;35;37m [38;2;65;105;144m;[38;2;80;142;193ml[38;2;11;22;33m [38;2;28;67;78m.[38;2;53;98;102m,[38;2;24;71;68m.[38;2;14;26;28m [38;2;79;139;211ml[38;2;128;131;134ml[38;2;22;50;65m.[38;2;30;73;66m.[38;2;35;75;80m'[38;2;69;114;114m:[38;2;0;2;1m [38;2;161;187;217mO[38;2;32;52;71m.[38;2;11;55;63m.[38;2;23;61;60m.[38;2;14;34;51m.[38;2;111;129;133ml[38;2;133;163;182mx[38;2;6;26;45m [38;2;15;33;57m.[38;2;22;44;90m.[38;2;127;152;174md[38;2;6;12;21m [38;2;0;1;3m [38;2;129;147;152mo[38;2;13;17;34m [38;2;0;5;4m [38;2;10;33;33m [38;2;13;69;77m.[38;2;8;39;55m.[38;2;14;36;37m.[38;2;14;40;45m.[38;2;14;60;63m.[38;2;25;40;31m.[38;2;64;117;122m:[38;2;12;52;53m.[38;2;17;59;65m.[38;2;27;45;57m.[38;2;22;49;57m.[0m
[0m[38;2;42;86;78m'[38;2;7;54;70m.[38;2;4;32;27m [38;2;11;20;26m [38;2;3;41;59m.[38;2;93;182;198mx[38;2;40;89;75m'[38;2;30;45;64m.[38;2;89;190;199mx[38;2;76;164;165mo[38;2;74;162;168mo[38;2;79;165;164mo[38;2;80;166;190mo[38;2;74;151;197ml[38;2;75;147;197ml[38;2;13;70;147m.[38;2;3;85;202m'[38;2;89;255;255mK[38;2;72;255;255m0[38;2;67;247;255m0[38;2;73;243;254m0[38;2;69;232;249mO[38;2;48;225;248mk[38;2;87;212;244mk[38;2;114;232;255m0[38;2;69;225;253mO[38;2;30;160;226ml[38;2;2;62;148m.[38;2;12;76;153m'[38;2;21;65;109m.[38;2;29;65;91m.[38;2;27;60;81m.[38;2;35;79;85m'[38;2;12;31;31m [38;2;134;167;227mx[38;2;129;138;141mo[38;2;12;21;23m [38;2;76;142;115mc[38;2;73;115;155m:[38;2;78;139;182ml[38;2;11;21;22m [38;2;26;67;71m.[38;2;19;49;61m.[38;2;37;71;74m.[38;2;66;54;39m.[38;2;161;175;170mk[38;2;171;160;134mx[38;2;71;71;58m'[38;2;68;82;64m,[38;2;42;69;69m.[38;2;35;59;59m.[38;2;5;2;1m [38;2;140;160;171md[38;2;70;89;99m,[38;2;11;33;38m [38;2;10;30;26m [38;2;9;16;17m [38;2;116;147;162mo[38;2;120;145;164mo[38;2;19;15;18m [38;2;10;17;17m [38;2;101;122;135mc[38;2;35;45;66m.[38;2;0;1;1m [38;2;14;21;34m [38;2;150;176;183mk[38;2;0;1;1m [38;2;0;9;0m [38;2;12;34;35m [38;2;11;69;82m.[38;2;8;38;48m.[38;2;13;28;35m [38;2;8;48;59m.[38;2;17;53;57m.[38;2;15;30;25m [38;2;14;45;54m.[38;2;15;46;55m.[38;2;14;49;48m.[38;2;23;53;57m.[38;2;8;39;50m.[0m
[0m[38;2;27;57;60m.[38;2;6;63;76m.[38;2;4;40;29m [38;2;8;14;20m [38;2;8;41;48m.[38;2;88;174;192md[38;2;32;77;79m'[38;2;22;35;51m.[38;2;67;138;149mc[38;2;54;114;114m;[38;2;52;114;116m;[38;2;54;116;119m;[38;2;61;117;123m:[38;2;78;131;151mc[38;2;48;105;131m;[38;2;48;98;130m,[38;2;49;96;150m;[38;2;16;71;131m.[38;2;22;117;215m:[38;2;13;114;223m;[38;2;14;115;232m;[38;2;14;108;215m;[38;2;29;113;224m:[38;2;11;112;198m;[38;2;14;112;208m;[38;2;26;101;189m;[38;2;49;146;199ml[38;2;2;26;61m [38;2;8;79;118m.[38;2;8;55;95m.[38;2;11;54;79m.[38;2;9;56;74m.[38;2;6;54;71m.[38;2;0;23;29m [38;2;146;167;214mx[38;2;128;128;130ml[38;2;0;1;8m [38;2;77;175;156mo[38;2;74;119;175mc[38;2;94;128;164ml[38;2;64;61;32m.[38;2;120;116;65mc[38;2;136;141;91mo[38;2;157;147;100mo[38;2;102;83;43m,[38;2;236;216;176mX[38;2;171;159;137mx[38;2;99;77;47m,[38;2;123;96;52m:[38;2;115;83;55m;[38;2;114;80;38m,[38;2;105;79;36m,[38;2;208;188;128mO[38;2;193;151;89mx[38;2;127;85;56m;[38;2;106;105;60m:[38;2;97;94;67m;[38;2;188;180;161mO[38;2;190;180;131mk[38;2;131;110;65mc[38;2;84;64;52m'[38;2;157;179;184mk[38;2;54;45;29m.[38;2;21;28;29m [38;2;134;148;160md[38;2;30;41;42m.[38;2;0;6;0m [38;2;0;7;2m [38;2;22;39;35m.[38;2;13;60;69m.[38;2;6;38;41m [38;2;10;32;32m [38;2;7;43;54m.[38;2;8;34;35m [38;2;3;19;18m [38;2;12;55;59m.[38;2;11;42;51m.[38;2;10;34;43m [38;2;18;45;50m.[38;2;56;99;108m;[0m
[0m[38;2;21;48;48m.[38;2;3;51;54m.[38;2;10;36;37m [38;2;8;36;50m.[38;2;2;33;46m [38;2;76;160;188mo[38;2;48;105;100m;[38;2;0;6;14m [38;2;10;38;48m.[38;2;6;40;48m.[38;2;9;59;67m.[38;2;25;70;75m.[38;2;33;75;91m'[38;2;32;84;94m'[38;2;30;69;102m.[38;2;39;94;142m,[38;2;112;197;232mk[38;2;1;10;48m [38;2;15;68;133m.[38;2;13;65;143m.[38;2;16;68;130m.[38;2;10;71;130m.[38;2;21;70;131m.[38;2;10;71;113m.[38;2;12;65;123m.[38;2;7;62;109m.[38;2;15;69;108m.[38;2;26;49;67m.[38;2;7;66;95m.[38;2;10;60;87m.[38;2;12;60;83m.[38;2;8;59;81m.[38;2;7;56;76m.[38;2;2;32;46m [38;2;142;167;216mx[38;2;126;131;129ml[38;2;1;0;2m [38;2;103;124;99mc[38;2;214;220;190mX[38;2;163;149;111md[38;2;103;72;18m'[38;2;110;92;47m;[38;2;129;121;69mc[38;2;156;129;69ml[38;2;142;94;27m:[38;2;231;181;84mO[38;2;234;211;93mK[38;2;216;196;87mO[38;2;228;209;119mK[38;2;222;208;96m0[38;2;232;184;77mO[38;2;235;187;72mO[38;2;255;245;118mN[38;2;255;223;85mX[38;2;236;201;98m0[38;2;217;191;91mO[38;2;207;181;82mk[38;2;187;154;75md[38;2;214;194;133m0[38;2;118;84;46m;[38;2;119;89;35m;[38;2;208;189;148mO[38;2;176;151;104md[38;2;206;192;147mO[38;2;74;62;39m.[38;2;48;39;20m.[38;2;13;12;2m [38;2;0;3;1m [38;2;17;39;41m.[38;2;17;59;69m.[38;2;11;48;55m.[38;2;14;25;24m [38;2;15;31;30m [38;2;8;30;32m [38;2;9;37;36m [38;2;15;47;55m.[38;2;54;99;106m,[38;2;71;116;123m:[38;2;70;137;150mc[38;2;61;115;136m:[0m
[0m[38;2;31;57;63m.[38;2;7;58;69m.[38;2;9;52;63m.[38;2;6;50;67m.[38;2;2;31;34m [38;2;75;145;178ml[38;2;62;122;115m:[38;2;0;14;26m [38;2;4;53;62m.[38;2;0;56;59m.[38;2;2;54;59m.[38;2;1;55;59m.[38;2;4;55;62m.[38;2;3;54;59m.[38;2;6;52;62m.[38;2;3;38;55m.[38;2;66;123;145m:[38;2;0;9;28m [38;2;6;60;88m.[38;2;6;57;88m.[38;2;8;57;94m.[38;2;9;57;89m.[38;2;7;57;84m.[38;2;3;60;85m.[38;2;8;58;89m.[38;2;9;60;93m.[38;2;8;60;79m.[38;2;55;83;77m'[38;2;14;58;79m.[38;2;11;40;64m.[38;2;7;37;42m [38;2;3;31;42m [38;2;4;20;26m [38;2;0;8;9m [38;2;113;144;198mo[38;2;152;154;143md[38;2;74;70;38m'[38;2;117;87;49m;[38;2;208;186;123mO[38;2;146;113;56mc[38;2;177;136;71mo[38;2;219;178;67mk[38;2;251;197;63m0[38;2;224;159;37mx[38;2;157;127;52ml[38;2;191;167;83mx[38;2;162;120;47ml[38;2;150;125;62ml[38;2;185;157;85mx[38;2;222;184;76mO[38;2;241;170;53mk[38;2;255;240;119mN[38;2;255;255;120mW[38;2;255;246;89mN[38;2;255;235;94mX[38;2;255;237;102mN[38;2;255;249;98mN[38;2;255;250;100mN[38;2;255;226;93mX[38;2;255;211;92mK[38;2;254;233;99mX[38;2;255;242;116mN[38;2;201;173;90mk[38;2;217;154;74mx[38;2;87;58;26m.[38;2;119;94;46m;[38;2;115;84;35m;[38;2;22;13;7m [38;2;14;38;36m.[38;2;14;55;71m.[38;2;25;58;67m.[38;2;16;54;57m.[38;2;9;32;35m [38;2;25;65;64m.[38;2;39;80;88m'[38;2;48;97;100m,[38;2;39;88;92m'[38;2;14;53;61m.[38;2;9;47;53m.[38;2;9;48;54m.[0m
[0m[38;2;25;59;67m.[38;2;6;54;69m.[38;2;2;54;62m.[38;2;4;52;62m.[38;2;2;33;41m [38;2;73;128;177mc[38;2;68;138;130mc[38;2;0;7;14m [38;2;4;55;60m.[38;2;2;54;60m.[38;2;7;54;59m.[38;2;2;55;58m.[38;2;2;55;59m.[38;2;0;56;59m.[38;2;9;54;59m.[38;2;4;50;64m.[38;2;9;48;66m.[38;2;4;19;34m [38;2;10;63;82m.[38;2;8;55;63m.[38;2;8;53;66m.[38;2;4;45;58m.[38;2;4;40;52m.[38;2;8;33;45m [38;2;4;28;33m [38;2;5;23;27m [38;2;4;17;21m [38;2;8;27;27m [38;2;5;27;34m [38;2;5;7;5m [38;2;94;113;118m:[38;2;136;141;143mo[38;2;124;132;130ml[38;2;126;132;127ml[38;2;140;149;153md[38;2;169;176;138mk[38;2;153;131;91ml[38;2;102;94;86m;[38;2;138;134;103ml[38;2;110;91;40m;[38;2;130;130;80ml[38;2;165;136;64mo[38;2;151;126;71ml[38;2;56;48;25m.[38;2;56;45;50m.[38;2;193;209;224mK[38;2;48;59;94m.[38;2;86;107;127m:[38;2;187;176;185mO[38;2;194;171;154mk[38;2;184;128;86mo[38;2;249;222;131mX[38;2;255;253;123mW[38;2;255;252;95mN[38;2;255;234;81mX[38;2;255;255;117mW[38;2;255;255;99mN[38;2;255;255;97mN[38;2;255;255;106mW[38;2;255;232;82mX[38;2;255;247;92mN[38;2;255;255;98mN[38;2;255;255;98mN[38;2;251;237;104mX[38;2;203;152;55md[38;2;185;144;72md[38;2;191;152;85md[38;2;111;73;24m,[38;2;64;58;36m.[38;2;14;48;56m.[38;2;17;55;67m.[38;2;9;29;37m [38;2;15;29;34m [38;2;27;50;52m.[38;2;12;42;51m.[38;2;12;59;72m.[38;2;11;55;63m.[38;2;13;55;67m.[38;2;19;55;73m.[38;2;10;43;55m.[0m
[0m[38;2;21;57;67m.[38;2;4;54;66m.[38;2;0;51;58m.[38;2;0;51;58m.[38;2;2;25;43m [38;2;72;129;182mc[38;2;72;155;129ml[38;2;0;16;19m [38;2;6;53;63m.[38;2;4;55;64m.[38;2;2;55;69m.[38;2;7;56;62m.[38;2;7;50;57m.[38;2;0;47;51m.[38;2;2;39;44m [38;2;2;32;38m [38;2;4;35;36m [38;2;2;12;13m [38;2;4;18;19m [38;2;2;13;13m [38;2;2;13;16m [38;2;6;21;18m [38;2;2;10;6m [38;2;0;10;0m [38;2;0;6;0m [38;2;0;3;2m [38;2;0;6;6m [38;2;22;67;87m.[38;2;8;67;77m.[38;2;5;14;12m [38;2;86;113;117m:[38;2;107;134;147ml[38;2;119;143;144mo[38;2;112;138;136ml[38;2;115;144;140mo[38;2;82;137;144mc[38;2;89;127;132mc[38;2;82;99;118m;[38;2;42;59;71m.[38;2;30;51;38m.[38;2;29;58;64m.[38;2;69;95;119m;[38;2;116;168;189md[38;2;103;147;180mo[38;2;94;108;176mc[38;2;147;177;232mk[38;2;11;91;181m,[38;2;220;243;243mN[38;2;203;255;247mW[38;2;195;250;239mN[38;2;117;184;167mx[38;2;176;173;190mk[38;2;254;226;161mN[38;2;235;185;89mO[38;2;255;214;93mK[38;2;255;255;119mW[38;2;255;255;102mN[38;2;255;255;101mN[38;2;255;255;99mN[38;2;255;255;96mN[38;2;255;255;92mN[38;2;255;255;94mN[38;2;255;255;98mN[38;2;255;255;95mN[38;2;255;255;100mN[38;2;255;241;94mN[38;2;255;223;99mX[38;2;230;200;79m0[38;2;204;173;80mk[38;2;164;142;91mo[38;2;83;48;38m.[38;2;26;29;28m [38;2;7;19;27m [38;2;11;27;30m [38;2;12;28;29m [38;2;10;41;46m.[38;2;19;45;57m.[38;2;17;46;49m.[38;2;20;52;69m.[38;2;8;30;51m [0m
[0m[38;2;27;61;72m.[38;2;4;52;67m.[38;2;0;46;59m.[38;2;2;43;66m.[38;2;1;28;43m [38;2;63;114;167m:[38;2;68;160;147ml[38;2;0;14;14m [38;2;0;28;34m [38;2;0;25;25m [38;2;0;19;24m [38;2;0;14;13m [38;2;0;8;5m [38;2;0;9;0m [38;2;0;7;0m [38;2;0;6;0m [38;2;0;26;41m [38;2;1;39;43m [38;2;10;41;57m.[38;2;4;50;65m.[38;2;5;57;76m.[38;2;14;69;75m.[38;2;2;9;18m [38;2;0;10;4m [38;2;0;6;10m [38;2;0;8;10m [38;2;0;15;20m [38;2;13;66;94m.[38;2;7;62;70m.[38;2;3;40;52m.[38;2;11;25;38m [38;2;12;44;55m.[38;2;5;26;32m [38;2;0;1;5m [38;2;22;38;69m.[38;2;199;212;213mK[38;2;18;19;16m [38;2;134;130;81ml[38;2;161;146;117md[38;2;136;107;41m:[38;2;114;126;92mc[38;2;110;108;65m:[38;2;127;165;135md[38;2;78;120;109m:[38;2;36;65;141m'[38;2;125;182;228mk[38;2;72;165;250md[38;2;117;200;212mk[38;2;226;255;252mW[38;2;205;250;245mN[38;2;97;196;183mx[38;2;225;235;240mN[38;2;253;217;130mX[38;2;219;146;65mx[38;2;255;230;117mX[38;2;255;255;95mN[38;2;255;255;93mN[38;2;255;255;95mN[38;2;255;255;87mN[38;2;255;255;89mN[38;2;255;255;90mN[38;2;255;255;92mN[38;2;255;255;92mN[38;2;255;255;89mN[38;2;255;255;96mN[38;2;255;254;101mN[38;2;255;216;79mK[38;2;255;232;87mX[38;2;255;255;99mN[38;2;255;255;118mW[38;2;218;184;92mO[38;2;175;120;57ml[38;2;73;70;68m'[38;2;18;42;40m.[38;2;18;35;40m.[38;2;3;15;17m [38;2;15;29;30m [38;2;13;44;43m.[38;2;26;48;58m.[38;2;27;45;46m.[0m
[0m[38;2;14;39;38m.[38;2;11;31;37m [38;2;9;24;22m [38;2;3;16;31m [38;2;12;42;70m.[38;2;63;100;157m;[38;2;77;167;163mo[38;2;2;11;4m [38;2;0;9;6m [38;2;18;24;23m [38;2;7;20;27m [38;2;13;28;31m [38;2;0;15;0m [38;2;4;13;0m [38;2;0;12;7m [38;2;3;9;2m [38;2;7;27;40m [38;2;15;59;74m.[38;2;10;59;70m.[38;2;10;52;84m.[38;2;8;62;82m.[38;2;16;67;88m.[38;2;0;21;18m [38;2;4;14;15m [38;2;0;16;25m [38;2;4;17;22m [38;2;0;18;40m [38;2;13;54;87m.[38;2;18;49;62m.[38;2;11;39;65m.[38;2;21;48;63m.[38;2;15;42;45m.[38;2;44;63;86m.[38;2;55;100;102m,[38;2;27;48;76m.[38;2;208;238;254mN[38;2;64;86;83m,[38;2;200;173;116mk[38;2;136;112;81mc[38;2;154;141;75mo[38;2;147;128;79ml[38;2;200;156;96mx[38;2;189;167;89mx[38;2;153;130;79ml[38;2;129;128;116ml[38;2;125;146;163mo[38;2;161;212;226m0[38;2;95;150;160mo[38;2;181;252;228mN[38;2;200;246;234mN[38;2;233;246;247mW[38;2;255;238;200mW[38;2;254;230;123mX[38;2;199;126;65mo[38;2;255;239;127mN[38;2;255;255;92mN[38;2;255;255;84mN[38;2;255;255;92mN[38;2;255;255;93mN[38;2;255;255;95mN[38;2;255;255;87mN[38;2;255;255;90mN[38;2;255;255;100mN[38;2;255;255;92mN[38;2;255;255;92mN[38;2;255;255;91mN[38;2;255;244;117mN[38;2;255;205;63mK[38;2;255;255;103mW[38;2;255;255;97mN[38;2;255;255;109mW[38;2;239;202;91m0[38;2;163;116;80ml[38;2;127;110;74mc[38;2;40;37;40m.[38;2;19;50;72m.[38;2;8;5;8m [38;2;10;13;2m [38;2;0;16;21m [38;2;5;12;2m [0m
