[0m[38;2;26;56;41m.[38;2;9;51;47m.[38;2;12;45;43m.[38;2;1;16;7m [38;2;6;39;49m.[38;2;4;28;37m [38;2;83;160;149mo[38;2;18;42;40m.[38;2;0;5;0m [38;2;1;12;0m [38;2;4;14;7m [38;2;4;19;14m [38;2;8;27;19m [38;2;4;10;20m [38;2;112;169;201md[38;2;111;121;129mc[38;2;3;11;13m [38;2;15;50;60m.[38;2;11;52;78m.[38;2;10;50;92m.[38;2;10;50;96m.[38;2;16;57;109m.[38;2;11;55;122m.[38;2;15;58;154m.[38;2;8;70;172m.[38;2;14;72;194m'[38;2;73;187;249mx[38;2;19;91;236m,[38;2;28;163;254ml[38;2;64;181;255md[38;2;66;223;255mO[38;2;100;249;255mK[38;2;98;255;255mK[38;2;115;255;255mK[38;2;95;255;255mK[38;2;146;255;255mX[38;2;23;222;255mx[38;2;74;185;255mx[38;2;53;128;221mc[38;2;7;52;170m.[38;2;8;53;130m.[38;2;29;62;187m'[38;2;149;165;219mx[38;2;9;53;201m.[38;2;0;141;255mc[38;2;118;255;255mK[38;2;85;227;255mO[38;2;127;255;255mX[38;2;104;255;255mK[38;2;92;228;255mO[38;2;51;187;255md[38;2;18;151;253ml[38;2;4;96;243m,[38;2;2;99;241m,[38;2;1;73;230m'[38;2;11;54;190m.[38;2;27;62;174m'[38;2;1;17;80m [38;2;68;112;192m:[38;2;14;38;77m.[38;2;11;33;69m.[38;2;7;35;60m.[38;2;10;36;54m.[38;2;12;56;72m.[38;2;3;43;56m.[38;2;18;45;58m.[38;2;1;32;41m [38;2;17;46;58m.[38;2;11;51;58m.[38;2;13;57;63m.[38;2;3;32;37m [38;2;20;49;57m.[38;2;17;51;46m.[38;2;1;5;3m [38;2;1;31;29m [38;2;8;43;45m.[38;2;11;45;53m.[38;2;8;41;32m.[38;2;19;49;50m.[38;2;3;52;49m.[0m
[0m[38;2;19;56;44m.[38;2;8;49;51m.[38;2;8;32;28m [38;2;0;15;10m [38;2;4;37;45m [38;2;2;29;36m [38;2;83;158;158mo[38;2;11;30;24m [38;2;0;6;5m [38;2;0;6;0m [38;2;0;4;0m [38;2;0;5;0m [38;2;0;3;0m [38;2;22;38;58m.[38;2;205;227;247mX[38;2;14;15;18m [38;2;3;12;13m [38;2;3;21;16m [38;2;3;24;27m [38;2;4;29;45m [38;2;6;37;50m.[38;2;7;40;69m.[38;2;10;47;86m.[38;2;13;52;107m.[38;2;7;55;107m.[38;2;8;53;132m.[38;2;33;96;182m;[38;2;22;37;137m.[38;2;17;63;190m.[38;2;8;72;212m'[38;2;7;87;231m,[38;2;18;106;243m;[38;2;15;146;253mc[38;2;42;168;255mo[38;2;54;189;255md[38;2;96;241;255m0[38;2;21;181;253mo[38;2;77;174;253md[38;2;87;171;236md[38;2;21;53;161m.[38;2;2;29;106m.[38;2;31;77;199m,[38;2;137;157;214mx[38;2;5;54;212m.[38;2;14;148;255mc[38;2;118;255;255mK[38;2;123;228;255m0[38;2;69;255;255m0[38;2;132;255;255mX[38;2;122;255;255mX[38;2;132;255;255mX[38;2;92;255;255mK[38;2;75;243;255m0[38;2;81;225;255mO[38;2;44;183;255md[38;2;8;134;252m:[38;2;12;85;240m,[38;2;2;21;151m.[38;2;96;149;228mo[38;2;11;37;97m.[38;2;8;32;76m.[38;2;6;37;68m.[38;2;53;82;94m'[38;2;55;65;71m.[38;2;59;80;89m'[38;2;62;74;83m'[38;2;49;71;71m'[38;2;36;63;69m.[38;2;16;47;62m.[38;2;9;48;57m.[38;2;0;23;26m [38;2;7;46;55m.[38;2;7;35;35m [38;2;0;6;3m [38;2;3;38;34m [38;2;9;33;39m [38;2;10;35;45m [38;2;10;36;39m [38;2;15;45;49m.[38;2;6;41;48m.[0m
[0m[38;2;24;55;49m.[38;2;9;51;54m.[38;2;9;40;34m.[38;2;2;15;18m [38;2;2;43;48m.[38;2;5;27;41m [38;2;87;159;156mo[38;2;3;18;28m [38;2;6;25;30m [38;2;7;24;31m [38;2;5;19;25m [38;2;15;27;33m [38;2;0;1;7m [38;2;148;176;199mk[38;2;102;113;131mc[38;2;7;26;42m [38;2;4;33;42m [38;2;0;2;0m [38;2;0;8;2m [38;2;0;7;5m [38;2;2;7;10m [38;2;3;2;9m [38;2;5;8;21m [38;2;8;15;29m [38;2;5;23;46m [38;2;7;30;69m [38;2;10;41;89m.[38;2;5;14;72m [38;2;19;57;135m.[38;2;17;55;156m.[38;2;19;62;166m.[38;2;18;57;183m.[38;2;14;65;194m'[38;2;22;59;199m'[38;2;6;54;209m.[38;2;55;143;224ml[38;2;34;68;171m'[38;2;25;69;192m'[38;2;48;101;188m;[38;2;47;84;179m,[38;2;15;32;111m.[38;2;44;90;204m;[38;2;107;130;190ml[38;2;8;57;230m.[38;2;11;153;255ml[38;2;128;255;255mX[38;2;130;245;255mK[38;2;86;255;255mK[38;2;103;255;255mK[38;2;108;255;255mK[38;2;113;255;255mK[38;2;92;255;255mK[38;2;100;255;255mK[38;2;104;255;255mK[38;2;136;255;255mX[38;2;114;255;255mK[38;2;6;154;255mc[38;2;14;70;235m'[38;2;130;183;255mk[38;2;8;30;95m.[38;2;15;32;87m.[38;2;10;27;70m [38;2;67;96;107m;[38;2;70;92;106m,[38;2;71;95;114m;[38;2;72;93;103m;[38;2;71;96;95m;[38;2;51;74;87m'[38;2;84;102;121m;[38;2;61;83;105m,[38;2;4;29;27m [38;2;11;24;27m [38;2;7;15;15m [38;2;7;41;38m.[38;2;15;52;59m.[38;2;14;29;34m [38;2;22;47;52m.[38;2;14;33;30m [38;2;12;43;54m.[38;2;8;43;53m.[0m
[0m[38;2;29;57;53m.[38;2;13;50;50m.[38;2;11;40;38m.[38;2;10;16;18m [38;2;8;46;53m.[38;2;4;31;38m [38;2;77;162;162mo[38;2;12;31;47m [38;2;1;10;4m [38;2;7;42;52m.[38;2;2;13;18m [38;2;18;29;32m [38;2;76;97;133m;[38;2;207;221;225mX[38;2;4;14;25m [38;2;5;47;65m.[38;2;3;29;44m [38;2;9;38;52m.[38;2;4;41;65m.[38;2;7;26;38m [38;2;6;13;20m [38;2;45;51;57m.[38;2;39;52;58m.[38;2;39;49;61m.[38;2;45;52;55m.[38;2;44;50;57m.[38;2;41;50;64m.[38;2;37;42;65m.[38;2;23;32;92m.[38;2;36;50;99m.[38;2;30;39;87m.[38;2;10;25;102m.[38;2;12;28;111m.[38;2;17;38;129m.[38;2;16;45;154m.[38;2;25;76;148m'[38;2;23;51;112m.[38;2;21;57;150m.[38;2;17;61;146m.[38;2;22;55;132m.[38;2;0;8;83m [38;2;74;125;216mc[38;2;90;127;173mc[38;2;38;93;222m;[38;2;51;153;251mo[38;2;67;171;250md[38;2;134;248;255mX[38;2;90;254;255mK[38;2;103;255;255mK[38;2;93;255;255mK[38;2;97;255;255mK[38;2;89;255;255mK[38;2;101;255;255mK[38;2;78;255;255m0[38;2;106;255;255mK[38;2;133;255;255mX[38;2;4;163;255ml[38;2;45;150;254ml[38;2;120;167;252mx[38;2;0;21;87m [38;2;21;41;95m.[38;2;11;42;96m.[38;2;9;41;66m.[38;2;3;34;63m [38;2;15;45;80m.[38;2;6;43;64m.[38;2;6;41;56m.[38;2;9;43;54m.[38;2;9;31;50m [38;2;108;126;153ml[38;2;24;32;44m.[38;2;4;22;26m [38;2;9;46;60m.[38;2;8;59;70m.[38;2;7;41;50m.[38;2;3;2;5m [38;2;48;69;65m.[38;2;29;60;57m.[38;2;15;45;48m.[38;2;7;38;51m.[0m
[0m[38;2;30;51;50m.[38;2;8;49;58m.[38;2;12;31;30m [38;2;8;18;25m [38;2;11;44;56m.[38;2;4;31;39m [38;2;81;160;166mo[38;2;15;44;44m.[38;2;14;33;47m [38;2;4;14;18m [38;2;8;21;25m [38;2;23;42;72m.[38;2;214;235;252mN[38;2;51;65;71m.[38;2;2;37;50m [38;2;5;46;62m.[38;2;1;23;33m [38;2;8;47;75m.[38;2;15;52;85m.[38;2;5;18;33m [38;2;66;93;96m,[38;2;163;210;214m0[38;2;153;192;211mO[38;2;150;192;207mO[38;2;151;190;206mO[38;2;161;185;214mO[38;2;133;169;199mx[38;2;144;146;204md[38;2;97;132;201ml[38;2;122;169;203mx[38;2;119;133;193mo[38;2;118;136;160mo[38;2;59;83;137m,[38;2;84;95;127m;[38;2;26;28;80m.[38;2;4;12;70m [38;2;0;10;61m [38;2;9;32;113m.[38;2;11;35;85m.[38;2;15;38;97m.[38;2;0;14;94m [38;2;121;171;245mx[38;2;49;81;149m,[38;2;11;48;145m.[38;2;69;121;227mc[38;2;6;39;175m.[38;2;207;253;255mW[38;2;8;104;238m;[38;2;34;171;255mo[38;2;54;194;255mx[38;2;58;240;255mO[38;2;78;236;255mO[38;2;115;255;255mK[38;2;114;255;255mK[38;2;93;255;255mK[38;2;123;255;255mX[38;2;2;152;255mc[38;2;10;80;251m,[38;2;130;165;244mx[38;2;9;30;88m.[38;2;57;101;153m;[38;2;15;51;100m.[38;2;14;45;89m.[38;2;61;99;138m;[38;2;7;44;63m.[38;2;7;29;41m [38;2;3;38;53m.[38;2;4;34;44m [38;2;10;36;44m.[38;2;44;57;94m.[38;2;76;94;122m;[38;2;6;48;55m.[38;2;9;50;73m.[38;2;11;42;46m.[38;2;34;47;45m.[38;2;36;63;66m.[38;2;21;54;64m.[38;2;13;43;64m.[38;2;11;47;60m.[38;2;14;39;48m.[0m
[0m[38;2;22;50;51m.[38;2;8;49;59m.[38;2;6;32;26m [38;2;5;24;28m [38;2;7;45;56m.[38;2;1;31;39m [38;2;88;165;166mo[38;2;4;21;19m [38;2;37;72;82m.[38;2;39;65;76m.[38;2;18;31;48m.[38;2;125;160;202md[38;2;119;133;148ml[38;2;23;44;53m.[38;2;24;55;71m.[38;2;30;69;83m.[38;2;5;15;33m [38;2;17;52;76m.[38;2;5;45;74m.[38;2;3;29;55m [38;2;7;17;22m [38;2;22;52;68m.[38;2;11;31;64m [38;2;12;30;64m [38;2;8;26;82m [38;2;13;32;99m.[38;2;12;23;120m.[38;2;30;54;183m.[38;2;13;53;175m.[38;2;8;35;176m.[38;2;21;53;197m.[38;2;17;62;208m'[38;2;44;66;195m'[38;2;108;128;213ml[38;2;171;207;237m0[38;2;89;101;149m:[38;2;4;11;86m [38;2;3;19;103m [38;2;0;18;71m [38;2;0;6;31m [38;2;9;34;126m.[38;2;153;195;255mO[38;2;8;15;44m [38;2;5;13;66m [38;2;21;33;99m.[38;2;18;39;146m.[38;2;233;255;255mW[38;2;2;22;122m [38;2;19;62;206m'[38;2;14;68;225m'[38;2;27;120;244m:[38;2;5;94;244m,[38;2;15;145;251mc[38;2;46;171;255mo[38;2;51;187;255md[38;2;75;207;255mk[38;2;4;93;246m,[38;2;18;64;210m'[38;2;116;152;233md[38;2;21;38;97m.[38;2;54;88;121m,[38;2;53;119;144m:[38;2;4;37;70m.[38;2;26;68;108m.[38;2;13;44;67m.[38;2;9;30;33m [38;2;5;35;51m [38;2;13;50;60m.[38;2;2;21;34m [38;2;45;64;100m.[38;2;71;93;121m;[38;2;10;47;58m.[38;2;15;39;47m.[38;2;35;52;55m.[38;2;37;61;61m.[38;2;8;45;54m.[38;2;8;48;61m.[38;2;5;48;59m.[38;2;5;47;55m.[38;2;10;41;53m.[0m
[0m[38;2;25;51;51m.[38;2;10;49;60m.[38;2;7;24;32m [38;2;5;20;25m [38;2;5;49;57m.[38;2;3;30;38m [38;2;88;169;174md[38;2;0;4;12m [38;2;5;45;58m.[38;2;6;37;40m [38;2;31;48;121m.[38;2;182;204;224m0[38;2;3;13;10m [38;2;59;118;126m:[38;2;64;130;154mc[38;2;82;142;168ml[38;2;19;35;48m.[38;2;57;88;113m,[38;2;26;64;87m.[38;2;34;65;94m.[38;2;30;63;104m.[38;2;37;66;110m.[38;2;29;51;84m.[38;2;26;52;99m.[38;2;19;42;128m.[38;2;16;44;171m.[38;2;1;40;198m.[38;2;9;138;255mc[38;2;5;145;255mc[38;2;4;121;251m:[38;2;4;135;254m:[38;2;1;121;253m:[38;2;12;121;252m:[38;2;0;43;213m.[38;2;28;88;248m;[38;2;195;231;255mX[38;2;59;72;191m,[38;2;11;64;195m.[38;2;10;27;120m.[38;2;8;21;81m [38;2;8;55;158m.[38;2;160;221;255mK[38;2;0;9;30m [38;2;17;50;119m.[38;2;5;14;68m [38;2;9;51;169m.[38;2;227;243;255mW[38;2;0;2;7m [38;2;0;12;66m [38;2;5;19;87m [38;2;4;21;108m [38;2;8;20;123m [38;2;12;38;141m.[38;2;11;52;168m.[38;2;8;46;184m.[38;2;18;62;190m.[38;2;8;23;135m.[38;2;32;68;145m'[38;2;88;131;189ml[38;2;26;51;99m.[38;2;46;75;99m'[38;2;55;125;156m:[38;2;3;36;63m.[38;2;7;43;72m.[38;2;5;37;42m [38;2;1;4;7m [38;2;4;15;15m [38;2;9;30;30m [38;2;4;25;33m [38;2;44;75;115m'[38;2;78;101;125m;[38;2;5;14;16m [38;2;30;47;56m.[38;2;11;39;40m.[38;2;7;40;54m.[38;2;4;42;51m.[38;2;8;49;55m.[38;2;7;42;55m.[38;2;5;43;51m.[38;2;8;46;59m.[0m
[0m[38;2;27;51;52m.[38;2;11;48;72m.[38;2;6;31;27m [38;2;2;21;23m [38;2;4;49;56m.[38;2;2;31;39m [38;2;92;164;182mo[38;2;0;5;7m [38;2;11;48;58m.[38;2;7;22;36m [38;2;109;146;216mo[38;2;75;95;104m;[38;2;2;30;38m [38;2;20;51;66m.[38;2;83;161;175mo[38;2;79;147;168ml[38;2;15;38;46m.[38;2;57;109;132m;[38;2;6;41;73m.[38;2;14;49;88m.[38;2;9;49;98m.[38;2;7;41;102m.[38;2;17;49;130m.[38;2;65;152;223mo[38;2;73;156;246mo[38;2;76;182;255mx[38;2;13;175;255mo[38;2;118;249;255mK[38;2;126;251;255mK[38;2;128;255;255mX[38;2;96;249;255mK[38;2;81;249;255m0[38;2;70;240;255mO[38;2;48;204;255mx[38;2;20;169;255mo[38;2;97;221;255mO[38;2;110;149;245md[38;2;10;75;230m'[38;2;8;32;148m.[38;2;10;27;114m.[38;2;27;79;214m,[38;2;190;230;250mX[38;2;2;11;46m [38;2;25;60;132m.[38;2;2;18;61m [38;2;7;32;124m.[38;2;223;250;255mW[38;2;0;4;11m [38;2;0;23;43m [38;2;11;33;96m.[38;2;4;37;71m.[38;2;5;22;58m [38;2;0;13;41m [38;2;0;3;30m [38;2;0;3;26m [38;2;2;14;38m [38;2;1;8;29m [38;2;5;18;35m [38;2;98;125;173ml[38;2;9;33;70m.[38;2;18;33;48m.[38;2;11;46;63m.[38;2;14;54;86m.[38;2;20;54;92m.[38;2;3;21;23m [38;2;0;7;5m [38;2;0;11;3m [38;2;0;7;0m [38;2;1;4;0m [38;2;75;93;127m;[38;2;51;66;96m'[38;2;20;35;41m.[38;2;9;53;62m.[38;2;10;48;62m.[38;2;6;38;48m.[38;2;15;39;48m.[38;2;9;40;46m.[38;2;12;45;58m.[38;2;10;48;53m.[38;2;11;48;55m.[0m
[0m[38;2;24;53;53m.[38;2;10;51;67m.[38;2;12;28;26m [38;2;3;23;30m [38;2;2;50;57m.[38;2;3;29;44m [38;2;95;173;164md[38;2;2;5;10m [38;2;8;47;51m.[38;2;24;41;73m.[38;2;158;186;246mO[38;2;3;20;16m [38;2;9;50;53m.[38;2;4;28;47m [38;2;60;127;134m:[38;2;74;151;159ml[38;2;15;27;36m [38;2;98;177;187md[38;2;7;33;67m.[38;2;11;48;92m.[38;2;10;51;101m.[38;2;8;53;126m.[38;2;9;45;133m.[38;2;43;117;219m:[38;2;79;176;255md[38;2;82;200;255mk[38;2;5;223;255mx[38;2;158;255;255mX[38;2;180;255;255mN[38;2;185;255;255mN[38;2;174;255;255mN[38;2;169;255;255mN[38;2;183;255;255mN[38;2;176;255;255mN[38;2;211;255;255mW[38;2;87;253;255mK[38;2;77;184;255mx[38;2;19;102;255m;[38;2;27;94;224m;[38;2;10;26;143m.[38;2;57;130;242mc[38;2;158;173;212mk[38;2;11;26;74m [38;2;25;56;105m.[38;2;9;25;53m [38;2;6;29;91m.[38;2;201;234;255mN[38;2;3;0;4m [38;2;15;32;56m.[38;2;14;54;100m.[38;2;6;31;70m [38;2;9;33;58m [38;2;22;34;51m.[38;2;109;129;137ml[38;2;96;123;125mc[38;2;93;119;123mc[38;2;79;105;113m;[38;2;52;71;75m'[38;2;94;119;129mc[38;2;38;53;61m.[38;2;48;58;75m.[38;2;26;31;39m.[38;2;1;13;19m [38;2;10;26;44m [38;2;5;12;15m [38;2;0;6;9m [38;2;0;6;5m [38;2;3;6;5m [38;2;1;3;0m [38;2;110;136;146ml[38;2;21;52;73m.[38;2;10;42;46m.[38;2;10;40;51m.[38;2;11;45;53m.[38;2;8;47;57m.[38;2;10;33;39m [38;2;9;43;48m.[38;2;7;49;58m.[38;2;10;49;53m.[38;2;11;47;56m.[0m
[0m[38;2;22;45;47m.[38;2;5;41;58m.[38;2;8;28;25m [38;2;2;27;29m [38;2;7;49;55m.[38;2;4;31;36m [38;2;94;162;161mo[38;2;1;14;16m [38;2;5;37;36m [38;2;30;53;107m.[38;2;179;216;242mK[38;2;0;20;19m [38;2;6;49;60m.[38;2;8;46;60m.[38;2;18;55;73m.[38;2;87;165;173mo[38;2;22;39;47m.[38;2;95;188;189mx[38;2;43;81;129m'[38;2;7;41;85m.[38;2;10;51;107m.[38;2;20;59;125m.[38;2;14;48;149m.[38;2;22;81;196m,[38;2;87;185;255mx[38;2;68;205;255mk[38;2;1;238;255mk[38;2;200;255;255mW[38;2;199;255;255mW[38;2;185;255;255mN[38;2;184;255;255mN[38;2;184;255;255mN[38;2;174;255;255mN[38;2;169;255;255mN[38;2;222;255;255mW[38;2;109;255;255mK[38;2;82;217;255mO[38;2;44;149;253ml[38;2;13;61;233m'[38;2;7;44;185m.[38;2;154;216;255m0[38;2;118;138;158mo[38;2;52;109;158m;[38;2;79;153;189mo[38;2;2;8;22m [38;2;12;31;107m.[38;2;197;223;243mX[38;2;13;17;28m [38;2;8;39;68m.[38;2;15;49;79m.[38;2;8;26;47m [38;2;11;43;67m.[38;2;9;22;38m [38;2;10;24;37m [38;2;6;14;13m [38;2;1;13;10m [38;2;9;36;55m.[38;2;3;25;59m [38;2;89;113;144m:[38;2;4;26;53m [38;2;7;17;53m [38;2;157;165;207mx[38;2;24;33;69m.[38;2;11;38;92m.[38;2;1;9;42m [38;2;0;10;27m [38;2;4;10;19m [38;2;5;7;5m [38;2;0;0;0m [38;2;142;176;223mk[38;2;7;30;41m [38;2;2;6;6m [38;2;15;53;62m.[38;2;8;50;56m.[38;2;13;54;63m.[38;2;16;53;57m.[38;2;11;34;43m [38;2;23;53;52m.[38;2;10;39;46m.[38;2;12;49;51m.[0m
[0m[38;2;40;75;71m'[38;2;33;71;80m.[38;2;38;82;77m'[38;2;9;23;32m [38;2;11;51;59m.[38;2;5;32;37m [38;2;87;157;156mo[38;2;4;17;19m [38;2;31;63;64m.[38;2;31;57;110m.[38;2;162;192;207mO[38;2;22;50;45m.[38;2;28;66;79m.[38;2;30;70;85m.[38;2;30;64;73m.[38;2;70;128;130mc[38;2;45;74;80m'[38;2;60;122;127m:[38;2;89;158;186mo[38;2;23;60;95m.[38;2;21;63;108m.[38;2;23;59;122m.[38;2;11;57;145m.[38;2;8;54;193m.[38;2;72;169;250md[38;2;62;215;255mk[38;2;0;246;255mk[38;2;233;255;255mW[38;2;210;255;255mW[38;2;193;255;255mN[38;2;188;255;255mN[38;2;183;255;255mN[38;2;178;255;255mN[38;2;173;255;255mN[38;2;195;255;255mN[38;2;99;253;255mK[38;2;81;213;255mk[38;2;67;190;255mx[38;2;39;104;229m:[38;2;30;76;209m,[38;2;249;255;255mM[38;2;40;66;123m'[38;2;10;44;111m.[38;2;91;169;209md[38;2;0;7;26m [38;2;4;23;80m [38;2;180;204;231m0[38;2;9;22;44m [38;2;9;52;96m.[38;2;10;51;91m.[38;2;6;26;45m [38;2;42;82;102m'[38;2;21;53;88m.[38;2;47;91;114m,[38;2;62;118;142m:[38;2;49;79;82m'[38;2;14;28;63m [38;2;7;37;87m.[38;2;131;162;224mx[38;2;12;50;110m.[38;2;7;35;170m.[38;2;78;162;233md[38;2;36;123;225m:[38;2;18;121;230m:[38;2;0;56;193m.[38;2;0;18;138m [38;2;0;18;78m [38;2;1;11;22m [38;2;40;52;82m.[38;2;99;127;159ml[38;2;7;45;56m.[38;2;2;11;8m [38;2;18;45;56m.[38;2;10;32;37m [38;2;14;43;53m.[38;2;8;36;40m [38;2;9;38;45m.[38;2;19;50;49m.[38;2;31;54;65m.[38;2;25;60;66m.[0m
[0m[38;2;20;55;52m.[38;2;11;49;64m.[38;2;8;54;53m.[38;2;1;24;33m [38;2;8;51;66m.[38;2;4;34;43m [38;2;79;149;154ml[38;2;2;11;15m [38;2;5;41;48m.[38;2;27;45;100m.[38;2;206;237;244mN[38;2;0;12;8m [38;2;6;30;49m [38;2;50;102;112m;[38;2;18;47;64m.[38;2;14;48;64m.[38;2;74;131;167mc[38;2;8;16;24m [38;2;41;86;102m'[38;2;39;84;128m,[38;2;39;85;129m,[38;2;37;77;123m'[38;2;31;89;143m,[38;2;36;87;173m,[38;2;49;107;230m:[38;2;41;133;254mc[38;2;25;220;255mx[38;2;105;229;255m0[38;2;105;252;255mK[38;2;111;254;255mK[38;2;126;255;255mX[38;2;127;255;255mX[38;2;141;255;255mX[38;2;147;255;255mX[38;2;120;254;255mK[38;2;84;237;255m0[38;2;64;191;255mx[38;2;63;171;250md[38;2;51;143;214ml[38;2;106;142;214mo[38;2;193;232;252mX[38;2;0;20;67m [38;2;4;53;121m.[38;2;28;73;123m'[38;2;4;28;48m [38;2;5;25;82m [38;2;167;193;225mO[38;2;8;24;47m [38;2;10;57;83m.[38;2;11;53;88m.[38;2;4;24;39m [38;2;108;169;187md[38;2;14;49;88m.[38;2;6;36;55m.[38;2;59;127;165mc[38;2;68;120;137m:[38;2;14;28;65m [38;2;3;22;99m [38;2;121;170;248mx[38;2;19;71;195m'[38;2;0;140;255mc[38;2;99;254;255mK[38;2;119;250;255mK[38;2;206;255;255mW[38;2;0;224;255mx[38;2;1;76;251m'[38;2;0;20;165m.[38;2;0;4;44m [38;2;142;179;216mk[38;2;19;48;79m.[38;2;15;50;73m.[38;2;6;16;16m [38;2;8;38;55m.[38;2;37;85;104m'[38;2;22;61;113m.[38;2;22;63;89m.[38;2;11;32;43m [38;2;99;104;101m:[38;2;44;67;67m.[38;2;29;77;81m.[0m
[0m[38;2;20;51;52m.[38;2;10;50;63m.[38;2;14;54;54m.[38;2;1;23;33m [38;2;17;50;60m.[38;2;3;32;38m [38;2;90;166;169mo[38;2;3;35;39m [38;2;10;50;54m.[38;2;10;17;49m [38;2;186;220;249mK[38;2;31;48;52m.[38;2;5;39;55m.[38;2;19;57;72m.[38;2;86;147;155ml[38;2;5;26;44m [38;2;61;127;146m:[38;2;5;11;14m [38;2;13;52;73m.[38;2;9;53;83m.[38;2;10;52;93m.[38;2;10;51;92m.[38;2;16;49;110m.[38;2;14;58;120m.[38;2;16;65;162m.[38;2;17;63;207m'[38;2;37;119;230m:[38;2;20;97;243m;[38;2;15;129;251m:[38;2;3;147;255mc[38;2;2;152;255mc[38;2;12;161;255ml[38;2;2;165;255ml[38;2;5;156;255ml[38;2;14;163;254ml[38;2;121;203;255mO[38;2;35;84;230m,[38;2;15;96;195m,[38;2;18;41;150m.[38;2;181;211;249mK[38;2;37;74;148m'[38;2;18;56;114m.[38;2;31;68;129m'[38;2;40;96;131m,[38;2;25;43;61m.[38;2;4;20;76m [38;2;160;180;217mk[38;2;23;52;75m.[38;2;32;74;118m'[38;2;40;81;114m'[38;2;25;46;66m.[38;2;73;130;138mc[38;2;69;123;170mc[38;2;12;40;75m.[38;2;14;42;78m.[38;2;47;87;117m,[38;2;9;27;66m [38;2;23;40;106m.[38;2;124;141;208mo[38;2;5;71;229m'[38;2;51;161;255mo[38;2;70;252;255m0[38;2;188;255;255mN[38;2;222;255;255mW[38;2;0;245;255mk[38;2;2;110;255m;[38;2;0;24;182m.[38;2;39;51;135m.[38;2;113;149;173mo[38;2;12;41;75m.[38;2;11;52;84m.[38;2;1;16;21m [38;2;7;37;44m [38;2;29;47;60m.[38;2;22;31;50m.[38;2;48;104;113m;[38;2;4;24;37m [38;2;138;146;145mo[38;2;63;100;91m;[38;2;32;74;85m.[0m
[0m[38;2;18;54;54m.[38;2;8;49;61m.[38;2;13;53;56m.[38;2;2;18;21m [38;2;16;52;63m.[38;2;2;32;40m [38;2;84;148;155ml[38;2;2;28;34m [38;2;8;50;58m.[38;2;3;17;33m [38;2;102;138;202mo[38;2;127;146;151mo[38;2;1;27;35m [38;2;4;42;53m.[38;2;50;87;105m,[38;2;53;108;116m;[38;2;60;125;139m:[38;2;3;11;21m [38;2;11;50;74m.[38;2;8;53;69m.[38;2;9;51;79m.[38;2;9;50;88m.[38;2;7;50;90m.[38;2;10;52;100m.[38;2;11;55;133m.[38;2;14;59;144m.[38;2;19;69;154m'[38;2;9;36;139m.[38;2;26;68;197m'[38;2;15;74;196m'[38;2;16;74;204m'[38;2;6;76;202m'[38;2;11;80;209m'[38;2;15;60;198m.[38;2;29;94;230m;[38;2;140;207;255m0[38;2;5;39;142m.[38;2;3;55;149m.[38;2;34;69;179m'[38;2;173;196;219m0[38;2;0;6;54m [38;2;9;51;125m.[38;2;15;59;112m.[38;2;14;73;120m.[38;2;35;63;87m.[38;2;6;24;92m [38;2;156;168;200mx[38;2;4;24;55m [38;2;20;54;94m.[38;2;24;67;102m.[38;2;58;99;130m;[38;2;11;28;46m [38;2;26;64;108m.[38;2;32;68;99m.[38;2;33;68;97m.[38;2;50;96;124m,[38;2;6;18;63m [38;2;109;120;150mc[38;2;60;93;163m;[38;2;38;102;222m;[38;2;38;89;238m;[38;2;75;224;255mO[38;2;120;222;255m0[38;2;135;242;255mK[38;2;0;169;255ml[38;2;0;57;230m.[38;2;2;11;124m [38;2;126;160;205md[38;2;7;24;42m [38;2;15;56;108m.[38;2;12;54;83m.[38;2;6;17;23m [38;2;13;30;39m [38;2;67;91;86m,[38;2;64;76;74m'[38;2;29;34;32m.[38;2;0;1;1m [38;2;139;148;150md[38;2;36;62;59m.[38;2;26;62;65m.[0m
[0m[38;2;20;47;44m.[38;2;8;44;44m.[38;2;13;42;46m.[38;2;2;14;13m [38;2;9;42;51m.[38;2;53;103;120m;[38;2;61;115;109m;[38;2;0;10;10m [38;2;9;36;42m [38;2;4;23;18m [38;2;30;45;86m.[38;2;159;201;234m0[38;2;26;42;46m.[38;2;4;27;34m [38;2;5;26;28m [38;2;46;96;98m,[38;2;50;97;95m,[38;2;0;2;12m [38;2;9;38;47m.[38;2;7;35;40m [38;2;9;36;45m.[38;2;7;32;46m [38;2;6;36;50m [38;2;5;35;52m [38;2;9;35;66m.[38;2;10;36;77m.[38;2;9;37;73m.[38;2;2;22;61m [38;2;12;43;98m.[38;2;13;41;103m.[38;2;15;36;108m.[38;2;14;36;114m.[38;2;7;48;122m.[38;2;8;32;96m.[38;2;38;79;208m,[38;2;152;226;255mK[38;2;3;17;77m [38;2;5;25;121m.[38;2;134;182;242mk[38;2;88;95;125m;[38;2;5;23;92m [38;2;9;33;102m.[38;2;11;39;102m.[38;2;15;49;93m.[38;2;12;28;56m [38;2;19;45;132m.[38;2;145;157;179md[38;2;3;21;47m [38;2;9;36;67m.[38;2;14;35;69m.[38;2;15;45;67m.[38;2;3;20;39m [38;2;12;40;62m.[38;2;7;35;61m.[38;2;10;40;63m.[38;2;16;42;76m.[38;2;0;10;29m [38;2;152;171;210mk[38;2;9;23;66m [38;2;8;36;118m.[38;2;61;95;185m;[38;2;64;112;183m:[38;2;15;60;187m.[38;2;13;81;201m'[38;2;0;31;158m.[38;2;0;4;82m [38;2;94;123;187ml[38;2;45;67;71m.[38;2;7;23;42m [38;2;14;65;94m.[38;2;12;52;70m.[38;2;6;18;25m [38;2;16;41;58m.[38;2;28;60;66m.[38;2;34;48;58m.[38;2;10;33;35m [38;2;3;22;29m [38;2;83;104;106m;[38;2;25;51;58m.[38;2;28;60;68m.[0m
[0m[38;2;21;51;53m.[38;2;9;48;66m.[38;2;8;33;29m [38;2;1;16;22m [38;2;8;38;45m.[38;2;65;131;131mc[38;2;55;113;126m;[38;2;3;8;11m [38;2;0;8;7m [38;2;7;20;19m [38;2;7;13;15m [38;2;58;93;167m;[38;2;129;162;198md[38;2;26;31;28m.[38;2;0;2;1m [38;2;2;5;0m [38;2;2;3;0m [38;2;4;30;32m [38;2;1;28;32m [38;2;1;15;15m [38;2;21;25;19m [38;2;47;51;51m.[38;2;45;51;51m.[38;2;50;51;51m.[38;2;51;52;57m.[38;2;53;55;65m.[38;2;58;60;65m.[38;2;52;61;73m.[38;2;51;58;74m.[38;2;45;61;84m.[38;2;58;63;83m'[38;2;11;15;59m [38;2;0;13;34m [38;2;0;3;9m [38;2;35;72;178m'[38;2;190;244;255mN[38;2;0;1;56m [38;2;36;75;181m,[38;2;190;219;241mK[38;2;48;61;105m.[38;2;83;94;132m;[38;2;76;88;129m;[38;2;83;100;120m;[38;2;74;100;112m;[38;2;88;105;119m:[38;2;27;47;140m.[38;2;139;154;177md[38;2;79;87;94m,[38;2;45;53;72m.[38;2;17;18;35m [38;2;0;3;5m [38;2;6;22;38m [38;2;12;25;43m [38;2;0;15;38m [38;2;2;2;19m [38;2;0;7;21m [38;2;0;1;17m [38;2;144;188;236mO[38;2;30;36;47m.[38;2;32;33;68m.[38;2;121;149;223md[38;2;58;72;125m'[38;2;52;65;132m'[38;2;26;42;101m.[38;2;0;7;57m [38;2;41;52;107m.[38;2;107;132;170ml[38;2;0;3;13m [38;2;10;26;47m [38;2;11;61;104m.[38;2;17;50;64m.[38;2;14;22;24m [38;2;11;43;46m.[38;2;8;37;46m.[38;2;10;33;39m [38;2;12;56;71m.[38;2;6;39;46m.[38;2;93;150;167mo[38;2;15;55;71m.[38;2;22;53;58m.[0m
[0m[38;2;18;51;56m.[38;2;6;51;67m.[38;2;8;41;36m.[38;2;7;18;20m [38;2;9;37;48m.[38;2;71;127;146mc[38;2;49;107;110m;[38;2;4;16;13m [38;2;0;9;11m [38;2;19;49;53m.[38;2;7;26;28m [38;2;7;25;34m [38;2;51;85;152m,[38;2;136;170;213mx[38;2;66;72;74m'[38;2;0;1;0m [38;2;0;2;0m [38;2;5;61;73m.[38;2;7;56;73m.[38;2;4;20;21m [38;2;83;105;95m;[38;2;164;197;200mO[38;2;152;190;196mk[38;2;149;191;198mk[38;2;158;193;194mO[38;2;146;183;189mk[38;2;142;177;185mx[38;2;130;155;172md[38;2;117;133;148ml[38;2;104;138;143ml[38;2;115;150;173mo[38;2;119;133;160ml[38;2;94;109;150m:[38;2;34;76;148m'[38;2;42;95;204m;[38;2;90;141;228mo[38;2;41;65;180m'[38;2;103;147;235mo[38;2;67;79;156m,[38;2;93;138;233mo[38;2;118;182;240mk[38;2;133;180;241mk[38;2;116;178;243mx[38;2;114;176;234mx[38;2;120;168;233mx[38;2;24;43;163m.[38;2;132;161;198mx[38;2;96;132;166ml[38;2;76;100;168m:[38;2;92;108;147m:[38;2;61;79;124m,[38;2;107;134;161ml[38;2;36;44;62m.[38;2;4;24;43m [38;2;0;4;19m [38;2;0;5;28m [38;2;5;10;44m [38;2;130;167;207mx[38;2;98;111;167mc[38;2;65;90;200m;[38;2;131;191;251mk[38;2;56;92;229m;[38;2;43;97;232m;[38;2;56;106;233m:[38;2;80;125;183mc[38;2;126;159;229mx[38;2;6;13;60m [38;2;0;11;52m [38;2;12;27;59m [38;2;9;59;105m.[38;2;8;50;73m.[38;2;11;23;28m [38;2;10;58;70m.[38;2;17;55;69m.[38;2;0;1;1m [38;2;18;51;62m.[38;2;2;38;55m [38;2;91;154;161mo[38;2;6;36;57m.[38;2;13;50;62m.[0m
[0m[38;2;25;50;56m.[38;2;7;50;61m.[38;2;10;37;34m [38;2;12;20;25m [38;2;7;35;43m [38;2;74;142;159ml[38;2;41;99;92m,[38;2;4;17;19m [38;2;1;19;19m [38;2;5;23;22m [38;2;14;43;56m.[38;2;5;31;34m [38;2;6;5;8m [38;2;31;56;111m.[38;2;135;179;222mk[38;2;122;137;146mo[38;2;34;38;40m.[38;2;3;45;41m.[38;2;9;54;64m.[38;2;3;33;37m [38;2;4;13;15m [38;2;13;47;65m.[38;2;7;26;24m [38;2;5;21;20m [38;2;6;23;21m [38;2;5;22;23m [38;2;8;28;35m [38;2;14;41;60m.[38;2;15;47;64m.[38;2;4;39;72m.[38;2;15;41;59m.[38;2;14;35;74m.[38;2;4;21;76m [38;2;0;0;51m [38;2;36;90;225m;[38;2;146;180;242mk[38;2;91;125;237ml[38;2;65;140;254ml[38;2;52;120;233mc[38;2;12;118;245m:[38;2;3;138;251mc[38;2;3;128;252m:[38;2;1;129;253m:[38;2;0;114;247m;[38;2;3;94;241m,[38;2;16;82;236m,[38;2;123;144;206mo[38;2;7;27;138m.[38;2;0;5;46m [38;2;0;4;36m [38;2;2;5;19m [38;2;45;69;121m'[38;2;185;189;219mO[38;2;4;13;26m [38;2;8;18;50m [38;2;9;14;37m [38;2;26;51;126m.[38;2;108;134;179ml[38;2;6;38;180m.[38;2;48;133;245mc[38;2;87;236;255m0[38;2;84;213;255mk[38;2;97;224;255mO[38;2;103;220;255mO[38;2;40;206;255mx[38;2;88;151;231mo[38;2;5;9;151m [38;2;0;6;90m [38;2;7;32;74m.[38;2;11;57;113m.[38;2;13;50;73m.[38;2;15;23;29m [38;2;10;58;77m.[38;2;18;58;74m.[38;2;0;0;3m [38;2;25;54;56m.[38;2;29;67;86m.[38;2;53;99;116m;[38;2;9;45;54m.[38;2;8;47;53m.[0m
[0m[38;2;25;53;51m.[38;2;7;50;59m.[38;2;11;43;41m.[38;2;4;17;19m [38;2;6;35;46m [38;2;81;156;164mo[38;2;38;96;88m,[38;2;3;10;16m [38;2;8;46;54m.[38;2;7;46;54m.[38;2;9;52;53m.[38;2;7;32;30m [38;2;3;11;9m [38;2;1;8;10m [38;2;11;26;44m [38;2;60;94;139m;[38;2;137;171;201mx[38;2;123;149;166mo[38;2;78;94;94m;[38;2;16;42;50m.[38;2;11;36;49m.[38;2;18;56;72m.[38;2;13;36;37m.[38;2;20;36;42m.[38;2;20;41;35m.[38;2;23;37;37m.[38;2;0;9;8m [38;2;32;79;81m'[38;2;22;54;77m.[38;2;16;47;83m.[38;2;17;46;81m.[38;2;41;59;124m.[38;2;30;63;123m.[38;2;37;72;178m'[38;2;52;115;251mc[38;2;170;230;255mX[38;2;82;217;255mO[38;2;110;219;255mO[38;2;19;240;255mk[38;2;79;245;255m0[38;2;145;255;255mX[38;2;131;255;255mX[38;2;150;255;255mX[38;2;147;255;255mX[38;2;52;239;255mO[38;2;6;177;255mo[38;2;142;183;246mk[38;2;36;104;217m;[38;2;40;89;167m,[38;2;66;137;180mc[38;2;39;75;111m'[38;2;3;19;57m [38;2;186;205;247mK[38;2;6;12;58m [38;2;51;101;149m;[38;2;50;85;124m,[38;2;51;73;162m,[38;2;114;150;224md[38;2;36;136;254mc[38;2;60;220;255mk[38;2;115;255;255mK[38;2;240;255;255mM[38;2;232;255;255mW[38;2;187;255;255mN[38;2;32;239;255mk[38;2;75;214;255mk[38;2;5;16;189m.[38;2;0;5;105m [38;2;12;33;99m.[38;2;6;58;121m.[38;2;12;45;64m.[38;2;14;28;32m [38;2;10;51;75m.[38;2;4;56;75m.[38;2;0;1;0m [38;2;18;46;50m.[38;2;72;120;142m:[38;2;15;45;51m.[38;2;11;48;54m.[38;2;14;52;63m.[0m
[0m[38;2;22;43;53m.[38;2;30;75;94m'[38;2;47;105;93m,[38;2;2;17;13m [38;2;5;36;51m [38;2;79;152;165ml[38;2;35;95;94m,[38;2;12;22;28m [38;2;44;90;91m,[38;2;45;85;100m'[38;2;45;95;99m,[38;2;50;114;104m;[38;2;40;85;81m'[38;2;23;58;59m.[38;2;27;62;67m.[38;2;25;48;52m.[38;2;5;18;27m [38;2;35;72;97m.[38;2;79;110;146m:[38;2;105;130;162ml[38;2;91;124;158mc[38;2;74;107;136m:[38;2;100;124;143mc[38;2;99;139;153ml[38;2;112;148;154mo[38;2;117;154;160mo[38;2;107;123;129mc[38;2;112;141;157mo[38;2;128;147;164mo[38;2;114;137;161ml[38;2;123;142;169mo[38;2;110;147;196mo[38;2;61;114;195m:[38;2;49;101;214m;[38;2;55;139;254ml[38;2;134;240;255mK[38;2;81;242;255m0[38;2;255;255;255mM[38;2;44;255;255m0[38;2;80;255;255m0[38;2;255;255;255mM[38;2;227;255;255mW[38;2;224;255;255mW[38;2;232;255;255mW[38;2;73;255;255m0[38;2;6;218;255mx[38;2;101;176;255mx[38;2;55;149;250ml[38;2;22;71;166m'[38;2;64;162;202mo[38;2;55;105;136m;[38;2;1;12;57m [38;2;177;201;241m0[38;2;17;27;68m [38;2;8;54;113m.[38;2;34;62;106m.[38;2;51;75;154m,[38;2;113;143;210mo[38;2;13;82;248m,[38;2;69;237;255mO[38;2;122;254;255mK[38;2;231;255;255mW[38;2;230;255;255mW[38;2;41;252;255mO[38;2;6;146;255mc[38;2;51;135;249ml[38;2;39;61;171m'[38;2;0;6;74m [38;2;15;37;89m.[38;2;9;60;113m.[38;2;17;41;57m.[38;2;13;31;37m [38;2;14;46;70m.[38;2;8;55;62m.[38;2;0;1;0m [38;2;21;63;65m.[38;2;62;106;116m;[38;2;4;30;36m [38;2;22;51;56m.[38;2;17;49;59m.[0m
[0m[38;2;38;69;81m.[38;2;88;173;184md[38;2;20;53;43m.[38;2;5;21;24m [38;2;3;36;49m [38;2;84;159;166mo[38;2;33;87;93m'[38;2;26;45;59m.[38;2;87;175;187md[38;2;76;157;159ml[38;2;65;152;148ml[38;2;67;159;159ml[38;2;69;166;157mo[38;2;19;50;56m.[38;2;6;45;60m.[38;2;8;46;54m.[38;2;0;26;29m [38;2;6;51;53m.[38;2;9;45;55m.[38;2;7;36;40m [38;2;24;52;74m.[38;2;26;55;90m.[38;2;58;107;152m;[38;2;42;108;140m;[38;2;42;76;118m'[38;2;37;83;120m'[38;2;34;65;86m.[38;2;13;65;99m.[38;2;12;43;78m.[38;2;5;37;61m.[38;2;18;45;81m.[38;2;71;159;188mo[38;2;67;156;184ml[38;2;51;111;216m:[38;2;70;153;255mo[38;2;125;231;255m0[38;2;79;243;255m0[38;2;255;255;255mM[38;2;87;255;255mK[38;2;7;255;255mO[38;2;255;255;255mM[38;2;207;255;255mW[38;2;204;255;255mW[38;2;221;255;255mW[38;2;53;255;255m0[38;2;15;227;255mx[38;2;108;155;251md[38;2;8;56;229m.[38;2;61;135;194mc[38;2;18;53;118m.[38;2;47;76;104m'[38;2;0;6;46m [38;2;176;196;246m0[38;2;24;29;56m.[38;2;11;41;84m.[38;2;10;32;65m.[38;2;33;60;118m.[38;2;101;123;177ml[38;2;76;117;203mc[38;2;47;127;241mc[38;2;36;170;252mo[38;2;51;177;255md[38;2;74;215;255mk[38;2;14;143;254mc[38;2;2;37;206m.[38;2;61;102;196m:[38;2;41;61;115m.[38;2;0;7;38m [38;2;15;39;67m.[38;2;11;56;111m.[38;2;15;36;60m.[38;2;22;35;42m.[38;2;3;37;50m [38;2;20;53;65m.[38;2;0;0;0m [38;2;81;145;146ml[38;2;15;45;62m.[38;2;10;48;53m.[38;2;23;41;55m.[38;2;14;43;53m.[0m
[0m[38;2;85;159;142mo[38;2;26;75;81m.[38;2;2;21;17m [38;2;6;21;32m [38;2;6;32;51m [38;2;84;154;165mo[38;2;40;93;86m,[38;2;25;42;55m.[38;2;81;165;174mo[38;2;67;151;157ml[38;2;63;148;144ml[38;2;64;144;150mc[38;2;66;155;157ml[38;2;66;145;150mc[38;2;13;46;57m.[38;2;7;46;51m.[38;2;0;25;32m [38;2;7;50;61m.[38;2;9;48;57m.[38;2;7;48;60m.[38;2;8;48;51m.[38;2;5;38;43m [38;2;54;118;122m:[38;2;92;175;183md[38;2;25;70;69m.[38;2;5;47;51m.[38;2;0;27;28m [38;2;7;51;63m.[38;2;8;50;72m.[38;2;8;50;74m.[38;2;8;45;74m.[38;2;26;75;116m'[38;2;59;126;177mc[38;2;33;82;169m,[38;2;92;170;252md[38;2;132;200;254mO[38;2;69;197;255mx[38;2;192;247;255mN[38;2;56;244;255mO[38;2;9;241;255mk[38;2;153;244;255mX[38;2;139;255;255mX[38;2;106;253;255mK[38;2;102;247;255mK[38;2;17;199;255md[38;2;34;183;255md[38;2;130;144;225md[38;2;17;62;189m.[38;2;26;70;134m'[38;2;37;70;138m'[38;2;63;107;135m;[38;2;0;1;30m [38;2;159;180;223mk[38;2;41;57;81m.[38;2;10;52;91m.[38;2;12;53;91m.[38;2;11;32;61m.[38;2;93;124;154mc[38;2;114;150;200md[38;2;8;30;104m.[38;2;12;36;132m.[38;2;20;49;177m.[38;2;106;147;198mo[38;2;5;16;105m [38;2;0;1;59m [38;2;115;145;171mo[38;2;11;22;46m [38;2;1;2;10m [38;2;15;34;48m.[38;2;12;60;85m.[38;2;6;37;55m.[38;2;19;33;40m.[38;2;7;40;44m.[38;2;14;53;63m.[38;2;22;33;30m.[38;2;59;108;113m;[38;2;8;44;53m.[38;2;16;51;59m.[38;2;22;41;52m.[38;2;21;48;55m.[0m
[0m[38;2;38;77;68m'[38;2;7;45;61m.[38;2;5;27;22m [38;2;6;18;23m [38;2;4;34;50m [38;2;83;154;173mo[38;2;31;82;67m'[38;2;22;37;51m.[38;2;81;170;181mo[38;2;63;151;155ml[38;2;62;149;147ml[38;2;66;148;149ml[38;2;68;153;151ml[38;2;60;134;136mc[38;2;58;127;130m:[38;2;12;48;55m.[38;2;0;21;26m [38;2;10;51;62m.[38;2;9;49;56m.[38;2;6;45;52m.[38;2;9;40;49m.[38;2;10;40;46m.[38;2;4;30;31m [38;2;45;94;100m,[38;2;63;120;117m:[38;2;24;52;64m.[38;2;22;48;49m.[38;2;7;27;31m [38;2;19;52;59m.[38;2;18;51;62m.[38;2;22;56;73m.[38;2;22;53;72m.[38;2;33;69;94m.[38;2;11;27;96m.[38;2;118;174;234mx[38;2;137;147;219md[38;2;7;58;199m.[38;2;49;184;255md[38;2;40;154;252ml[38;2;56;157;251mo[38;2;4;93;243m,[38;2;20;127;251m:[38;2;9;134;245m:[38;2;17;118;241m:[38;2;2;56;218m.[38;2;67;145;253mo[38;2;128;135;176mo[38;2;6;43;123m.[38;2;15;66;127m.[38;2;9;57;104m.[38;2;26;61;103m.[38;2;0;5;16m [38;2;144;169;208mx[38;2;80;95;118m;[38;2;3;29;46m [38;2;10;32;52m [38;2;0;10;16m [38;2;107;149;189mo[38;2;108;149;189mo[38;2;13;18;25m [38;2;11;16;28m [38;2;88;119;143mc[38;2;27;37;63m.[38;2;1;3;12m [38;2;11;18;34m [38;2;133;172;192mx[38;2;1;2;0m [38;2;2;4;5m [38;2;13;34;39m [38;2;12;55;75m.[38;2;10;34;44m [38;2;16;30;36m [38;2;8;46;48m.[38;2;16;47;55m.[38;2;14;27;25m [38;2;12;44;53m.[38;2;12;38;50m.[38;2;12;43;51m.[38;2;22;44;54m.[38;2;9;34;43m [0m
[0m[38;2;21;49;51m.[38;2;4;52;65m.[38;2;3;35;24m [38;2;7;17;19m [38;2;10;35;47m [38;2;80;148;177ml[38;2;30;78;72m.[38;2;17;31;41m [38;2;58;122;132m:[38;2;49;101;99m,[38;2;43;99;103m,[38;2;46;100;101m,[38;2;55;101;103m;[38;2;63;117;114m:[38;2;44;86;84m'[38;2;42;78;80m'[38;2;42;75;70m'[38;2;3;14;14m [38;2;10;38;50m.[38;2;4;37;52m [38;2;7;39;44m.[38;2;6;43;49m.[38;2;26;59;60m.[38;2;20;62;61m.[38;2;22;57;59m.[38;2;23;66;77m.[38;2;57;108;112m;[38;2;1;17;14m [38;2;17;57;62m.[38;2;9;50;68m.[38;2;3;48;62m.[38;2;7;47;64m.[38;2;7;47;73m.[38;2;2;16;47m [38;2;121;164;224mx[38;2;124;128;150ml[38;2;0;0;36m [38;2;70;151;202ml[38;2;56;112;233m:[38;2;54;95;194m;[38;2;4;21;130m [38;2;9;59;169m.[38;2;14;60;162m.[38;2;9;56;141m.[38;2;0;22;103m [38;2;88;157;229mo[38;2;128;130;134ml[38;2;3;20;55m [38;2;9;19;51m [38;2;3;18;36m [38;2;2;15;27m [38;2;0;0;1m [38;2;119;159;189md[38;2;96;115;133mc[38;2;3;26;44m [38;2;24;56;83m.[38;2;2;23;47m [38;2;102;129;148ml[38;2;97;132;153ml[38;2;70;93;99m,[38;2;63;61;73m.[38;2;110;165;199md[38;2;23;29;31m [38;2;19;26;32m [38;2;124;137;160mo[38;2;33;43;45m.[38;2;0;6;0m [38;2;2;6;2m [38;2;19;37;33m.[38;2;10;53;75m.[38;2;15;33;39m [38;2;10;32;31m [38;2;10;36;45m.[38;2;10;34;31m [38;2;10;23;20m [38;2;14;49;59m.[38;2;12;39;50m.[38;2;9;32;41m [38;2;15;42;46m.[38;2;43;87;92m'[0m
[0m[38;2;18;42;43m.[38;2;3;44;52m.[38;2;2;34;30m [38;2;6;37;43m [38;2;4;28;42m [38;2;73;139;171ml[38;2;41;98;84m,[38;2;0;3;7m [38;2;9;31;33m [38;2;5;38;41m [38;2;10;51;62m.[38;2;18;59;64m.[38;2;26;65;72m.[38;2;24;73;79m.[38;2;26;69;76m.[38;2;39;85;97m'[38;2;96;185;183mx[38;2;0;7;8m [38;2;10;47;59m.[38;2;8;48;56m.[38;2;5;48;53m.[38;2;1;48;53m.[38;2;7;48;54m.[38;2;7;48;58m.[38;2;6;49;54m.[38;2;6;48;60m.[38;2;12;57;68m.[38;2;24;37;46m.[38;2;11;57;61m.[38;2;8;48;69m.[38;2;7;50;58m.[38;2;6;50;66m.[38;2;4;46;64m.[38;2;5;16;20m [38;2;135;131;163mo[38;2;145;142;130mo[38;2;102;98;59m;[38;2;159;173;131mx[38;2;170;177;124mk[38;2;204;188;112mO[38;2;197;172;131mk[38;2;163;156;115md[38;2;153;142;99mo[38;2;106;102;67m:[38;2;69;56;47m.[38;2;138;151;154md[38;2;93;101;101m:[38;2;64;53;44m.[38;2;102;101;72m;[38;2;117;107;71m:[38;2;91;82;53m,[38;2;43;32;11m.[38;2;73;104;148m:[38;2;99;118;128mc[38;2;0;22;57m [38;2;11;62;94m.[38;2;11;32;64m.[38;2;20;39;67m.[38;2;142;169;187mx[38;2;70;77;77m'[38;2;33;40;46m.[38;2;140;161;180mx[38;2;91;99;106m;[38;2;126;150;175md[38;2;29;29;31m.[38;2;0;5;1m [38;2;0;7;1m [38;2;0;5;0m [38;2;17;39;31m.[38;2;10;55;79m.[38;2;12;40;49m.[38;2;5;20;17m [38;2;13;23;25m [38;2;13;22;24m [38;2;13;31;33m [38;2;16;38;50m.[38;2;48;91;99m,[38;2;61;107;114m;[38;2;63;120;130m:[38;2;53;99;115m,[0m
[0m[38;2;23;47;53m.[38;2;7;49;63m.[38;2;6;48;53m.[38;2;4;46;59m.[38;2;4;27;43m [38;2;72;125;163mc[38;2;50;103;99m,[38;2;0;10;16m [38;2;3;48;61m.[38;2;5;44;57m.[38;2;1;47;52m.[38;2;2;44;52m.[38;2;3;46;53m.[38;2;5;48;55m.[38;2;3;48;50m.[38;2;2;35;47m [38;2;61;109;120m;[38;2;0;13;11m [38;2;5;50;55m.[38;2;7;46;57m.[38;2;1;49;56m.[38;2;5;49;50m.[38;2;6;47;60m.[38;2;6;48;57m.[38;2;6;50;53m.[38;2;7;52;67m.[38;2;5;53;61m.[38;2;45;69;70m.[38;2;16;52;65m.[38;2;9;35;50m [38;2;5;29;38m [38;2;28;47;54m.[38;2;128;135;86ml[38;2;207;195;112mO[38;2;245;201;85m0[38;2;227;192;72mO[38;2;230;195;73m0[38;2;233;197;71m0[38;2;215;185;75mO[38;2;242;218;97mK[38;2;248;225;117mX[38;2;255;241;104mN[38;2;255;249;110mN[38;2;255;246;106mN[38;2;255;245;122mN[38;2;255;236;103mN[38;2;227;209;99m0[38;2;249;234;100mX[38;2;248;221;104mX[38;2;254;232;102mX[38;2;247;220;114mX[38;2;247;211;87mK[38;2;202;172;93mk[38;2;189;175;92mk[38;2;138;126;89ml[38;2;113;138;202mo[38;2;2;51;157m.[38;2;20;55;95m.[38;2;52;98;183m;[38;2;92;107;122m:[38;2;100;120;145mc[38;2;110;122;145mc[38;2;48;75;98m'[38;2;75;103;157m:[38;2;1;1;0m [38;2;0;7;0m [38;2;0;4;2m [38;2;0;4;1m [38;2;15;43;32m.[38;2;11;57;63m.[38;2;12;49;66m.[38;2;11;45;46m.[38;2;6;31;31m [38;2;24;56;58m.[38;2;44;69;76m.[38;2;43;85;95m'[38;2;40;73;92m'[38;2;13;45;62m.[38;2;6;39;53m.[38;2;10;41;59m.[0m
[0m[38;2;21;50;51m.[38;2;4;46;57m.[38;2;1;46;53m.[38;2;3;46;54m.[38;2;5;28;43m [38;2;64;116;160m:[38;2;57;118;116m:[38;2;0;6;15m [38;2;2;44;55m.[38;2;4;44;56m.[38;2;4;46;50m.[38;2;2;46;51m.[38;2;2;46;52m.[38;2;0;47;52m.[38;2;2;47;52m.[38;2;2;43;53m.[38;2;9;45;54m.[38;2;2;17;26m [38;2;4;54;61m.[38;2;5;47;56m.[38;2;2;47;51m.[38;2;5;36;44m [38;2;6;35;41m [38;2;1;30;33m [38;2;3;25;25m [38;2;3;20;19m [38;2;2;20;14m [38;2;9;21;22m [38;2;1;13;19m [38;2;77;71;41m'[38;2;143;119;66mc[38;2;210;185;100mO[38;2;212;166;55mx[38;2;180;131;48mo[38;2;166;102;28mc[38;2;169;115;34ml[38;2;177;119;35ml[38;2;202;138;40md[38;2;136;86;31m;[38;2;155;99;36m:[38;2;169;103;32mc[38;2;191;119;28ml[38;2;229;172;63mk[38;2;240;190;68mO[38;2;242;218;85mK[38;2;236;195;70m0[38;2;254;238;99mN[38;2;255;245;122mN[38;2;255;244;99mN[38;2;255;244;100mN[38;2;255;246;111mN[38;2;255;249;115mN[38;2;252;227;97mX[38;2;255;239;113mN[38;2;255;249;118mN[38;2;255;244;145mN[38;2;197;179;120mk[38;2;172;149;82md[38;2;156;156;144md[38;2;24;17;24m [38;2;20;41;65m.[38;2;87;116;146mc[38;2;6;23;33m [38;2;68;96;141m;[38;2;0;5;1m [38;2;2;6;4m [38;2;0;7;2m [38;2;0;5;1m [38;2;16;45;33m.[38;2;9;52;71m.[38;2;11;47;56m.[38;2;8;21;22m [38;2;13;30;31m [38;2;20;47;51m.[38;2;7;38;45m.[38;2;9;47;56m.[38;2;10;44;56m.[38;2;8;49;56m.[38;2;13;49;60m.[38;2;11;36;50m.[0m
[0m[38;2;18;48;57m.[38;2;3;46;57m.[38;2;2;46;53m.[38;2;3;45;53m.[38;2;3;22;39m [38;2;63;114;167m:[38;2;61;134;121mc[38;2;0;11;19m [38;2;4;48;67m.[38;2;5;49;61m.[38;2;2;51;54m.[38;2;4;48;58m.[38;2;7;44;55m.[38;2;2;36;42m [38;2;4;37;40m [38;2;0;28;33m [38;2;4;30;37m [38;2;0;10;13m [38;2;4;17;16m [38;2;1;10;10m [38;2;0;5;2m [38;2;0;4;4m [38;2;0;3;0m [38;2;0;3;0m [38;2;50;52;51m.[38;2;51;52;51m.[38;2;51;50;51m.[38;2;54;71;74m'[38;2;72;77;67m'[38;2;184;158;72md[38;2;203;151;49md[38;2;151;110;36mc[38;2;129;86;27m;[38;2;80;63;27m'[38;2;36;46;56m.[38;2;156;127;85ml[38;2;202;154;59mx[38;2;211;152;54mx[38;2;177;119;35ml[38;2;169;121;48ml[38;2;123;89;34m;[38;2;88;61;25m'[38;2;88;81;56m,[38;2;165;127;58ml[38;2;165;102;23mc[38;2;187;96;11mc[38;2;245;197;85m0[38;2;255;249;116mN[38;2;255;244;110mN[38;2;255;243;99mN[38;2;255;244;104mN[38;2;255;245;107mN[38;2;255;245;97mN[38;2;255;246;107mN[38;2;255;244;104mN[38;2;255;244;105mN[38;2;255;245;102mN[38;2;255;241;102mN[38;2;255;247;107mN[38;2;215;190;72mO[38;2;168;159;80md[38;2;145;137;106mo[38;2;1;18;30m [38;2;61;100;142m;[38;2;2;5;1m [38;2;6;8;1m [38;2;2;6;2m [38;2;2;5;0m [38;2;18;44;33m.[38;2;7;52;79m.[38;2;8;28;33m [38;2;20;33;32m [38;2;5;24;27m [38;2;5;22;23m [38;2;7;25;28m [38;2;12;33;36m [38;2;10;41;58m.[38;2;8;42;52m.[38;2;13;42;57m.[38;2;7;28;45m [0m
[0m[38;2;22;53;61m.[38;2;4;51;59m.[38;2;2;41;55m.[38;2;3;45;56m.[38;2;2;29;42m [38;2;54;94;154m;[38;2;59;137;125mc[38;2;0;13;14m [38;2;3;28;38m [38;2;3;26;24m [38;2;0;18;20m [38;2;2;13;10m [38;2;0;7;5m [38;2;0;4;0m [38;2;0;6;0m [38;2;0;5;0m [38;2;4;23;38m [38;2;6;29;43m [38;2;6;35;43m [38;2;0;17;18m [38;2;144;161;163md[38;2;134;152;161md[38;2;131;146;151mo[38;2;68;106;101m;[38;2;205;220;230mX[38;2;189;214;220mK[38;2;187;207;213m0[38;2;179;204;209m0[38;2;183;207;202m0[38;2;106;130;144ml[38;2;54;73;76m'[38;2;12;30;35m [38;2;42;75;77m'[38;2;38;67;84m.[38;2;92;120;142mc[38;2;156;147;109md[38;2;149;107;39mc[38;2;174;121;38ml[38;2;144;110;54mc[38;2;24;28;30m [38;2;3;43;47m.[38;2;3;34;36m [38;2;99;108;102m:[38;2;201;153;62mx[38;2;170;104;23mc[38;2;159;92;16m:[38;2;239;183;65mO[38;2;255;250;109mN[38;2;255;242;94mN[38;2;255;243;91mN[38;2;255;243;95mN[38;2;255;243;100mN[38;2;255;241;93mN[38;2;255;240;96mN[38;2;255;242;97mN[38;2;255;242;92mN[38;2;255;241;91mN[38;2;255;240;92mN[38;2;255;238;89mN[38;2;255;236;88mX[38;2;255;241;91mN[38;2;255;252;98mN[38;2;125;90;36m;[38;2;54;84;110m,[38;2;3;5;0m [38;2;6;7;0m [38;2;4;5;0m [38;2;0;5;8m [38;2;17;44;41m.[38;2;16;56;65m.[38;2;2;5;8m [38;2;18;51;48m.[38;2;13;55;73m.[38;2;10;46;58m.[38;2;11;26;38m [38;2;3;16;18m [38;2;12;26;29m [38;2;16;38;47m.[38;2;21;45;48m.[38;2;21;41;41m.[0m
[0m[38;2;14;32;36m [38;2;5;24;31m [38;2;9;20;25m [38;2;2;15;30m [38;2;11;37;56m.[38;2;57;80;143m,[38;2;68;152;142ml[38;2;0;13;4m [38;2;0;7;3m [38;2;14;24;22m [38;2;8;16;28m [38;2;11;28;30m [38;2;0;9;2m [38;2;6;9;0m [38;2;0;9;3m [38;2;2;6;0m [38;2;6;28;39m [38;2;9;49;63m.[38;2;11;53;58m.[38;2;7;32;40m [38;2;21;38;44m.[38;2;15;45;59m.[38;2;11;34;35m [38;2;2;9;8m [38;2;18;51;74m.[38;2;26;46;62m.[38;2;22;48;50m.[38;2;26;60;64m.[38;2;20;61;56m.[38;2;61;71;64m'[38;2;105;96;65m;[38;2;164;113;54mc[38;2;108;106;102m:[38;2;41;30;44m.[38;2;68;124;140m:[38;2;118;168;213mx[38;2;88;120;188mc[38;2;57;80;90m'[38;2;118;133;132ml[38;2;41;70;73m.[38;2;8;51;46m.[38;2;2;34;35m [38;2;136;98;69m:[38;2;205;135;33mo[38;2;172;116;41ml[38;2;109;62;20m'[38;2;226;154;39mx[38;2;255;250;105mN[38;2;255;239;105mN[38;2;255;241;87mN[38;2;255;242;93mN[38;2;255;237;86mX[38;2;255;240;92mN[38;2;255;239;89mN[38;2;255;238;85mX[38;2;255;239;94mN[38;2;255;238;85mX[38;2;255;239;88mN[38;2;255;237;86mX[38;2;255;235;87mX[38;2;255;231;82mX[38;2;255;243;91mN[38;2;255;236;104mN[38;2;59;28;16m.[38;2;3;6;2m [38;2;5;10;3m [38;2;8;9;4m [38;2;2;8;11m [38;2;17;54;54m.[38;2;15;44;55m.[38;2;3;6;0m [38;2;18;50;63m.[38;2;12;39;50m.[38;2;21;47;70m.[38;2;22;53;68m.[38;2;22;52;72m.[38;2;0;4;12m [38;2;3;7;6m [38;2;2;15;13m [38;2;2;8;5m [0m
