[0m[38;2;25;49;40m.[38;2;9;45;49m.[38;2;10;40;34m.[38;2;1;15;7m [38;2;5;35;44m [38;2;1;25;29m [38;2;78;142;139ml[38;2;16;35;35m.[38;2;4;6;0m [38;2;0;12;0m [38;2;6;10;7m [38;2;7;16;16m [38;2;6;24;20m [38;2;2;12;20m [38;2;111;161;192md[38;2;99;108;119m:[38;2;2;9;11m [38;2;8;46;56m.[38;2;10;46;58m.[38;2;10;45;62m.[38;2;3;46;60m.[38;2;7;45;62m.[38;2;12;46;67m.[38;2;4;48;68m.[38;2;6;48;68m.[38;2;6;38;54m.[38;2;78;160;183mo[38;2;16;22;41m [38;2;41;71;99m'[38;2;48;98;137m;[38;2;50;87;121m,[38;2;28;52;95m.[38;2;12;43;75m.[38;2;14;43;84m.[38;2;8;34;74m.[38;2;63;117;155m:[38;2;47;61;76m.[38;2;72;148;186ml[38;2;48;100;135m;[38;2;9;36;65m.[38;2;7;32;58m [38;2;29;48;126m.[38;2;135;154;175md[38;2;11;37;61m.[38;2;3;16;47m [38;2;14;35;100m.[38;2;186;235;255mX[38;2;44;85;111m,[38;2;52;100;136m;[38;2;35;67;95m.[38;2;10;22;39m [38;2;15;37;77m.[38;2;7;33;50m [38;2;14;34;66m.[38;2;6;42;78m.[38;2;9;33;56m [38;2;16;42;70m.[38;2;3;11;25m [38;2;58;91;156m;[38;2;9;33;50m [38;2;3;29;56m [38;2;7;34;67m.[38;2;7;34;63m.[38;2;8;47;75m.[38;2;4;36;63m.[38;2;13;44;58m.[38;2;2;26;44m [38;2;10;42;57m.[38;2;8;43;52m.[38;2;12;49;59m.[38;2;9;28;38m [38;2;11;42;53m.[38;2;17;39;40m.[38;2;1;7;5m [38;2;4;31;28m [38;2;11;37;43m.[38;2;14;38;37m.[38;2;7;33;36m [38;2;17;45;42m.[38;2;2;49;37m.[0m
[0m[38;2;20;46;42m.[38;2;10;41;43m.[38;2;6;29;27m [38;2;0;12;9m [38;2;1;33;35m [38;2;0;23;30m [38;2;76;142;143ml[38;2;11;25;22m [38;2;0;6;4m [38;2;2;7;1m [38;2;2;3;1m [38;2;0;3;0m  [38;2;21;36;55m.[38;2;195;217;237mK[38;2;13;11;11m [38;2;3;14;13m [38;2;1;19;16m [38;2;6;22;23m [38;2;6;25;40m [38;2;3;33;46m [38;2;7;36;58m.[38;2;8;40;70m.[38;2;8;46;80m.[38;2;9;46;83m.[38;2;6;40;70m.[38;2;36;88;128m,[38;2;18;28;49m [38;2;11;44;86m.[38;2;8;40;85m.[38;2;13;41;92m.[38;2;18;52;99m.[38;2;21;50;92m.[38;2;21;48;95m.[38;2;20;55;89m.[38;2;42;79;115m'[38;2;38;51;70m.[38;2;67;144;172ml[38;2;77;145;181ml[38;2;16;47;76m.[38;2;0;18;44m [38;2;34;61;134m.[38;2;122;147;164mo[38;2;5;36;53m [38;2;5;18;51m [38;2;14;36;108m.[38;2;177;234;255mX[38;2;5;14;31m [38;2;62;129;164mc[38;2;73;157;186mo[38;2;35;74;103m'[38;2;34;68;104m.[38;2;8;30;56m [38;2;34;71;101m.[38;2;11;33;64m.[38;2;7;19;47m [38;2;14;35;65m.[38;2;0;14;31m [38;2;81;119;210mc[38;2;10;30;57m [38;2;8;27;54m [38;2;6;34;64m [38;2;51;71;93m'[38;2;50;62;69m.[38;2;55;77;93m'[38;2;55;63;77m.[38;2;46;62;67m.[38;2;30;53;65m.[38;2;16;42;57m.[38;2;6;43;48m.[38;2;1;23;28m [38;2;9;41;45m.[38;2;10;29;33m [38;2;0;8;2m [38;2;6;29;33m [38;2;9;29;38m [38;2;8;28;34m [38;2;11;29;24m [38;2;13;38;42m.[38;2;5;38;42m [0m
[0m[38;2;22;46;47m.[38;2;10;43;50m.[38;2;8;31;38m [38;2;1;10;12m [38;2;3;38;41m [38;2;2;26;37m [38;2;82;136;132mc[38;2;3;13;23m [38;2;3;25;24m [38;2;4;24;29m [38;2;1;19;27m [38;2;3;25;31m [38;2;1;0;5m [38;2;134;169;200mx[38;2;91;107;124m:[38;2;6;23;33m [38;2;3;31;59m [38;2;1;3;12m [38;2;2;1;13m [38;2;2;3;21m [38;2;2;4;18m [38;2;2;2;23m [38;2;1;10;35m [38;2;6;19;47m [38;2;8;25;61m [38;2;5;28;73m [38;2;10;36;89m.[38;2;6;19;57m [38;2;21;40;101m.[38;2;20;46;113m.[38;2;11;48;116m.[38;2;15;47;119m.[38;2;16;46;109m.[38;2;10;46;103m.[38;2;3;35;95m.[38;2;67;123;168mc[38;2;34;55;82m.[38;2;26;53;93m.[38;2;44;86;131m,[38;2;38;76;124m'[38;2;13;21;52m [38;2;39;72;154m'[38;2;99;126;139mc[38;2;4;33;55m [38;2;4;13;43m [38;2;7;31;100m.[38;2;191;243;255mN[38;2;1;6;38m [38;2;21;44;90m.[38;2;80;159;190mo[38;2;33;62;85m.[38;2;71;124;167mc[38;2;6;23;58m [38;2;41;89;132m,[38;2;83;154;192mo[38;2;22;39;59m.[38;2;26;40;73m.[38;2;17;45;83m.[38;2;117;154;230md[38;2;4;23;81m [38;2;16;27;129m.[38;2;3;32;128m.[38;2;61;84;178m;[38;2;68;89;167m;[38;2;73;95;130m;[38;2;67;77;110m,[38;2;68;89;100m,[38;2;42;68;90m.[38;2;72;94;119m;[38;2;52;74;98m'[38;2;2;23;27m [38;2;6;20;21m [38;2;4;14;15m [38;2;5;34;36m [38;2;6;44;55m.[38;2;9;28;32m [38;2;16;43;40m.[38;2;9;26;22m [38;2;12;38;51m.[38;2;10;36;44m.[0m
[0m[38;2;18;48;51m.[38;2;10;44;53m.[38;2;9;29;38m [38;2;5;14;16m [38;2;6;40;46m.[38;2;4;24;33m [38;2;74;140;149mc[38;2;10;26;40m [38;2;3;6;5m [38;2;9;38;45m.[38;2;2;14;19m [38;2;12;28;30m [38;2;64;89;127m,[38;2;200;218;233mX[38;2;4;13;29m [38;2;11;40;76m.[38;2;9;27;73m [38;2;9;33;90m.[38;2;15;39;101m.[38;2;8;21;84m [38;2;9;18;56m [38;2;39;49;81m.[38;2;34;48;98m.[38;2;34;44;91m.[38;2;32;49;99m.[38;2;33;47;104m.[38;2;34;50;90m.[38;2;36;37;104m.[38;2;23;29;93m.[38;2;32;44;105m.[38;2;22;34;89m.[38;2;15;21;98m [38;2;10;26;95m.[38;2;14;32;98m.[38;2;8;40;116m.[38;2;24;61;127m.[38;2;23;40;83m.[38;2;16;47;113m.[38;2;19;48;109m.[38;2;18;43;97m.[38;2;0;11;35m [38;2;64;109;193m:[38;2;83;111;141m:[38;2;37;73;107m'[38;2;44;78;100m'[38;2;7;17;68m [38;2;204;253;255mW[38;2;3;15;37m [38;2;6;23;76m [38;2;54;107;136m;[38;2;41;70;95m'[38;2;39;79;119m'[38;2;38;69;112m'[38;2;6;25;72m [38;2;78;141;188ml[38;2;18;44;63m.[38;2;16;31;73m.[38;2;60;115;188m:[38;2;98;151;210mo[38;2;5;21;181m.[38;2;51;131;245mc[38;2;70;190;255mx[38;2;44;147;248ml[38;2;10;107;239m;[38;2;15;72;223m'[38;2;14;39;155m.[38;2;7;39;91m.[38;2;13;35;80m.[38;2;6;28;50m [38;2;92;112;154mc[38;2;22;31;39m.[38;2;12;20;23m [38;2;8;40;47m.[38;2;6;49;55m.[38;2;6;36;45m [38;2;2;3;4m [38;2;43;62;61m.[38;2;27;53;55m.[38;2;13;38;47m.[38;2;7;34;44m [0m
[0m[38;2;25;44;47m.[38;2;12;44;51m.[38;2;8;29;30m [38;2;3;15;19m [38;2;7;40;52m.[38;2;4;24;33m [38;2;71;138;154mc[38;2;12;36;44m.[38;2;12;30;49m [38;2;3;13;26m [38;2;10;20;32m [38;2;16;32;73m.[38;2;202;231;252mX[38;2;52;60;82m.[38;2;5;32;84m.[38;2;15;41;121m.[38;2;5;26;110m.[38;2;16;51;157m.[38;2;23;66;193m'[38;2;7;22;144m.[38;2;60;95;174m;[38;2;146;193;244mO[38;2;134;185;235mk[38;2;132;175;234mk[38;2;127;180;235mk[38;2;126;182;236mk[38;2;123;158;229md[38;2;145;148;232mx[38;2;95;119;211ml[38;2;120;150;224md[38;2;100;128;192ml[38;2;107;130;166ml[38;2;55;77;136m,[38;2;86;94;124m;[38;2;22;27;96m.[38;2;3;9;83m [38;2;1;12;69m [38;2;7;27;105m.[38;2;10;35;93m.[38;2;8;32;81m.[38;2;1;15;65m [38;2;109;150;224md[38;2;45;69;122m'[38;2;10;34;85m.[38;2;56;116;147m:[38;2;7;14;70m [38;2;213;251;255mW[38;2;11;29;51m [38;2;22;49;97m.[38;2;33;58;92m.[38;2;50;79;111m'[38;2;14;30;62m [38;2;58;102;147m;[38;2;7;32;66m [38;2;33;72;106m'[38;2;28;52;74m.[38;2;12;34;96m.[38;2;17;62;138m.[38;2;102;153;223md[38;2;9;69;244m'[38;2;71;188;255mx[38;2;116;255;255mK[38;2;101;255;255mK[38;2;134;255;255mX[38;2;8;168;255ml[38;2;3;61;233m.[38;2;10;36;143m.[38;2;4;35;87m.[38;2;12;34;60m.[38;2;41;47;81m.[38;2;64;79;111m,[38;2;11;44;52m.[38;2;7;44;59m.[38;2;11;36;41m.[38;2;29;39;38m.[38;2;32;55;52m.[38;2;20;49;55m.[38;2;10;41;55m.[38;2;9;42;54m.[38;2;8;34;42m [0m
[0m[38;2;22;44;46m.[38;2;9;43;51m.[38;2;13;27;28m [38;2;6;18;23m [38;2;10;38;51m.[38;2;2;23;35m [38;2;79;140;165ml[38;2;4;18;20m [38;2;35;63;89m.[38;2;35;59;84m.[38;2;14;24;47m [38;2;117;148;210md[38;2;117;130;165ml[38;2;18;37;85m.[38;2;30;52;153m.[38;2;24;68;185m'[38;2;7;70;220m'[38;2;20;127;245m:[38;2;8;130;251m:[38;2;4;115;241m;[38;2;5;96;237m,[38;2;15;122;245m:[38;2;10;101;239m;[38;2;7;76;235m'[38;2;3;71;233m'[38;2;7;69;231m'[38;2;3;55;223m.[38;2;10;74;231m'[38;2;4;59;207m.[38;2;8;45;196m.[38;2;5;58;210m.[38;2;15;67;211m'[38;2;29;68;203m'[38;2;102;127;211ml[38;2;169;203;243m0[38;2;91;97;157m:[38;2;3;13;105m [38;2;1;19;112m [38;2;1;12;94m [38;2;0;3;54m [38;2;10;23;80m [38;2;132;183;249mk[38;2;9;14;35m [38;2;2;12;37m [38;2;13;32;63m.[38;2;17;27;105m.[38;2;214;252;255mW[38;2;2;12;33m [38;2;9;36;84m.[38;2;7;40;93m.[38;2;46;85;134m,[38;2;12;25;53m [38;2;19;58;99m.[38;2;22;56;94m.[38;2;23;54;98m.[38;2;29;54;94m.[38;2;11;34;90m.[38;2;20;41;121m.[38;2;101;143;220mo[38;2;17;97;252m;[38;2;72;195;255mx[38;2;114;255;255mK[38;2;72;255;255m0[38;2;134;255;255mX[38;2;4;189;255mo[38;2;1;69;250m'[38;2;11;39;158m.[38;2;14;44;107m.[38;2;4;21;46m [38;2;36;55;106m.[38;2;62;79;114m,[38;2;10;43;55m.[38;2;14;36;46m.[38;2;34;46;44m.[38;2;33;51;59m.[38;2;6;40;45m.[38;2;7;43;53m.[38;2;5;42;50m.[38;2;6;42;47m.[38;2;11;36;44m.[0m
[0m[38;2;23;43;49m.[38;2;9;45;53m.[38;2;8;19;24m [38;2;3;20;24m [38;2;9;40;55m.[38;2;2;25;39m [38;2;86;142;162ml[38;2;0;7;13m [38;2;10;39;61m.[38;2;7;35;54m.[38;2;25;42;122m.[38;2;173;196;224m0[38;2;5;12;52m [38;2;53;110;188m:[38;2;66;130;220mc[38;2;64;146;252mo[38;2;3;184;255mo[38;2;154;255;255mX[38;2;109;245;255mK[38;2;103;243;255m0[38;2;94;241;255m0[38;2;82;234;255mO[38;2;75;225;255mO[38;2;67;220;255mk[38;2;46;210;255mx[38;2;26;187;255md[38;2;3;159;255ml[38;2;6;171;255ml[38;2;3;162;255ml[38;2;4;132;253m:[38;2;5;131;255m:[38;2;1;118;251m;[38;2;6;107;251m;[38;2;2;46;218m.[38;2;22;83;240m,[38;2;187;228;255mX[38;2;49;77;209m,[38;2;15;70;209m'[38;2;11;23;119m.[38;2;9;15;101m [38;2;22;44;144m.[38;2;142;205;255m0[38;2;0;6;33m [38;2;14;44;108m.[38;2;9;16;65m [38;2;7;43;142m.[38;2;199;244;255mN[38;2;0;1;5m [38;2;3;9;31m [38;2;2;20;42m [38;2;5;22;53m [38;2;5;17;50m [38;2;6;31;83m.[38;2;5;36;77m.[38;2;9;36;87m.[38;2;16;51;99m.[38;2;6;18;66m [38;2;32;63;147m.[38;2;66;117;210mc[38;2;19;78;235m,[38;2;60;178;255md[38;2;87;237;255m0[38;2;95;255;255mK[38;2;134;255;255mX[38;2;6;174;255ml[38;2;1;46;227m.[38;2;4;16;111m [38;2;12;27;75m [38;2;4;24;45m [38;2;32;65;113m.[38;2;72;92;120m;[38;2;3;11;14m [38;2;31;44;51m.[38;2;11;31;38m [38;2;7;35;48m [38;2;4;39;43m [38;2;7;43;51m.[38;2;2;37;44m [38;2;4;40;45m.[38;2;12;41;51m.[0m
[0m[38;2;22;46;47m.[38;2;6;43;52m.[38;2;12;21;29m [38;2;2;21;19m [38;2;8;42;55m.[38;2;4;29;41m [38;2;85;135;166ml[38;2;0;3;13m [38;2;10;43;70m.[38;2;4;21;56m [38;2;95;130;204ml[38;2;78;89;121m;[38;2;13;26;97m.[38;2;15;56;163m.[38;2;82;159;252md[38;2;66;172;255md[38;2;1;200;255md[38;2;166;255;255mN[38;2;116;255;255mK[38;2;124;255;255mX[38;2;124;255;255mX[38;2;133;255;255mX[38;2;149;255;255mX[38;2;170;255;255mN[38;2;182;255;255mN[38;2;165;255;255mN[38;2;98;255;255mK[38;2;124;248;255mK[38;2;110;249;255mK[38;2;115;246;255mK[38;2;92;240;255m0[38;2;78;235;255mO[38;2;66;224;255mO[38;2;44;194;255md[38;2;12;174;255mo[38;2;81;226;255mO[38;2;85;162;250md[38;2;2;82;251m,[38;2;7;41;180m.[38;2;8;25;159m.[38;2;20;80;200m,[38;2;165;217;250mK[38;2;3;12;86m [38;2;18;63;146m.[38;2;8;27;101m.[38;2;11;44;162m.[38;2;191;244;255mN[38;2;2;5;60m [38;2;4;19;110m [38;2;11;40;133m.[38;2;8;35;112m.[38;2;4;21;74m [38;2;1;8;69m [38;2;0;7;27m [38;2;0;3;39m [38;2;3;12;30m [38;2;1;6;31m [38;2;8;18;51m [38;2;84;111;183mc[38;2;17;38;134m.[38;2;12;44;176m.[38;2;9;84;224m,[38;2;17;123;231m:[38;2;45;139;237ml[38;2;5;57;197m.[38;2;0;14;107m [38;2;0;13;53m [38;2;0;8;27m [38;2;0;2;7m [38;2;61;81;121m,[38;2;44;54;89m.[38;2;16;30;38m [38;2;12;45;58m.[38;2;10;41;53m.[38;2;6;34;41m [38;2;12;38;43m.[38;2;8;37;39m [38;2;7;39;47m.[38;2;7;41;48m.[38;2;11;41;48m.[0m
[0m[38;2;22;46;47m.[38;2;6;43;50m.[38;2;10;24;26m [38;2;4;22;26m [38;2;8;42;58m.[38;2;4;27;40m [38;2;82;148;166ml[38;2;2;8;15m [38;2;9;42;65m.[38;2;20;34;78m.[38;2;132;170;238mx[38;2;12;19;61m [38;2;10;53;130m.[38;2;6;52;157m.[38;2;65;140;245ml[38;2;57;175;255md[38;2;0;207;255md[38;2;193;255;255mN[38;2;140;255;255mX[38;2;131;255;255mX[38;2;138;255;255mX[38;2;134;255;255mX[38;2;140;255;255mX[38;2;153;255;255mX[38;2;173;255;255mN[38;2;168;255;255mN[38;2;125;255;255mX[38;2;170;255;255mN[38;2;164;255;255mN[38;2;167;255;255mN[38;2;161;255;255mN[38;2;160;255;255mN[38;2;169;255;255mN[38;2;166;255;255mN[38;2;147;255;255mX[38;2;174;255;255mN[38;2;45;223;255mk[38;2;3;146;255mc[38;2;23;97;243m;[38;2;4;43;189m.[38;2;63;126;245mc[38;2;145;173;226mk[38;2;14;31;138m.[38;2;20;74;198m'[38;2;5;54;209m.[38;2;2;79;234m'[38;2;156;230;255mK[38;2;2;34;183m.[38;2;8;94;235m,[38;2;13;90;240m,[38;2;10;61;211m.[38;2;13;50;183m.[38;2;22;42;148m.[38;2;104;130;163ml[38;2;90;119;130mc[38;2;88;115;137m:[38;2;79;100;114m;[38;2;51;66;78m.[38;2;88;106;141m:[38;2;38;49;76m.[38;2;41;51;91m.[38;2;27;32;65m.[38;2;3;11;59m [38;2;5;28;77m [38;2;0;10;60m [38;2;2;12;29m [38;2;3;7;29m [38;2;2;6;18m [38;2;2;2;0m [38;2;97;121;148mc[38;2;17;44;58m.[38;2;5;37;42m [38;2;8;36;47m [38;2;9;41;52m.[38;2;10;42;49m.[38;2;6;32;40m [38;2;10;36;45m [38;2;8;42;50m.[38;2;8;41;47m.[38;2;12;41;49m.[0m
[0m[38;2;14;39;40m.[38;2;6;36;44m [38;2;4;23;25m [38;2;2;22;29m [38;2;10;41;53m.[38;2;3;28;42m [38;2;86;142;165ml[38;2;2;13;22m [38;2;8;35;57m.[38;2;27;46;115m.[38;2;155;194;246mO[38;2;10;16;52m [38;2;14;55;126m.[38;2;11;57;165m.[38;2;21;80;232m,[38;2;65;184;255md[38;2;0;210;255md[38;2;208;255;255mW[38;2;157;255;255mX[38;2;140;255;255mX[38;2;144;255;255mX[38;2;148;255;255mX[38;2;146;255;255mX[38;2;151;255;255mX[38;2;169;255;255mN[38;2;179;255;255mN[38;2;126;255;255mX[38;2;189;255;255mN[38;2;181;255;255mN[38;2;171;255;255mNN[38;2;166;255;255mN[38;2;161;255;255mN[38;2;160;255;255mN[38;2;167;255;255mN[38;2;220;255;255mW[38;2;37;245;255mO[38;2;20;195;255md[38;2;4;77;252m,[38;2;3;75;237m'[38;2;104;190;255mk[38;2;110;136;206mo[38;2;44;109;227m:[38;2;57;162;251mo[38;2;5;168;255ml[38;2;103;231;255m0[38;2;58;240;255mO[38;2;101;205;255mk[38;2;86;232;255mO[38;2;90;228;255mO[38;2;44;191;255md[38;2;1;135;251m:[38;2;2;54;221m.[38;2;11;32;150m.[38;2;6;18;73m [38;2;3;13;67m [38;2;10;32;84m.[38;2;3;26;69m [38;2;80;107;151m:[38;2;1;20;64m [38;2;7;15;65m [38;2;133;159;213mx[38;2;16;29;73m.[38;2;8;32;105m.[38;2;0;16;52m [38;2;0;10;33m [38;2;2;9;19m [38;2;5;6;14m [38;2;0;0;0m [38;2;123;157;207md[38;2;6;28;37m [38;2;0;5;4m [38;2;12;43;48m.[38;2;12;43;56m.[38;2;14;47;52m.[38;2;14;47;54m.[38;2;10;32;37m [38;2;19;47;49m.[38;2;10;37;42m.[38;2;10;42;48m.[0m
[0m[38;2;37;68;64m.[38;2;30;63;74m.[38;2;32;73;73m.[38;2;9;22;28m [38;2;9;43;55m.[38;2;4;31;42m [38;2;78;135;152mc[38;2;6;16;20m [38;2;27;56;73m.[38;2;26;49;110m.[38;2;149;187;216mk[38;2;23;41;71m.[38;2;31;65;122m.[38;2;32;69;159m'[38;2;26;82;209m,[38;2;46;161;253mo[38;2;9;198;255md[38;2;166;242;255mX[38;2;135;254;255mX[38;2;139;255;255mX[38;2;146;255;255mX[38;2;168;255;255mN[38;2;166;255;255mN[38;2;176;255;255mN[38;2;195;255;255mN[38;2;194;255;255mN[38;2;124;255;255mX[38;2;209;255;255mW[38;2;193;255;255mN[38;2;175;255;255mN[38;2;169;255;255mN[38;2;169;255;255mN[38;2;165;255;255mN[38;2;160;255;255mN[38;2;171;255;255mN[38;2;228;255;255mW[38;2;14;242;255mk[38;2;25;209;255mx[38;2;31;122;252m:[38;2;21;84;236m,[38;2;219;251;255mW[38;2;49;74;199m,[38;2;9;71;236m'[38;2;45;197;255mx[38;2;15;197;255md[38;2;129;255;255mX[38;2;21;249;255mO[38;2;183;255;255mN[38;2;167;255;255mN[38;2;169;255;255mN[38;2;204;255;255mW[38;2;3;235;255mx[38;2;13;123;255m:[38;2;38;103;228m;[38;2;56;115;180m:[38;2;34;74;127m'[38;2;13;27;95m.[38;2;11;40;107m.[38;2;110;151;229md[38;2;10;49;151m.[38;2;30;68;197m'[38;2;56;158;239mo[38;2;35;111;229m:[38;2;17;115;222m;[38;2;0;50;185m.[38;2;0;23;136m.[38;2;0;12;66m [38;2;3;5;32m [38;2;37;49;76m.[38;2;82;113;151m:[38;2;7;39;54m.[38;2;4;11;10m [38;2;14;40;50m.[38;2;5;30;37m [38;2;13;38;45m.[38;2;5;29;31m [38;2;11;33;39m [38;2;18;44;51m.[38;2;28;52;62m.[38;2;21;52;64m.[0m
[0m[38;2;21;47;47m.[38;2;8;44;52m.[38;2;9;44;54m.[38;2;1;22;35m [38;2;6;46;54m.[38;2;5;29;37m [38;2;73;132;147mc[38;2;2;9;16m [38;2;5;38;50m.[38;2;21;33;95m.[38;2;191;233;246mX[38;2;1;8;25m [38;2;5;25;85m [38;2;50;90;158m,[38;2;18;59;139m.[38;2;19;61;193m.[38;2;46;139;239ml[38;2;4;91;241m,[38;2;9;151;253mc[38;2;16;167;255ml[38;2;13;183;255mo[38;2;35;195;255md[38;2;43;211;255mx[38;2;61;214;255mk[38;2;68;219;255mk[38;2;80;227;255mO[38;2;48;243;255mO[38;2;98;233;255m0[38;2;103;244;255mK[38;2;105;249;255mK[38;2;120;252;255mK[38;2;117;254;255mK[38;2;118;255;255mK[38;2;126;254;255mX[38;2;165;255;255mN[38;2;204;255;255mW[38;2;13;229;255mx[38;2;39;193;255md[38;2;45;135;245mc[38;2;80;138;231ml[38;2;167;223;255mK[38;2;11;35;163m.[38;2;6;67;230m'[38;2;18;147;255mc[38;2;49;209;255mx[38;2;128;255;255mX[38;2;26;253;255mO[38;2;186;255;255mN[38;2;173;255;255mN[38;2;172;255;255mN[38;2;185;255;255mN[38;2;17;254;255mO[38;2;15;121;255m:[38;2;5;64;232m'[38;2;53;133;201mc[38;2;51;110;163m;[38;2;15;30;102m.[38;2;2;27;130m.[38;2;102;149;249md[38;2;19;104;233m;[38;2;116;179;255mk[38;2;114;229;255m0[38;2;135;255;255mX[38;2;190;255;255mN[38;2;0;202;255md[38;2;1;77;247m'[38;2;3;18;144m [38;2;0;1;41m [38;2;120;164;213md[38;2;15;41;58m.[38;2;11;43;66m.[38;2;2;14;12m [38;2;7;33;51m [38;2;34;76;88m'[38;2;16;52;97m.[38;2;20;58;93m.[38;2;9;26;40m [38;2;90;103;98m;[38;2;40;58;55m.[38;2;27;65;71m.[0m
[0m[38;2;19;46;46m.[38;2;9;44;53m.[38;2;13;44;54m.[38;2;0;22;28m [38;2;16;44;51m.[38;2;3;29;40m [38;2;75;140;159ml[38;2;16;26;36m [38;2;8;45;61m.[38;2;5;10;51m [38;2;185;207;240mK[38;2;30;38;62m.[38;2;9;33;77m.[38;2;24;53;95m.[38;2;67;128;170mc[38;2;7;30;105m.[38;2;52;120;193m:[38;2;7;24;126m.[38;2;16;68;192m'[38;2;11;74;207m'[38;2;15;75;216m'[38;2;13;82;226m,[38;2;11;87;226m,[38;2;16;99;238m;[38;2;14;101;239m;[38;2;5;108;250m;[38;2;17;134;251mc[38;2;22;114;245m:[38;2;10;137;253mc[38;2;10;140;251mc[38;2;9;149;253mc[38;2;8;147;254mc[38;2;3;162;253ml[38;2;7;162;254ml[38;2;12;171;255ml[38;2;80;218;255mO[38;2;20;110;242m;[38;2;19;112;234m;[38;2;12;52;204m.[38;2;160;210;252m0[38;2;41;68;158m'[38;2;16;57;159m.[38;2;27;81;203m,[38;2;26;117;241m:[38;2;44;170;255mo[38;2;65;207;255mk[38;2;72;242;255m0[38;2;134;245;255mK[38;2;119;251;255mK[38;2;133;255;255mX[38;2;129;253;255mX[38;2;14;219;255mx[38;2;48;151;253ml[38;2;18;72;213m'[38;2;12;46;151m.[38;2;33;79;154m'[38;2;11;28;91m.[38;2;23;38;129m.[38;2;97;142;208mo[38;2;7;70;237m'[38;2;97;179;255mx[38;2;43;239;255mO[38;2;191;255;255mN[38;2;206;255;255mW[38;2;0;233;255mx[38;2;4;90;255m,[38;2;1;23;154m.[38;2;34;44;116m.[38;2;101;131;155ml[38;2;9;36;63m.[38;2;9;48;67m.[38;2;2;14;16m [38;2;11;31;38m [38;2;22;38;51m.[38;2;18;30;42m [38;2;43;99;114m,[38;2;4;22;26m [38;2;120;145;140mo[38;2;56;89;83m,[38;2;25;66;74m.[0m
[0m[38;2;19;48;50m.[38;2;9;44;52m.[38;2;14;44;51m.[38;2;1;22;21m [38;2;11;46;54m.[38;2;4;30;45m [38;2;70;131;143mc[38;2;10;24;26m [38;2;8;44;61m.[38;2;5;16;32m [38;2;94;124;185ml[38;2;121;142;149mo[38;2;8;24;44m [38;2;5;36;64m.[38;2;35;81;116m'[38;2;47;92;142m,[38;2;55;111;142m;[38;2;7;14;59m [38;2;14;48;117m.[38;2;18;48;131m.[38;2;10;54;136m.[38;2;8;58;144m.[38;2;12;58;144m.[38;2;12;56;168m.[38;2;17;64;168m.[38;2;7;67;184m.[38;2;17;69;193m'[38;2;15;46;173m.[38;2;10;72;204m'[38;2;12;74;203m'[38;2;12;73;203m'[38;2;7;64;208m.[38;2;9;76;212m'[38;2;11;58;199m.[38;2;30;88;228m,[38;2;120;193;251mk[38;2;6;32;156m.[38;2;3;54;169m.[38;2;27;64;181m'[38;2;162;192;218mO[38;2;0;5;63m [38;2;7;53;131m.[38;2;17;55;156m.[38;2;16;68;180m'[38;2;22;73;191m'[38;2;13;55;215m.[38;2;131;190;250mk[38;2;4;94;235m,[38;2;6;136;248mc[38;2;7;135;251m:[38;2;16;141;247mc[38;2;8;69;219m'[38;2;22;85;200m,[38;2;22;74;157m'[38;2;26;64;132m.[38;2;44;83;131m,[38;2;7;18;68m [38;2;95;115;152mc[38;2;52;77;145m,[38;2;36;83;204m,[38;2;26;87;232m,[38;2;49;217;254mk[38;2;121;209;255mO[38;2;136;238;255mK[38;2;0;158;252mc[38;2;2;49;219m.[38;2;1;11;100m [38;2;113;141;184mo[38;2;9;20;36m [38;2;14;49;89m.[38;2;9;48;66m.[38;2;8;14;18m [38;2;9;24;31m [38;2;58;78;70m'[38;2;52;67;64m.[38;2;24;33;31m.[38;2;0;1;0m [38;2;128;146;146mo[38;2;30;50;53m.[38;2;22;54;65m.[0m
[0m[38;2;18;41;42m.[38;2;8;39;43m.[38;2;16;39;47m.[38;2;4;11;12m [38;2;7;37;49m.[38;2;51;94;111m,[38;2;49;102;93m,[38;2;1;6;10m [38;2;7;32;41m [38;2;3;22;24m [38;2;28;39;83m.[38;2;145;190;225mO[38;2;23;33;45m.[38;2;5;26;36m [38;2;4;24;33m [38;2;42;77;101m'[38;2;46;77;95m'[38;2;1;6;17m [38;2;8;32;61m [38;2;9;31;66m [38;2;6;33;69m [38;2;12;34;81m.[38;2;11;32;81m.[38;2;11;35;87m.[38;2;11;35;98m.[38;2;10;36;103m.[38;2;9;35;111m.[38;2;2;20;89m [38;2;7;41;119m.[38;2;12;38;112m.[38;2;10;36;112m.[38;2;11;34;117m.[38;2;12;39;127m.[38;2;8;29;89m.[38;2;30;67;181m'[38;2;127;201;250mO[38;2;3;12;68m [38;2;7;24;106m [38;2;123;166;230mx[38;2;74;86;118m,[38;2;5;21;69m [38;2;15;32;90m.[38;2;10;32;97m.[38;2;11;45;106m.[38;2;7;30;86m.[38;2;14;35;141m.[38;2;140;159;197mx[38;2;7;26;103m.[38;2;7;42;131m.[38;2;7;43;140m.[38;2;23;40;140m.[38;2;5;25;86m [38;2;9;43;100m.[38;2;10;36;96m.[38;2;11;33;75m.[38;2;12;38;70m.[38;2;1;9;27m [38;2;132;168;210mx[38;2;3;16;45m [38;2;13;34;83m.[38;2;60;83;167m,[38;2;60;96;172m;[38;2;15;48;166m.[38;2;12;70;170m'[38;2;5;31;131m.[38;2;0;3;58m [38;2;85;111;167m:[38;2;42;55;63m.[38;2;7;18;27m [38;2;12;55;80m.[38;2;9;49;57m.[38;2;6;14;17m [38;2;9;39;45m.[38;2;30;51;53m.[38;2;27;44;49m.[38;2;8;28;32m [38;2;2;19;23m [38;2;80;97;98m;[38;2;23;42;50m.[38;2;23;55;61m.[0m
[0m[38;2;19;45;51m.[38;2;8;42;55m.[38;2;12;28;29m [38;2;8;12;16m [38;2;8;32;41m [38;2;56;115;119m;[38;2;50;98;106m,[38;2;5;7;8m [38;2;1;10;5m [38;2;7;18;17m [38;2;4;11;11m [38;2;52;79;149m,[38;2;123;149;187md[38;2;25;32;32m.[38;2;1;3;2m [38;2;0;6;4m [38;2;0;2;6m [38;2;1;27;35m [38;2;6;24;43m [38;2;5;9;25m [38;2;17;23;26m [38;2;44;51;65m.[38;2;44;53;66m.[38;2;45;52;59m.[38;2;44;54;79m.[38;2;47;58;73m.[38;2;48;61;87m.[38;2;50;57;94m.[38;2;43;49;89m.[38;2;41;58;96m.[38;2;43;58;100m.[38;2;6;12;67m [38;2;0;9;63m [38;2;0;4;29m [38;2;32;65;178m'[38;2;163;225;254mK[38;2;0;1;13m [38;2;29;62;155m.[38;2;176;210;228m0[38;2;41;50;76m.[38;2;74;83;102m,[38;2;69;81;108m,[38;2;76;87;107m,[38;2;72;86;103m,[38;2;79;96;120m;[38;2;14;33;110m.[38;2;134;150;164md[38;2;62;81;90m,[38;2;38;45;74m.[38;2;10;15;45m [38;2;0;4;25m [38;2;9;18;42m [38;2;4;22;41m [38;2;1;12;32m [38;2;0;4;9m [38;2;2;6;9m [38;2;0;0;7m [38;2;114;170;210mx[38;2;24;32;34m.[38;2;25;31;37m.[38;2;117;147;176mo[38;2;50;62;74m.[38;2;45;55;69m.[38;2;20;33;53m.[38;2;1;3;10m [38;2;34;49;74m.[38;2;90;121;150mc[38;2;1;1;0m [38;2;6;21;24m [38;2;10;55;69m.[38;2;4;44;48m.[38;2;6;19;18m [38;2;7;42;42m.[38;2;6;33;41m [38;2;4;28;32m [38;2;14;48;59m.[38;2;5;36;41m [38;2;77;133;136mc[38;2;15;49;57m.[38;2;20;49;56m.[0m
[0m[38;2;17;47;47m.[38;2;8;44;52m.[38;2;6;34;32m [38;2;5;15;17m [38;2;7;32;42m [38;2;59;112;127m;[38;2;46;92;100m,[38;2;7;11;16m [38;2;2;12;10m [38;2;14;42;50m.[38;2;6;25;32m [38;2;8;23;27m [38;2;44;72;139m'[38;2;124;160;198md[38;2;61;68;74m'[38;2;1;2;0m [38;2;0;2;1m [38;2;2;53;75m.[38;2;11;46;73m.[38;2;3;14;19m [38;2;76;107;108m;[38;2;141;190;203mk[38;2;139;181;188mk[38;2;130;179;186mx[38;2;133;184;198mk[38;2;126;175;189mx[38;2;128;174;187mx[38;2;114;138;172mo[38;2;104;118;166mc[38;2;84;125;158mc[38;2;102;141;176ml[38;2;102;126;180ml[38;2;88;103;155m:[38;2;39;67;140m'[38;2;39;87;184m,[38;2;77;124;205mc[38;2;38;58;128m.[38;2;91;125;206ml[38;2;64;76;92m'[38;2;84;117;133m:[38;2;108;149;177mo[38;2;110;155;176mo[38;2;104;150;165mo[38;2;113;156;167mo[38;2;108;143;159mo[38;2;16;36;91m.[38;2;112;150;164mo[38;2;85;119;118m:[38;2;73;88;121m;[38;2;79;98;129m;[38;2;58;73;101m'[38;2;99;124;148mc[38;2;34;41;52m.[38;2;3;22;20m [38;2;0;4;7m [38;2;1;11;6m [38;2;5;10;21m [38;2;105;146;176mo[38;2;81;103;101m;[38;2;52;76;88m'[38;2;119;164;202md[38;2;49;62;65m.[38;2;44;56;53m.[38;2;51;68;72m.[38;2;93;113;124m:[38;2;106;140;168ml[38;2;6;10;11m [38;2;0;7;0m [38;2;14;22;26m [38;2;11;49;65m.[38;2;5;42;51m.[38;2;5;18;18m [38;2;5;52;54m.[38;2;11;47;65m.[38;2;0;1;3m [38;2;14;45;45m.[38;2;6;32;45m [38;2;76;129;132mc[38;2;7;33;44m [38;2;14;42;53m.[0m
[0m[38;2;22;45;48m.[38;2;6;43;52m.[38;2;4;36;31m [38;2;7;19;23m [38;2;5;31;39m [38;2;64;123;135m:[38;2;41;79;91m'[38;2;4;15;16m [38;2;4;16;17m [38;2;5;18;22m [38;2;8;37;45m.[38;2;9;26;33m [38;2;4;4;8m [38;2;27;46;96m.[38;2;129;161;215mx[38;2;119;130;147ml[38;2;32;37;37m.[38;2;4;35;50m [38;2;9;44;65m.[38;2;5;28;41m [38;2;3;14;18m [38;2;13;43;64m.[38;2;8;26;28m [38;2;4;19;35m [38;2;7;17;39m [38;2;8;21;70m [38;2;11;28;108m.[38;2;21;47;160m.[38;2;16;51;183m.[38;2;15;50;179m.[38;2;11;51;173m.[38;2;11;52;158m.[38;2;4;24;131m.[38;2;0;0;64m [38;2;40;83;197m,[38;2;135;154;199md[38;2;82;100;160m:[38;2;52;76;155m,[38;2;53;70;139m'[38;2;4;29;46m [38;2;11;34;72m.[38;2;1;12;31m [38;2;0;3;16m [38;2;0;4;14m [38;2;3;13;32m [38;2;29;55;105m.[38;2;111;133;142ml[38;2;3;16;31m [38;2;2;4;6m [38;2;0;0;3m [38;2;3;4;10m [38;2;36;61;90m.[38;2;166;173;193mk[38;2;5;11;8m [38;2;5;14;17m [38;2;5;14;8m [38;2;29;43;64m.[38;2;96;124;133mc[38;2;10;16;18m [38;2;46;65;100m.[38;2;81;130;153mc[38;2;18;43;41m.[38;2;31;47;46m.[38;2;14;19;27m [38;2;65;90;120m,[38;2;94;118;130mc[38;2;0;0;0m [38;2;0;9;1m [38;2;5;21;24m [38;2;7;53;68m.[38;2;5;42;45m.[38;2;9;22;22m [38;2;8;47;57m.[38;2;19;44;56m.[38;2;0;0;1m [38;2;15;45;49m.[38;2;25;60;74m.[38;2;45;87;102m,[38;2;8;39;42m.[38;2;8;41;48m.[0m
[0m[38;2;19;46;48m.[38;2;8;44;49m.[38;2;7;40;36m.[38;2;6;15;18m [38;2;5;31;40m [38;2;68;134;140mc[38;2;37;78;80m'[38;2;0;14;13m [38;2;7;43;47m.[38;2;7;34;42m [38;2;4;45;56m.[38;2;4;27;32m [38;2;2;11;10m [38;2;2;7;9m [38;2;9;21;34m [38;2;58;83;134m,[38;2;133;162;192mx[38;2;115;139;153mo[38;2;79;91;100m;[38;2;13;35;52m.[38;2;9;34;50m [38;2;17;54;80m.[38;2;13;30;58m [38;2;16;34;67m.[38;2;18;37;101m.[38;2;18;42;151m.[38;2;0;71;225m'[38;2;52;167;253mo[38;2;54;183;255md[38;2;60;181;255md[38;2;74;179;255md[38;2;58;166;255mo[38;2;5;99;234m,[38;2;28;86;203m,[38;2;41;112;240m:[38;2;156;181;224mk[38;2;53;74;120m'[38;2;16;42;99m.[38;2;88;117;211mc[38;2;26;54;89m.[38;2;20;49;66m.[38;2;41;81;102m'[38;2;48;89;101m,[38;2;43;73;83m'[38;2;4;11;27m [38;2;28;55;117m.[38;2;126;158;160md[38;2;41;84;90m'[38;2;37;71;78m.[38;2;57;119;117m:[38;2;32;66;71m.[38;2;2;13;26m [38;2;165;180;223mO[38;2;6;12;15m [38;2;37;89;94m'[38;2;40;75;77m'[38;2;45;60;90m.[38;2;103;138;141ml[38;2;41;78;88m'[38;2;74;115;162m:[38;2;20;45;49m.[38;2;61;139;130mc[38;2;83;158;152mo[38;2;53;84;109m,[38;2;100;124;146mc[38;2;93;133;146ml[38;2;3;7;15m [38;2;0;6;1m [38;2;8;21;20m [38;2;6;51;66m.[38;2;5;41;48m.[38;2;11;23;24m [38;2;6;47;54m.[38;2;12;46;55m.[38;2;0;0;0m [38;2;8;39;46m.[38;2;61;112;127m;[38;2;11;39;44m.[38;2;9;43;51m.[38;2;12;45;54m.[0m
[0m[38;2;19;38;43m.[38;2;26;64;80m.[38;2;44;95;86m,[38;2;4;16;13m [38;2;4;32;43m [38;2;68;133;142mc[38;2;37;81;84m'[38;2;12;19;19m [38;2;39;78;82m'[38;2;38;76;81m'[38;2;39;83;86m'[38;2;44;99;92m,[38;2;33;73;75m.[38;2;23;47;56m.[38;2;23;57;56m.[38;2;21;46;45m.[38;2;4;14;24m [38;2;24;65;89m.[38;2;78;102;134m:[38;2;97;119;155mc[38;2;81;111;157m:[38;2;74;100;128m;[38;2;92;120;149mc[38;2;94;126;170mc[38;2;104;142;201mo[38;2;114;157;233md[38;2;78;172;255md[38;2;181;245;255mN[38;2;128;250;255mK[38;2;130;248;255mK[38;2;103;249;255mK[38;2;82;246;255m0[38;2;73;220;255mO[38;2;132;219;255m0[38;2;22;212;255mx[38;2;125;168;248mx[38;2;3;37;172m.[38;2;2;42;125m.[38;2;65;93;178m;[38;2;52;80;149m,[38;2;43;83;104m'[38;2;47;107;125m;[38;2;61;133;148mc[38;2;65;130;148mc[38;2;0;5;15m [38;2;42;72;148m'[38;2;114;140;140ml[38;2;56;106;107m;[38;2;22;48;61m.[38;2;65;127;139m:[38;2;47;93;92m,[38;2;0;10;23m [38;2;163;187;220mO[38;2;13;18;31m [38;2;9;48;56m.[38;2;32;58;58m.[38;2;44;63;88m.[38;2;100;127;128mc[38;2;14;25;48m [38;2;77;113;152m:[38;2;7;20;20m [38;2;10;44;35m.[38;2;51;96;111m,[38;2;95;130;157ml[38;2;6;6;11m [38;2;59;82;94m,[38;2;32;49;68m.[38;2;1;0;0m [38;2;12;23;30m [38;2;7;49;68m.[38;2;4;39;47m.[38;2;10;27;28m [38;2;10;42;56m.[38;2;6;45;48m.[38;2;0;1;0m [38;2;19;53;59m.[38;2;57;96;106m,[38;2;6;27;30m [38;2;19;41;50m.[38;2;16;44;51m.[0m
[0m[38;2;37;59;66m.[38;2;73;150;158ml[38;2;17;43;38m.[38;2;5;14;20m [38;2;3;32;43m [38;2;73;140;145mc[38;2;33;75;80m.[38;2;24;41;44m.[38;2;77;157;164mo[38;2;63;137;134mc[38;2;58;134;129mc[38;2;55;137;129mc[38;2;69;143;145mc[38;2;15;42;47m.[38;2;6;36;49m [38;2;7;40;46m.[38;2;0;18;32m [38;2;6;46;54m.[38;2;9;41;51m.[38;2;8;33;44m [38;2;19;44;77m.[38;2;25;49;86m.[38;2;49;97;167m;[38;2;49;90;181m;[38;2;38;87;203m,[38;2;36;119;251m:[38;2;24;199;255md[38;2;101;228;255m0[38;2;121;244;255mK[38;2;125;249;255mK[38;2;158;253;255mX[38;2;194;255;255mN[38;2;198;255;255mW[38;2;242;255;255mM[38;2;16;252;255mO[38;2;91;158;255md[38;2;11;61;225m'[38;2;3;54;142m.[38;2;50;83;169m,[38;2;58;100;163m;[38;2;0;8;15m [38;2;37;81;95m'[38;2;47;88;112m,[38;2;52;102;112m;[38;2;1;8;14m [38;2;55;89;171m;[38;2;112;130;129ml[38;2;4;22;27m [38;2;62;113;113m;[38;2;13;41;50m.[38;2;40;65;74m.[38;2;0;6;17m [38;2;161;179;216mk[38;2;13;29;33m [38;2;4;34;38m [38;2;5;26;25m [38;2;29;48;61m.[38;2;83;112;127m:[38;2;73;94;114m;[38;2;35;72;87m.[38;2;20;38;33m.[38;2;5;26;27m [38;2;57;85;121m,[38;2;31;61;80m.[38;2;0;3;5m [38;2;56;85;89m,[38;2;37;53;77m.[38;2;2;3;2m [38;2;10;29;32m [38;2;8;50;63m.[38;2;4;31;46m [38;2;16;30;28m [38;2;2;33;42m [38;2;8;47;55m.[38;2;0;0;0m [38;2;70;120;131m:[38;2;12;43;47m.[38;2;9;44;49m.[38;2;22;36;43m.[38;2;12;38;47m.[0m
[0m[38;2;78;136;124mc[38;2;23;66;74m.[38;2;2;18;15m [38;2;5;17;24m [38;2;4;31;45m [38;2;76;135;148mc[38;2;38;80;80m'[38;2;22;37;43m.[38;2;70;148;149ml[38;2;57;128;129m:[38;2;56;128;124m:[38;2;58;126;125m:[38;2;64;131;132mc[38;2;60;123;128m:[38;2;12;40;48m.[38;2;7;39;43m.[38;2;0;20;30m [38;2;8;43;53m.[38;2;7;44;54m.[38;2;6;42;55m.[38;2;7;43;61m.[38;2;4;32;64m [38;2;50;101;133m;[38;2;78;146;189ml[38;2;31;80;189m,[38;2;8;89;254m,[38;2;0;234;255mx[38;2;210;255;255mW[38;2;160;255;255mN[38;2;167;255;255mN[38;2;170;255;255mN[38;2;178;255;255mN[38;2;190;255;255mN[38;2;228;255;255mW[38;2;28;246;255mO[38;2;95;156;251md[38;2;8;40;190m.[38;2;5;42;127m.[38;2;50;80;159m,[38;2;66;107;177m:[38;2;7;21;24m [38;2;23;52;70m.[38;2;41;77;90m'[38;2;27;52;59m.[38;2;8;21;20m [38;2;61;101;162m;[38;2;128;129;129ml[38;2;18;39;36m.[38;2;21;54;53m.[38;2;31;58;69m.[38;2;53;87;91m,[38;2;0;2;5m [38;2;155;171;198mk[38;2;27;46;53m.[38;2;8;40;48m.[38;2;9;45;59m.[38;2;13;26;36m [38;2;82;107;132m:[38;2;103;135;163ml[38;2;3;20;24m [38;2;10;24;31m [38;2;15;33;32m [38;2;98;127;149mc[38;2;2;7;8m [38;2;0;1;0m [38;2;103;135;135ml[38;2;13;18;29m [38;2;0;0;2m [38;2;9;30;31m [38;2;7;52;62m.[38;2;7;30;41m [38;2;18;29;26m [38;2;7;35;40m [38;2;9;46;53m.[38;2;16;27;22m [38;2;49;97;102m,[38;2;7;38;46m.[38;2;10;46;53m.[38;2;18;34;46m.[38;2;14;40;46m.[0m
[0m[38;2;35;71;64m.[38;2;6;38;55m.[38;2;4;23;19m [38;2;5;15;19m [38;2;4;31;45m [38;2;70;137;153mc[38;2;30;68;54m.[38;2;23;33;48m.[38;2;68;150;151ml[38;2;57;132;134m:[38;2;55;128;127m:[38;2;57;129;125m:[38;2;59;136;132mc[38;2;57;118;120m:[38;2;51;103;108m;[38;2;10;41;43m.[38;2;1;22;29m [38;2;8;41;56m.[38;2;6;44;57m.[38;2;7;40;48m.[38;2;8;36;53m.[38;2;6;37;59m.[38;2;7;25;52m [38;2;43;79;123m'[38;2;54;115;167m:[38;2;20;82;238m,[38;2;11;163;255ml[38;2;93;206;255mk[38;2;86;234;255m0[38;2;88;230;255mO[38;2;78;225;255mO[38;2;57;218;255mk[38;2;54;203;255mx[38;2;38;178;255mo[38;2;58;189;255mx[38;2;118;148;214md[38;2;7;13;102m [38;2;52;110;162m:[38;2;54;92;163m;[38;2;63;99;177m;[38;2;7;15;20m [38;2;27;59;76m.[38;2;12;49;64m.[38;2;7;44;60m.[38;2;2;17;20m [38;2;70;120;182mc[38;2;128;130;129ml[38;2;5;27;41m [38;2;9;48;59m.[38;2;6;47;60m.[38;2;17;56;55m.[38;2;0;5;2m [38;2;131;160;185md[38;2;59;82;94m,[38;2;2;24;25m [38;2;5;23;31m [38;2;0;5;9m [38;2;89;127;165mc[38;2;89;129;163mc[38;2;12;16;14m [38;2;9;12;12m [38;2;73;110;118m:[38;2;28;34;45m.[38;2;3;0;0m [38;2;6;13;22m [38;2;121;155;172md[38;2;0;0;0m [38;2;0;3;0m [38;2;11;30;28m [38;2;4;48;58m.[38;2;9;27;28m [38;2;12;25;31m [38;2;3;39;46m.[38;2;10;43;44m.[38;2;12;25;23m [38;2;9;37;46m.[38;2;11;34;44m [38;2;10;39;45m.[38;2;20;35;48m.[38;2;5;32;39m [0m
[0m[38;2;19;45;46m.[38;2;2;45;55m.[38;2;2;28;21m [38;2;5;13;17m [38;2;7;31;36m [38;2;68;132;146mc[38;2;25;63;58m.[38;2;18;27;40m [38;2;51;111;110m;[38;2;42;90;87m,[38;2;43;86;86m'[38;2;41;90;85m'[38;2;47;90;89m,[38;2;54;100;100m,[38;2;40;73;76m.[38;2;37;69;74m.[38;2;36;66;60m.[38;2;1;11;16m [38;2;10;35;49m.[38;2;5;32;39m [38;2;8;34;51m [38;2;9;39;52m.[38;2;19;49;67m.[38;2;20;51;87m.[38;2;21;54;103m.[38;2;18;67;149m.[38;2;40;98;199m;[38;2;12;52;184m.[38;2;8;93;224m,[38;2;11;88;228m,[38;2;3;86;225m,[38;2;5;80;217m'[38;2;7;71;209m'[38;2;3;35;174m.[38;2;102;158;241md[38;2;115;128;151ml[38;2;0;0;31m [38;2;66;126;149mc[38;2;66;112;199m:[38;2;53;91;152m,[38;2;3;19;28m [38;2;15;51;71m.[38;2;6;47;61m.[38;2;8;45;50m.[38;2;2;17;23m [38;2;95;136;190ml[38;2;117;128;128ml[38;2;4;15;24m [38;2;4;17;21m [38;2;2;12;18m [38;2;35;29;16m.[38;2;60;54;31m.[38;2;148;153;126md[38;2;164;154;91md[38;2;153;150;57mo[38;2;138;120;60mc[38;2;102;96;45m;[38;2;108;138;122ml[38;2;66;92;99m,[38;2;68;82;84m,[38;2;53;53;53m.[38;2;96;147;181mo[38;2;24;27;27m [38;2;6;16;22m [38;2;98;125;145mc[38;2;28;39;41m.[38;2;0;2;0m [38;2;0;3;0m [38;2;13;32;32m [38;2;6;46;51m.[38;2;8;29;33m [38;2;5;27;28m [38;2;7;32;39m [38;2;5;31;26m [38;2;8;18;16m [38;2;10;41;47m.[38;2;12;33;49m [38;2;8;26;38m [38;2;17;36;43m.[38;2;40;76;83m'[0m
[0m[38;2;15;36;40m.[38;2;3;40;43m.[38;2;2;31;28m [38;2;5;30;38m [38;2;3;28;36m [38;2;64;121;151m:[38;2;36;83;71m'[38;2;1;3;7m [38;2;7;28;32m [38;2;5;32;35m [38;2;9;41;52m.[38;2;20;51;56m.[38;2;20;55;63m.[38;2;23;65;65m.[38;2;24;58;71m.[38;2;38;75;93m'[38;2;81;163;152mo[38;2;1;4;8m [38;2;10;44;57m.[38;2;6;42;51m.[38;2;7;42;57m.[38;2;6;42;57m.[38;2;6;42;62m.[38;2;9;42;68m.[38;2;8;43;78m.[38;2;8;46;92m.[38;2;15;50;102m.[38;2;18;37;85m.[38;2;16;51;121m.[38;2;5;53;128m.[38;2;9;53;123m.[38;2;10;48;121m.[38;2;9;49;112m.[38;2;3;24;78m [38;2;112;145;200mo[38;2;113;129;131ml[38;2;1;3;10m [38;2;42;73;84m'[38;2;88;144;232mo[38;2;40;62;94m.[38;2;3;16;17m [38;2;5;19;20m [38;2;0;12;14m [38;2;0;5;6m [38;2;0;0;9m [38;2;115;128;148ml[38;2;164;168;103mx[38;2;160;153;69md[38;2;203;182;84mk[38;2;204;203;97m0[38;2;238;215;94mK[38;2;243;218;86mK[38;2;227;191;64mO[38;2;232;200;82m0[38;2;255;237;84mX[38;2;255;229;79mX[38;2;255;228;86mX[38;2;255;235;85mX[38;2;225;204;84m0[38;2;185;162;67mx[38;2;152;138;51ml[38;2;156;146;89mo[38;2;150;127;43ml[38;2;194;180;89mk[38;2;214;177;73mk[38;2;204;181;64mk[38;2;173;160;71md[38;2;81;77;40m'[38;2;6;14;23m [38;2;11;34;49m.[38;2;3;24;37m [38;2;7;19;19m [38;2;14;19;22m [38;2;6;21;24m [38;2;10;30;27m [38;2;12;35;42m [38;2;43;80;84m'[38;2;57;92;102m,[38;2;59;111;122m;[38;2;48;86;104m,[0m
[0m[38;2;23;43;49m.[38;2;2;44;49m.[38;2;3;42;49m.[38;2;5;41;49m.[38;2;3;28;33m [38;2;58;108;144m;[38;2;42;90;84m'[38;2;0;10;18m [38;2;2;44;46m.[38;2;1;42;45m.[38;2;2;41;47m.[38;2;2;41;46m.[38;2;2;41;47m.[38;2;2;43;46m.[38;2;3;42;44m.[38;2;2;35;41m [38;2;49;96;109m,[38;2;0;11;10m [38;2;6;43;50m.[38;2;7;42;51m.[38;2;5;43;49m.[38;2;5;43;48m.[38;2;8;41;51m.[38;2;8;42;56m.[38;2;6;43;61m.[38;2;5;45;68m.[38;2;6;46;65m.[38;2;39;57;73m.[38;2;14;45;71m.[38;2;7;35;58m.[38;2;7;28;48m [38;2;7;23;43m [38;2;3;18;33m [38;2;0;6;14m [38;2;95;139;187ml[38;2;127;131;133ml[38;2;2;11;15m [38;2;22;39;74m.[38;2;102;167;248mx[38;2;11;20;32m [38;2;25;53;66m.[38;2;3;15;22m [38;2;21;18;21m [38;2;83;70;47m'[38;2;163;147;78mo[38;2;249;224;122mX[38;2;233;196;65m0[38;2;184;144;46mo[38;2;213;160;61mx[38;2;206;143;45md[38;2;193;122;27ml[38;2;174;108;26mc[38;2;160;90;18m:[38;2;107;63;22m'[38;2;214;147;41md[38;2;237;186;61mO[38;2;236;187;63mO[38;2;242;204;75m0[38;2;230;190;69mO[38;2;241;201;68m0[38;2;255;226;79mX[38;2;255;223;76mX[38;2;255;221;74mX[38;2;255;225;84mX[38;2;249;197;63m0[38;2;253;212;70mK[38;2;255;223;80mX[38;2;255;233;94mX[38;2;198;168;62mx[38;2;209;179;72mk[38;2;172;156;73md[38;2;80;81;46m,[38;2;51;44;29m.[38;2;8;30;39m [38;2;28;58;67m.[38;2;37;77;84m'[38;2;36;71;78m.[38;2;13;41;55m.[38;2;7;36;42m [38;2;12;35;43m [0m
[0m[38;2;20;43;49m.[38;2;3;41;52m.[38;2;2;40;49m.[38;2;2;39;50m.[38;2;1;25;27m [38;2;55;100;138m;[38;2;51;106;100m;[38;2;0;3;10m [38;2;4;40;47m.[38;2;2;41;47m.[38;2;3;41;44m.[38;2;1;41;45m.[38;2;3;41;45m.[38;2;0;42;45m.[38;2;3;41;45m.[38;2;1;40;50m.[38;2;6;36;46m [38;2;1;16;24m [38;2;5;47;63m.[38;2;5;41;54m.[38;2;2;40;47m.[38;2;3;35;38m [38;2;4;32;35m [38;2;6;24;28m [38;2;6;22;26m [38;2;2;18;21m [38;2;2;14;17m [38;2;8;19;21m [38;2;6;21;29m [38;2;0;4;3m [38;2;25;34;33m.[38;2;8;22;30m [38;2;47;54;59m.[38;2;50;51;51m.[38;2;107;133;173ml[38;2;145;150;155md[38;2;51;58;66m.[38;2;51;74;110m'[38;2;110;146;194mo[38;2;60;65;77m'[38;2;63;85;114m,[38;2;53;61;82m.[38;2;127;122;119ml[38;2;189;149;64md[38;2;170;135;78mo[38;2;150;96;33m:[38;2;127;82;33m;[38;2;80;53;29m.[38;2;117;84;42m;[38;2;176;117;39ml[38;2;173;117;43ml[38;2;107;67;24m'[38;2;84;86;74m,[38;2;71;70;57m'[38;2;56;40;32m.[38;2;179;119;36ml[38;2;169;94;18m:[38;2;146;79;15m;[38;2;168;80;10m;[38;2;248;228;96mX[38;2;255;221;81mX[38;2;255;219;77mK[38;2;255;218;77mK[38;2;255;217;76mK[38;2;255;217;72mK[38;2;255;218;73mK[38;2;255;216;74mK[38;2;255;216;76mK[38;2;255;217;78mK[38;2;252;205;72mK[38;2;251;210;74mK[38;2;255;234;92mX[38;2;255;222;78mX[38;2;179;168;83mx[38;2;24;22;26m [38;2;6;40;48m.[38;2;11;42;50m.[38;2;9;43;53m.[38;2;11;43;55m.[38;2;10;34;42m [0m
[0m[38;2;16;43;53m.[38;2;3;41;49m.[38;2;2;39;51m.[38;2;1;38;48m [38;2;0;23;32m [38;2;55;102;146m;[38;2;53;116;105m;[38;2;0;11;13m [38;2;4;41;49m.[38;2;2;41;49m.[38;2;2;43;52m.[38;2;2;43;49m.[38;2;5;38;42m [38;2;1;36;38m [38;2;2;32;35m [38;2;0;23;27m [38;2;3;26;28m [38;2;1;10;11m [38;2;2;16;16m [38;2;0;11;12m [38;2;1;11;10m [38;2;5;15;12m [38;2;2;8;4m [38;2;0;3;0m [38;2;0;6;0m [38;2;0;2;1m [38;2;1;9;8m [38;2;18;50;67m.[38;2;10;50;71m.[38;2;0;7;9m [38;2;57;76;81m'[38;2;21;28;33m [38;2;108;126;123mc[38;2;111;126;125mc[38;2;115;130;159ml[38;2;150;174;187mk[38;2;117;127;141ml[38;2;56;71;150m,[38;2;137;170;240mk[38;2;129;184;244mk[38;2;122;183;254mk[38;2;135;189;253mO[38;2;124;170;242mx[38;2;45;84;165m,[38;2;26;50;99m.[38;2;36;64;98m.[38;2;33;45;75m.[38;2;34;52;75m.[38;2;43;65;79m.[38;2;102;127;126mc[38;2;102;110;120m:[38;2;26;30;45m.[38;2;83;121;140mc[38;2;23;37;54m.[38;2;201;165;93mx[38;2;198;114;14ml[38;2;223;140;28md[38;2;109;68;20m'[38;2;211;120;22mo[38;2;255;243;100mN[38;2;255;219;77mK[38;2;255;215;75mK[38;2;255;216;76mK[38;2;255;216;73mK[38;2;255;216;72mK[38;2;255;214;75mK[38;2;255;214;73mK[38;2;255;214;76mK[38;2;255;214;76mK[38;2;255;219;81mK[38;2;242;186;58mO[38;2;237;186;62mO[38;2;255;216;74mK[38;2;255;237;98mN[38;2;162;126;59ml[38;2;1;15;23m [38;2;11;35;41m [38;2;11;36;48m.[38;2;14;38;43m.[38;2;6;24;40m [0m
[0m[38;2;21;45;53m.[38;2;5;41;50m.[38;2;2;36;48m [38;2;2;38;50m [38;2;2;25;35m [38;2;46;86;131m,[38;2;51;122;117m:[38;2;0;12;13m [38;2;2;24;29m [38;2;2;18;17m [38;2;1;17;18m [38;2;1;12;9m [38;2;0;7;4m [38;2;0;6;0m [38;2;0;2;1m [38;2;0;3;0m [38;2;1;21;30m [38;2;4;25;34m [38;2;10;32;50m [38;2;5;36;44m [38;2;8;42;56m.[38;2;12;52;62m.[38;2;2;12;15m [38;2;0;4;8m [38;2;0;5;13m [38;2;0;6;6m [38;2;1;11;27m [38;2;8;48;70m.[38;2;7;43;68m.[38;2;6;32;45m [38;2;7;25;34m [38;2;13;37;53m.[38;2;2;19;35m [38;2;0;0;3m [38;2;25;35;83m.[38;2;218;245;255mW[38;2;65;102;178m:[38;2;40;125;241mc[38;2;100;206;252mO[38;2;100;225;255mO[38;2;76;228;255mO[38;2;72;226;255mO[38;2;40;192;255md[38;2;161;179;245mO[38;2;203;189;167mO[38;2;186;151;87md[38;2;146;121;96ml[38;2;89;92;75m;[38;2;32;35;59m.[38;2;40;90;115m,[38;2;70;119;124m:[38;2;62;78;108m,[38;2;96;125;159mc[38;2;6;10;17m [38;2;203;151;59md[38;2;193;110;21ml[38;2;184;117;28ml[38;2;36;19;13m [38;2;195;124;36mo[38;2;255;241;89mN[38;2;255;215;69mK[38;2;255;215;70mK[38;2;255;214;70mK[38;2;255;214;71mK[38;2;255;213;72mK[38;2;255;213;72mK[38;2;255;213;72mK[38;2;255;213;71mK[38;2;255;213;73mK[38;2;255;213;75mK[38;2;255;219;81mK[38;2;232;180;57mO[38;2;218;164;62mk[38;2;254;225;98mX[38;2;254;235;97mX[38;2;60;40;21m.[38;2;7;14;20m [38;2;10;35;43m [38;2;25;33;42m.[38;2;20;32;35m [0m
[0m[38;2;12;30;29m [38;2;4;23;26m [38;2;11;20;20m [38;2;3;14;24m [38;2;8;32;51m [38;2;45;77;121m'[38;2;66;131;138mc[38;2;0;10;2m [38;2;0;7;5m [38;2;11;19;19m [38;2;6;17;17m [38;2;15;25;27m [38;2;0;8;0m [38;2;3;10;0m [38;2;0;8;5m [38;2;1;4;1m [38;2;9;28;33m [38;2;8;40;52m.[38;2;10;46;62m.[38;2;11;42;60m.[38;2;11;44;68m.[38;2;14;46;79m.[38;2;1;17;36m [38;2;0;5;48m [38;2;3;18;62m [38;2;0;17;57m [38;2;0;10;77m [38;2;11;43;103m.[38;2;16;33;75m.[38;2;13;32;56m [38;2;12;39;48m.[38;2;9;33;39m [38;2;30;51;59m.[38;2;50;81;82m'[38;2;18;35;73m.[38;2;187;214;253mK[38;2;109;170;250mx[38;2;85;175;255mx[38;2;98;241;255m0[38;2;119;255;255mK[38;2;68;255;255m0[38;2;96;255;255mK[38;2;43;234;255mk[38;2;135;170;252mk[38;2;190;184;220mO[38;2;232;200;132m0[38;2;245;212;123mK[38;2;255;247;128mN[38;2;142;114;76mc[38;2;14;44;65m.[38;2;26;55;56m.[38;2;6;7;12m [38;2;117;148;185mo[38;2;40;54;100m.[38;2;180;136;62mo[38;2;210;125;24mo[38;2;157;100;22m:[38;2;48;28;16m.[38;2;202;180;88mk[38;2;255;227;73mX[38;2;255;215;75mK[38;2;255;214;72mK[38;2;255;217;72mK[38;2;255;214;69mK[38;2;255;214;76mK[38;2;255;214;78mK[38;2;255;215;79mK[38;2;255;214;74mK[38;2;255;213;79mK[38;2;255;214;82mK[38;2;255;212;82mK[38;2;255;224;76mX[38;2;211;159;70mx[38;2;226;175;69mk[38;2;255;232;86mX[38;2;220;198;100m0[38;2;13;4;0m [38;2;3;12;9m [38;2;8;13;15m [38;2;4;11;0m [0m
