[0m[38;2;18;48;39m.[38;2;8;43;54m.[38;2;11;40;32m.[38;2;1;14;3m [38;2;4;36;47m [38;2;2;25;39m [38;2;78;142;138ml[38;2;16;35;34m.[38;2;4;4;0m [38;2;0;12;0m [38;2;4;10;6m [38;2;7;17;14m [38;2;7;23;20m [38;2;2;13;20m [38;2;108;159;186md[38;2;105;116;130mc[38;2;0;9;7m [38;2;14;41;48m.[38;2;9;48;66m.[38;2;10;44;62m.[38;2;8;45;63m.[38;2;8;45;63m.[38;2;10;46;72m.[38;2;11;44;75m.[38;2;4;44;80m.[38;2;6;36;66m.[38;2;73;157;185mo[38;2;15;29;36m [38;2;37;72;105m'[38;2;46;98;144m;[38;2;44;86;116m,[38;2;20;55;92m.[38;2;8;44;76m.[38;2;14;44;83m.[38;2;7;36;77m.[38;2;58;112;152m:[38;2;40;57;71m.[38;2;71;161;181mo[38;2;47;100;143m;[38;2;13;33;74m.[38;2;2;38;60m.[38;2;27;47;120m.[38;2;133;156;175md[38;2;11;33;65m.[38;2;3;17;45m [38;2;14;36;99m.[38;2;181;238;255mX[38;2;43;85;112m'[38;2;51;97;136m;[38;2;34;66;95m.[38;2;10;24;39m [38;2;15;35;85m.[38;2;8;31;48m [38;2;10;40;64m.[38;2;5;43;84m.[38;2;7;36;62m.[38;2;15;43;78m.[38;2;2;13;27m [38;2;59;90;161m;[38;2;8;37;62m.[38;2;4;25;56m [38;2;9;35;68m.[38;2;11;34;64m.[38;2;10;45;88m.[38;2;9;38;70m.[38;2;13;44;72m.[38;2;2;32;48m [38;2;10;46;57m.[38;2;7;46;51m.[38;2;11;49;59m.[38;2;9;28;38m [38;2;13;42;53m.[38;2;17;37;38m.[38;2;1;7;4m [38;2;4;29;29m [38;2;12;38;40m.[38;2;8;39;42m.[38;2;9;37;29m [38;2;17;39;39m.[38;2;6;47;40m.[0m
[0m[38;2;19;45;42m.[38;2;12;42;44m.[38;2;3;29;31m [38;2;0;12;12m [38;2;3;32;39m [38;2;1;24;33m [38;2;76;142;142ml[38;2;11;24;22m [38;2;0;6;4m [38;2;2;8;1m [38;2;0;4;0m [38;2;0;2;0m [38;2;1;3;0m [38;2;19;36;55m.[38;2;187;218;241mK[38;2;16;14;20m [38;2;2;10;17m [38;2;3;16;15m [38;2;4;22;32m [38;2;6;25;41m [38;2;6;28;55m [38;2;5;37;65m.[38;2;7;42;73m.[38;2;7;44;82m.[38;2;9;45;94m.[38;2;6;40;81m.[38;2;35;82;137m'[38;2;21;35;50m.[38;2;9;41;100m.[38;2;7;42;99m.[38;2;11;41;99m.[38;2;20;52;102m.[38;2;18;50;98m.[38;2;21;53;110m.[38;2;22;53;106m.[38;2;40;79;130m'[38;2;32;54;84m.[38;2;65;142;180ml[38;2;75;143;183ml[38;2;19;39;88m.[38;2;0;25;43m [38;2;32;53;141m.[38;2;122;151;168mo[38;2;7;33;62m [38;2;7;18;50m [38;2;12;39;114m.[38;2;173;230;255mX[38;2;6;12;35m [38;2;63;129;166mc[38;2;74;154;184mo[38;2;35;73;112m'[38;2;32;71;115m'[38;2;4;27;63m [38;2;34;72;101m'[38;2;8;36;64m.[38;2;7;21;53m [38;2;13;36;67m.[38;2;2;16;37m [38;2;81;123;210mc[38;2;9;28;61m [38;2;9;21;63m [38;2;7;32;76m.[38;2;53;71;102m'[38;2;49;63;69m.[38;2;55;75;99m'[38;2;50;66;84m.[38;2;47;62;70m.[38;2;32;54;68m.[38;2;15;41;57m.[38;2;8;42;53m.[38;2;1;20;27m [38;2;15;41;46m.[38;2;13;29;32m [38;2;0;7;3m [38;2;2;29;34m [38;2;7;28;37m [38;2;6;31;36m [38;2;5;26;29m [38;2;10;40;42m.[38;2;5;40;41m.[0m
[0m[38;2;22;46;47m.[38;2;11;42;49m.[38;2;8;31;39m [38;2;1;10;11m [38;2;4;38;41m [38;2;2;25;35m [38;2;82;136;132mc[38;2;2;14;24m [38;2;3;24;25m [38;2;4;24;26m [38;2;2;16;28m [38;2;4;27;36m [38;2;1;1;5m [38;2;134;168;200mx[38;2;99;111;126m:[38;2;4;23;38m [38;2;2;29;65m [38;2;0;3;19m [38;2;3;4;23m [38;2;5;6;29m [38;2;2;5;31m [38;2;2;5;30m [38;2;1;9;42m [38;2;3;16;54m [38;2;3;25;67m [38;2;2;28;83m [38;2;10;38;97m.[38;2;7;19;63m [38;2;14;47;121m.[38;2;11;46;117m.[38;2;15;49;124m.[38;2;16;51;121m.[38;2;21;47;118m.[38;2;13;48;112m.[38;2;8;37;107m.[38;2;64;120;170m:[38;2;30;55;99m.[38;2;26;50;101m.[38;2;44;88;136m,[38;2;37;73;133m'[38;2;13;27;62m [38;2;45;66;153m'[38;2;100;128;146mc[38;2;6;32;65m [38;2;6;14;47m [38;2;5;29;101m.[38;2;185;243;255mN[38;2;0;7;43m [38;2;23;46;95m.[38;2;73;161;186mo[38;2;33;65;90m.[38;2;67;123;168mc[38;2;4;23;68m [38;2;43;87;134m,[38;2;79;151;194mo[38;2;21;41;66m.[38;2;26;43;75m.[38;2;22;49;93m.[38;2;104;151;223md[38;2;6;26;81m [38;2;13;26;134m.[38;2;2;32;124m.[38;2;65;87;190m;[38;2;63;91;160m;[38;2;71;95;139m;[38;2;62;80;120m,[38;2;70;89;110m,[38;2;44;68;101m'[38;2;74;93;124m;[38;2;53;75;101m'[38;2;2;23;29m [38;2;9;21;23m [38;2;5;12;15m [38;2;4;30;41m [38;2;7;48;56m.[38;2;6;27;32m [38;2;17;41;42m.[38;2;14;28;26m [38;2;7;39;51m.[38;2;4;36;43m [0m
[0m[38;2;19;48;51m.[38;2;9;43;56m.[38;2;7;36;35m [38;2;5;14;16m [38;2;6;40;45m.[38;2;5;24;34m [38;2;75;140;149mc[38;2;10;26;40m [38;2;0;5;5m [38;2;11;35;46m.[38;2;1;11;24m [38;2;7;28;38m [38;2;70;94;124m;[38;2;198;217;231mK[38;2;3;13;46m [38;2;5;42;91m.[38;2;8;29;85m.[38;2;8;37;96m.[38;2;12;41;106m.[38;2;5;23;96m [38;2;8;17;72m [38;2;35;52;94m.[38;2;34;47;96m.[38;2;34;43;90m.[38;2;32;50;96m.[38;2;33;45;105m.[38;2;34;49;89m.[38;2;36;36;99m.[38;2;23;32;97m.[38;2;29;43;106m.[38;2;20;37;95m.[38;2;9;25;99m [38;2;15;28;109m.[38;2;14;35;126m.[38;2;17;41;129m.[38;2;23;64;133m.[38;2;24;41;89m.[38;2;22;48;129m.[38;2;19;50;116m.[38;2;13;49;105m.[38;2;0;11;48m [38;2;69;105;193m:[38;2;82;121;141mc[38;2;39;72;118m'[38;2;45;77;103m'[38;2;8;18;77m [38;2;205;253;255mW[38;2;4;17;44m [38;2;5;23;79m [38;2;51;102;140m;[38;2;40;72;98m'[38;2;39;75;124m'[38;2;38;73;124m'[38;2;7;24;86m [38;2;78;143;187ml[38;2;18;45;63m.[38;2;17;30;83m.[38;2;54;120;197m:[38;2;98;144;208mo[38;2;12;32;190m.[38;2;39;129;245mc[38;2;69;184;255mx[38;2;44;153;250ml[38;2;10;115;241m;[38;2;6;70;230m'[38;2;12;45;154m.[38;2;8;41;97m.[38;2;10;37;84m.[38;2;7;29;57m [38;2;85;107;149m:[38;2;26;33;47m.[38;2;11;19;21m [38;2;6;38;53m.[38;2;7;47;64m.[38;2;6;37;45m [38;2;1;1;3m [38;2;43;61;62m.[38;2;28;55;58m.[38;2;11;38;48m.[38;2;2;34;43m [0m
[0m[38;2;21;42;50m.[38;2;10;44;55m.[38;2;7;29;28m [38;2;3;14;20m [38;2;8;41;53m.[38;2;5;23;40m [38;2;72;136;158mc[38;2;13;33;46m [38;2;7;27;57m [38;2;5;12;31m [38;2;6;20;36m [38;2;17;28;81m.[38;2;204;233;251mN[38;2;53;59;93m.[38;2;9;32;91m.[38;2;14;45;124m.[38;2;7;31;115m.[38;2;8;53;170m.[38;2;21;65;185m'[38;2;4;24;141m.[38;2;54;90;181m;[38;2;137;199;248mO[38;2;136;182;233mk[38;2;133;174;234mk[38;2;128;180;235mk[38;2;126;181;236mk[38;2;122;158;230md[38;2;144;149;233mx[38;2;91;119;210mc[38;2;105;151;228md[38;2;101;128;194ml[38;2;107;132;175ml[38;2;63;74;146m,[38;2;87;95;139m;[38;2;22;29;98m.[38;2;3;15;76m [38;2;1;13;68m [38;2;9;28;103m.[38;2;11;30;94m.[38;2;8;31;83m.[38;2;2;16;83m [38;2;99;148;231mo[38;2;49;77;126m'[38;2;13;33;96m.[38;2;56;113;152m:[38;2;8;15;70m [38;2;214;250;255mW[38;2;12;29;56m [38;2;26;53;113m.[38;2;28;59;103m.[38;2;42;78;111m'[38;2;13;30;81m.[38;2;60;106;155m;[38;2;5;31;85m.[38;2;28;68;120m.[38;2;27;52;93m.[38;2;13;37;103m.[38;2;11;59;151m.[38;2;99;155;234md[38;2;13;83;247m,[38;2;54;180;255md[38;2;123;255;255mX[38;2;97;255;255mK[38;2;129;255;255mX[38;2;5;164;255ml[38;2;6;62;232m'[38;2;12;40;138m.[38;2;5;36;87m.[38;2;12;38;66m.[38;2;34;40;79m.[38;2;73;87;120m,[38;2;9;42;54m.[38;2;8;44;61m.[38;2;9;37;43m.[38;2;29;39;41m.[38;2;32;50;52m.[38;2;21;52;55m.[38;2;9;40;54m.[38;2;9;42;54m.[38;2;7;34;41m [0m
[0m[38;2;23;43;45m.[38;2;9;43;53m.[38;2;11;26;28m [38;2;6;16;25m [38;2;6;41;56m.[38;2;4;27;44m [38;2;80;138;174ml[38;2;5;18;22m [38;2;30;62;96m.[38;2;33;60;87m.[38;2;19;29;64m.[38;2;113;144;208mo[38;2;122;137;167mo[38;2;18;40;103m.[38;2;26;60;142m.[38;2;27;72;198m'[38;2;6;72;223m'[38;2;14;135;247mc[38;2;7;132;250m:[38;2;1;117;242m;[38;2;3;99;238m,[38;2;12;121;248m:[38;2;10;101;238m;[38;2;7;77;236m'[38;2;6;71;233m'[38;2;6;72;228m'[38;2;6;60;224m.[38;2;12;78;231m,[38;2;5;60;210m.[38;2;9;52;206m.[38;2;8;65;215m'[38;2;15;69;209m'[38;2;27;73;212m'[38;2;106;124;213ml[38;2;164;203;242m0[38;2;90;97;158m:[38;2;0;15;110m [38;2;0;19;106m [38;2;0;16;89m [38;2;0;5;49m [38;2;14;37;118m.[38;2;125;183;254mk[38;2;10;15;50m [38;2;4;9;45m [38;2;14;32;69m.[38;2;18;31;105m.[38;2;209;250;255mW[38;2;1;12;36m [38;2;12;41;97m.[38;2;8;39;102m.[38;2;46;86;148m,[38;2;11;27;62m [38;2;26;58;120m.[38;2;17;57;108m.[38;2;23;54;117m.[38;2;28;49;104m.[38;2;15;37;106m.[38;2;16;43;144m.[38;2;99;143;227mo[38;2;16;98;253m;[38;2;76;194;255mx[38;2;117;255;255mK[38;2;74;255;255m0[38;2;125;255;255mX[38;2;9;186;255mo[38;2;2;68;251m'[38;2;9;42;160m.[38;2;12;48;117m.[38;2;5;23;50m [38;2;30;49;108m.[38;2;64;86;124m,[38;2;8;42;53m.[38;2;12;35;48m.[38;2;33;45;46m.[38;2;35;52;62m.[38;2;5;38;49m.[38;2;8;42;54m.[38;2;5;42;49m.[38;2;6;42;47m.[38;2;7;35;43m [0m
[0m[38;2;23;45;47m.[38;2;10;46;53m.[38;2;7;19;24m [38;2;3;21;23m [38;2;7;38;62m.[38;2;2;23;46m [38;2;87;137;169ml[38;2;1;11;13m [38;2;9;38;75m.[38;2;9;33;60m.[38;2;20;41;124m.[38;2;169;197;227m0[38;2;6;17;57m [38;2;51;106;195m:[38;2;58;130;226mc[38;2;70;150;251mo[38;2;3;183;255mo[38;2;148;255;255mX[38;2;111;248;255mK[38;2;93;243;255m0[38;2;96;242;255m0[38;2;82;234;255mO[38;2;77;225;255mO[38;2;70;219;255mk[38;2;47;203;255mx[38;2;25;190;255md[38;2;7;167;255ml[38;2;3;174;255ml[38;2;5;159;255ml[38;2;4;131;254m:[38;2;10;132;255m:[38;2;2;120;252m:[38;2;4;110;252m;[38;2;2;51;220m.[38;2;20;82;241m,[38;2;186;228;255mX[38;2;47;77;213m,[38;2;8;67;208m'[38;2;13;28;145m.[38;2;7;18;107m [38;2;24;55;163m.[38;2;138;207;255m0[38;2;0;6;41m [38;2;17;46;120m.[38;2;8;18;69m [38;2;12;49;156m.[38;2;197;235;255mN[38;2;0;0;9m [38;2;2;11;48m [38;2;2;17;63m [38;2;5;19;64m [38;2;4;17;58m [38;2;6;35;86m.[38;2;8;34;84m.[38;2;6;38;95m.[38;2;14;49;107m.[38;2;5;24;78m [38;2;30;67;148m'[38;2;62;113;210m:[38;2;19;85;241m,[38;2;50;180;255md[38;2;89;235;255m0[38;2;92;255;255mK[38;2;130;255;255mX[38;2;7;172;255ml[38;2;1;43;229m.[38;2;3;16;117m [38;2;5;28;87m [38;2;3;26;48m [38;2;27;56;112m.[38;2;71;92;121m;[38;2;4;13;14m [38;2;27;42;58m.[38;2;13;33;43m [38;2;10;36;51m.[38;2;6;38;43m [38;2;7;44;51m.[38;2;4;38;44m [38;2;3;39;44m.[38;2;11;41;51m.[0m
[0m[38;2;19;45;49m.[38;2;10;46;59m.[38;2;7;20;32m [38;2;3;21;25m [38;2;8;42;56m.[38;2;2;31;43m [38;2;84;131;173ml[38;2;1;7;20m [38;2;11;43;74m.[38;2;4;21;57m [38;2;87;133;203ml[38;2;81;92;132m;[38;2;2;34;103m.[38;2;17;65;175m.[38;2;70;157;249mo[38;2;59;176;255md[38;2;0;204;255md[38;2;168;255;255mN[38;2;115;255;255mK[38;2;126;255;255mX[38;2;120;255;255mX[38;2;127;255;255mX[38;2;143;255;255mX[38;2;169;255;255mN[38;2;187;255;255mN[38;2;163;255;255mN[38;2;101;255;255mK[38;2;122;249;255mK[38;2;118;248;255mK[38;2;117;248;255mK[38;2;90;242;255m0[38;2;77;236;255mO[38;2;65;225;255mO[38;2;45;202;255mx[38;2;15;173;255mo[38;2;67;226;255mO[38;2;97;158;250md[38;2;10;89;245m,[38;2;7;41;189m.[38;2;7;29;165m.[38;2;26;71;211m'[38;2;164;219;252mK[38;2;0;15;101m [38;2;21;57;156m.[38;2;3;28;105m.[38;2;9;39;168m.[38;2;188;248;255mN[38;2;1;3;67m [38;2;1;23;116m [38;2;11;42;134m.[38;2;6;33;116m.[38;2;4;24;96m [38;2;1;8;75m [38;2;1;8;49m [38;2;0;8;36m [38;2;3;12;43m [38;2;0;6;40m [38;2;4;19;56m [38;2;75;105;195m:[38;2;23;37;138m.[38;2;13;46;178m.[38;2;9;81;220m'[38;2;13;120;234m:[38;2;41;146;237ml[38;2;2;63;205m.[38;2;0;16;120m [38;2;0;11;61m [38;2;0;11;47m [38;2;0;3;10m [38;2;57;77;117m,[38;2;47;58;87m.[38;2;14;32;37m [38;2;14;45;65m.[38;2;11;43;54m.[38;2;7;34;41m [38;2;8;35;46m [38;2;7;36;46m [38;2;3;40;44m.[38;2;4;42;48m.[38;2;11;41;46m.[0m
[0m[38;2;20;46;46m.[38;2;9;43;53m.[38;2;7;24;25m [38;2;2;21;27m [38;2;8;43;56m.[38;2;3;26;45m [38;2;83;145;167ml[38;2;4;11;18m [38;2;11;44;72m.[38;2;18;32;84m.[38;2;135;170;233mx[38;2;11;16;66m [38;2;16;49;149m.[38;2;9;47;167m.[38;2;57;135;245ml[38;2;52;177;255md[38;2;0;208;255md[38;2;195;255;255mN[38;2;136;255;255mX[38;2;131;255;255mX[38;2;138;255;255mX[38;2;139;255;255mX[38;2;145;255;255mX[38;2;154;255;255mX[38;2;163;255;255mN[38;2;166;255;255mN[38;2;126;255;255mX[38;2;155;255;255mX[38;2;164;255;255mN[38;2;163;255;255mN[38;2;168;255;255mN[38;2;160;255;255mN[38;2;167;255;255mN[38;2;168;255;255mN[38;2;151;255;255mX[38;2;173;255;255mN[38;2;51;224;255mk[38;2;7;157;255ml[38;2;16;101;245m;[38;2;3;44;194m.[38;2;54;116;238mc[38;2;141;180;235mk[38;2;13;36;146m.[38;2;19;73;198m'[38;2;2;53;211m.[38;2;5;82;229m,[38;2;148;238;255mK[38;2;1;32;192m.[38;2;3;96;239m,[38;2;13;87;237m,[38;2;8;69;218m'[38;2;9;52;194m.[38;2;21;35;142m.[38;2;100;129;165ml[38;2;90;119;136mc[38;2;88;114;145m:[38;2;83;101;117m;[38;2;52;68;81m'[38;2;85;106;146m:[38;2;34;50;85m.[38;2;39;50;97m.[38;2;23;33;84m.[38;2;3;8;64m [38;2;3;29;90m [38;2;0;11;72m [38;2;2;13;43m [38;2;2;10;35m [38;2;2;10;25m [38;2;2;2;2m [38;2;93;114;147mc[38;2;21;49;66m.[38;2;6;37;51m.[38;2;6;36;49m [38;2;4;42;49m.[38;2;7;43;47m.[38;2;3;35;40m [38;2;6;38;47m.[38;2;6;42;49m.[38;2;7;42;48m.[38;2;11;42;48m.[0m
[0m[38;2;14;39;39m.[38;2;5;36;44m [38;2;5;23;26m [38;2;6;22;25m [38;2;9;43;53m.[38;2;4;24;41m [38;2;86;140;176ml[38;2;3;14;27m [38;2;9;38;64m.[38;2;25;43;119m.[38;2;157;198;251m0[38;2;3;18;56m [38;2;14;52;139m.[38;2;10;61;177m.[38;2;16;82;232m,[38;2;60;189;255mx[38;2;0;208;255md[38;2;203;255;255mW[38;2;153;255;255mX[38;2;141;255;255mX[38;2;144;255;255mX[38;2;146;255;255mX[38;2;146;255;255mX[38;2;145;255;255mX[38;2;166;255;255mN[38;2;175;255;255mN[38;2;130;255;255mX[38;2;180;255;255mN[38;2;175;255;255mN[38;2;169;255;255mN[38;2;169;255;255mN[38;2;163;255;255mN[38;2;150;255;255mX[38;2;154;255;255mX[38;2;164;255;255mN[38;2;218;255;255mW[38;2;43;243;255mO[38;2;10;205;255md[38;2;8;90;255m,[38;2;8;72;238m'[38;2;94;193;255mk[38;2;115;144;211mo[38;2;45;119;233m:[38;2;53;166;251mo[38;2;4;167;255ml[38;2;111;233;255m0[38;2;50;249;255mO[38;2;93;206;255mk[38;2;84;231;255mO[38;2;92;225;255mO[38;2;55;192;255mx[38;2;0;135;255m:[38;2;3;60;226m.[38;2;11;37;165m.[38;2;4;17;94m [38;2;2;14;70m [38;2;12;34;87m.[38;2;2;28;72m [38;2;71;103;153m:[38;2;12;26;83m [38;2;4;11;67m [38;2;129;163;215mx[38;2;17;34;86m.[38;2;8;31;104m.[38;2;0;11;65m [38;2;0;15;45m [38;2;2;10;25m [38;2;3;6;13m [38;2;1;0;0m [38;2;119;157;208md[38;2;4;29;42m [38;2;1;6;10m [38;2;13;45;50m.[38;2;10;44;53m.[38;2;12;45;53m.[38;2;12;42;48m.[38;2;10;32;38m [38;2;19;46;49m.[38;2;10;35;43m [38;2;10;42;47m.[0m
[0m[38;2;36;68;65m.[38;2;29;63;72m.[38;2;32;71;77m.[38;2;9;23;31m [38;2;8;43;52m.[38;2;4;31;43m [38;2;81;133;155mc[38;2;6;19;29m [38;2;29;54;77m.[38;2;23;46;119m.[38;2;151;193;225mO[38;2;22;43;74m.[38;2;31;64;130m.[38;2;24;72;171m'[38;2;27;84;209m,[38;2;41;155;253ml[38;2;13;201;255md[38;2;154;242;255mX[38;2;132;254;255mX[38;2;135;255;255mX[38;2;145;255;255mX[38;2;163;255;255mN[38;2;171;255;255mN[38;2;173;255;255mN[38;2;191;255;255mN[38;2;193;255;255mN[38;2;124;255;255mX[38;2;209;255;255mW[38;2;188;255;255mN[38;2;176;255;255mN[38;2;167;255;255mN[38;2;168;255;255mN[38;2;159;255;255mN[38;2;159;255;255mN[38;2;171;255;255mN[38;2;228;255;255mW[38;2;27;246;255mO[38;2;22;205;255md[38;2;31;126;254mc[38;2;16;80;241m,[38;2;208;255;255mW[38;2;48;82;203m,[38;2;7;75;241m'[38;2;42;193;255md[38;2;14;199;255md[38;2;137;255;255mX[38;2;24;250;255mO[38;2;170;255;255mN[38;2;163;255;255mN[38;2;170;255;255mN[38;2;210;255;255mW[38;2;3;236;255mk[38;2;13;128;255m:[38;2;36;110;235m:[38;2;56;115;192m:[38;2;32;82;133m'[38;2;8;29;103m.[38;2;5;43;120m.[38;2;95;148;231mo[38;2;14;53;153m.[38;2;33;69;200m'[38;2;54;157;239mo[38;2;36;123;235m:[38;2;17;117;229m:[38;2;0;57;190m.[38;2;1;25;140m.[38;2;0;12;84m [38;2;1;8;36m [38;2;31;44;72m.[38;2;81;118;156mc[38;2;7;38;56m.[38;2;1;11;10m [38;2;15;39;47m.[38;2;3;29;38m [38;2;12;40;47m.[38;2;5;29;31m [38;2;11;32;38m [38;2;17;44;48m.[38;2;26;51;59m.[38;2;20;54;64m.[0m
[0m[38;2;17;47;46m.[38;2;8;44;51m.[38;2;9;43;55m.[38;2;0;21;31m [38;2;13;46;59m.[38;2;4;31;38m [38;2;72;129;152mc[38;2;1;10;21m [38;2;9;38;54m.[38;2;17;30;100m.[38;2;191;232;247mX[38;2;1;8;29m [38;2;3;31;92m.[38;2;47;95;162m;[38;2;19;60;155m.[38;2;15;57;194m.[38;2;46;140;240ml[38;2;2;96;241m,[38;2;15;159;254ml[38;2;13;165;254ml[38;2;15;182;255mo[38;2;36;201;255mx[38;2;49;210;255mx[38;2;55;213;255mk[38;2;71;224;255mO[38;2;78;224;255mO[38;2;44;245;255mO[38;2;103;238;255m0[38;2;95;245;255m0[38;2;105;249;255mK[38;2;117;250;255mK[38;2;118;253;255mK[38;2;118;255;255mK[38;2;126;254;255mX[38;2;163;255;255mN[38;2;205;255;255mW[38;2;12;234;255mk[38;2;32;183;255md[38;2;49;139;248ml[38;2;83;134;231ml[38;2;170;233;255mX[38;2;6;32;173m.[38;2;7;69;233m'[38;2;13;140;255mc[38;2;31;213;255mx[38;2;128;255;255mX[38;2;27;254;255mO[38;2;193;255;255mN[38;2;171;255;255mN[38;2;178;255;255mN[38;2;202;255;255mW[38;2;9;255;255mO[38;2;16;126;255m:[38;2;5;70;235m'[38;2;51;124;212mc[38;2;54;119;164m:[38;2;18;30;111m.[38;2;1;35;135m.[38;2;100;150;249md[38;2;16;92;234m,[38;2;97;183;255mx[38;2;122;231;255m0[38;2;142;255;255mX[38;2;192;255;255mN[38;2;0;207;255md[38;2;3;77;250m'[38;2;5;20;154m.[38;2;0;2;45m [38;2;119;159;210md[38;2;12;46;65m.[38;2;12;42;66m.[38;2;3;14;15m [38;2;9;34;51m [38;2;30;68;82m.[38;2;20;61;99m.[38;2;17;57;84m.[38;2;13;33;41m [38;2;90;102;100m;[38;2;37;49;48m.[38;2;32;67;75m.[0m
[0m[38;2;15;44;46m.[38;2;8;44;53m.[38;2;10;43;59m.[38;2;2;23;31m [38;2;13;44;61m.[38;2;4;30;39m [38;2;71;140;159mc[38;2;12;29;38m [38;2;7;45;63m.[38;2;6;11;59m [38;2;168;200;240m0[38;2;36;49;66m.[38;2;6;37;83m.[38;2;17;59;110m.[38;2;72;126;173mc[38;2;5;31;105m.[38;2;45;123;203m:[38;2;5;25;135m.[38;2;20;67;194m'[38;2;6;73;218m'[38;2;15;73;219m'[38;2;12;82;231m,[38;2;17;90;232m,[38;2;9;98;240m;[38;2;13;101;241m;[38;2;7;103;250m;[38;2;14;138;252mc[38;2;14;119;250m:[38;2;12;134;252mc[38;2;11;143;252mc[38;2;7;150;254mc[38;2;8;152;255mc[38;2;2;163;253ml[38;2;3;153;255mc[38;2;17;172;254mo[38;2;78;215;254mk[38;2;19;122;245m:[38;2;20;93;232m;[38;2;8;56;209m.[38;2;163;206;247m0[38;2;39;89;178m,[38;2;21;62;160m.[38;2;24;86;217m,[38;2;26;114;235m:[38;2;28;175;255mo[38;2;67;203;255mk[38;2;57;245;255mO[38;2;135;244;255mK[38;2;121;252;255mK[38;2;131;254;255mX[38;2;141;252;255mX[38;2;8;220;255mx[38;2;44;150;253ml[38;2;12;66;217m'[38;2;5;49;165m.[38;2;36;86;152m,[38;2;8;29;101m.[38;2;15;39;131m.[38;2;104;140;216mo[38;2;10;77;242m,[38;2;91;174;255mx[38;2;49;246;255mO[38;2;191;255;255mN[38;2;213;255;255mW[38;2;0;229;255mx[38;2;3;86;255m,[38;2;2;21;158m.[38;2;30;39;125m.[38;2;95;135;164ml[38;2;6;38;63m.[38;2;10;46;70m.[38;2;2;15;18m [38;2;11;32;41m [38;2;22;39;50m.[38;2;20;31;39m [38;2;34;95;108m,[38;2;9;28;37m [38;2;127;154;150md[38;2;56;80;73m'[38;2;30;70;73m.[0m
[0m[38;2;18;45;58m.[38;2;9;44;52m.[38;2;6;45;51m.[38;2;1;21;19m [38;2;9;46;59m.[38;2;4;29;41m [38;2;68;131;145mc[38;2;11;21;31m [38;2;10;42;64m.[38;2;1;15;39m [38;2;82;122;187mc[38;2;128;145;151mo[38;2;3;26;48m [38;2;5;34;72m.[38;2;32;81;118m'[38;2;51;99;142m;[38;2;48;114;163m:[38;2;5;14;74m [38;2;17;51;137m.[38;2;8;54;131m.[38;2;8;56;139m.[38;2;17;60;154m.[38;2;15;60;165m.[38;2;12;62;171m.[38;2;13;62;169m.[38;2;2;65;189m.[38;2;15;72;195m'[38;2;14;53;183m.[38;2;11;74;209m'[38;2;8;71;209m'[38;2;13;77;204m'[38;2;5;69;212m'[38;2;6;76;214m'[38;2;12;59;201m.[38;2;28;86;231m,[38;2;128;193;251mO[38;2;8;42;162m.[38;2;4;49;167m.[38;2;20;59;180m.[38;2;166;196;219mO[38;2;2;4;82m [38;2;11;53;145m.[38;2;12;55;168m.[38;2;17;73;182m'[38;2;26;70;198m'[38;2;4;54;229m.[38;2;119;201;251mO[38;2;10;96;233m,[38;2;7;136;249m:[38;2;4;134;251m:[38;2;23;149;249ml[38;2;8;64;222m'[38;2;19;86;207m,[38;2;20;72;165m'[38;2;22;70;137m.[38;2;45;91;140m,[38;2;9;19;81m [38;2;85;109;156m:[38;2;59;92;152m;[38;2;33;88;215m,[38;2;15;82;233m,[38;2;47;219;255mk[38;2;128;215;255m0[38;2;143;233;255mK[38;2;1;161;253ml[38;2;1;56;223m.[38;2;1;10;106m [38;2;111;147;199mo[38;2;12;18;42m [38;2;13;48;101m.[38;2;12;49;69m.[38;2;6;13;17m [38;2;10;29;31m [38;2;57;74;70m'[38;2;57;67;64m.[38;2;23;34;30m.[38;2;0;0;0m [38;2;133;155;153md[38;2;28;47;47m.[38;2;26;61;68m.[0m
[0m[38;2;18;39;40m.[38;2;7;37;43m.[38;2;14;41;48m.[38;2;4;14;14m [38;2;5;37;47m [38;2;48;90;103m,[38;2;55;101;101m;[38;2;2;4;10m [38;2;6;30;39m [38;2;4;23;24m [38;2;27;38;76m.[38;2;141;185;227mk[38;2;24;36;49m.[38;2;4;29;40m [38;2;3;23;40m [38;2;39;84;106m'[38;2;48;79;98m'[38;2;0;4;27m [38;2;7;34;76m.[38;2;8;33;83m.[38;2;9;33;77m.[38;2;10;34;85m.[38;2;18;36;93m.[38;2;13;37;97m.[38;2;14;29;100m.[38;2;9;36;114m.[38;2;10;41;109m.[38;2;1;21;90m [38;2;4;40;121m.[38;2;8;37;124m.[38;2;4;40;120m.[38;2;4;43;123m.[38;2;6;39;128m.[38;2;6;31;100m.[38;2;28;63;191m'[38;2;133;199;254mO[38;2;2;13;66m [38;2;6;23;102m [38;2;116;166;229mx[38;2;83;95;122m;[38;2;6;18;69m [38;2;8;35;88m.[38;2;9;34;107m.[38;2;11;42;111m.[38;2;10;28;91m.[38;2;11;35;146m.[38;2;144;161;210mx[38;2;5;24;106m [38;2;10;45;133m.[38;2;7;40;137m.[38;2;21;40;147m.[38;2;2;21;91m [38;2;8;43;117m.[38;2;10;37;92m.[38;2;12;33;80m.[38;2;13;38;81m.[38;2;0;11;37m [38;2;125;165;208mx[38;2;8;21;56m [38;2;5;38;92m.[38;2;52;74;171m,[38;2;61;103;178m:[38;2;12;48;166m.[38;2;12;69;176m'[38;2;3;28;138m.[38;2;0;2;62m [38;2;82;107;167m:[38;2;46;60;70m.[38;2;7;17;28m [38;2;13;51;90m.[38;2;5;47;57m.[38;2;4;13;15m [38;2;8;40;45m.[38;2;29;48;53m.[38;2;26;44;43m.[38;2;9;28;29m [38;2;3;20;20m [38;2;75;99;97m;[38;2;18;42;47m.[38;2;28;58;65m.[0m
[0m[38;2;16;45;45m.[38;2;9;41;48m.[38;2;5;28;31m [38;2;7;12;17m [38;2;8;32;40m [38;2;57;115;118m;[38;2;51;100;107m,[38;2;4;6;8m [38;2;1;8;5m [38;2;7;16;18m [38;2;2;13;9m [38;2;50;78;147m,[38;2;118;149;194mo[38;2;26;32;30m.[38;2;0;2;6m [38;2;1;5;10m [38;2;2;2;5m [38;2;2;25;39m [38;2;5;26;44m [38;2;2;13;33m [38;2;21;23;33m [38;2;44;52;63m.[38;2;42;53;71m.[38;2;50;55;64m.[38;2;43;54;79m.[38;2;45;57;82m.[38;2;49;60;87m.[38;2;49;60;98m.[38;2;43;53;101m.[38;2;47;59;114m.[38;2;48;56;106m.[38;2;7;17;77m [38;2;1;13;72m [38;2;0;2;30m [38;2;28;61;174m'[38;2;159;231;254mK[38;2;0;2;20m [38;2;29;59;145m.[38;2;177;214;233mK[38;2;40;52;76m.[38;2;77;86;109m,[38;2;68;82;115m,[38;2;76;87;110m,[38;2;76;85;108m,[38;2;80;94;120m;[38;2;10;26;110m.[38;2;133;152;183md[38;2;55;77;89m'[38;2;38;47;88m.[38;2;11;15;48m [38;2;0;6;34m [38;2;5;18;50m [38;2;4;26;54m [38;2;0;17;33m [38;2;0;2;13m [38;2;0;5;19m [38;2;0;0;5m [38;2;117;170;216mx[38;2;26;31;35m.[38;2;27;32;39m.[38;2;106;144;180mo[38;2;49;65;87m.[38;2;45;58;80m.[38;2;20;30;57m.[38;2;1;5;14m [38;2;32;45;70m.[38;2;94;122;156mc[38;2;1;0;0m [38;2;8;20;29m [38;2;13;53;70m.[38;2;8;43;54m.[38;2;4;18;20m [38;2;4;41;47m.[38;2;3;33;39m [38;2;4;28;34m [38;2;14;46;61m.[38;2;5;36;38m [38;2;69;128;128mc[38;2;14;48;61m.[38;2;18;46;56m.[0m
[0m[38;2;18;47;47m.[38;2;7;43;48m.[38;2;6;33;34m [38;2;6;15;17m [38;2;6;33;43m [38;2;62;113;128m:[38;2;41;93;99m,[38;2;4;14;16m [38;2;2;9;11m [38;2;18;45;51m.[38;2;2;22;25m [38;2;7;26;33m [38;2;43;74;137m'[38;2;127;160;201md[38;2;66;71;75m'[38;2;0;2;4m [38;2;0;1;0m [38;2;6;52;81m.[38;2;6;48;88m.[38;2;2;17;29m [38;2;73;102;101m;[38;2;142;187;199mk[38;2;136;183;192mk[38;2;134;182;186mx[38;2;130;182;197mk[38;2;129;177;193mx[38;2;127;173;195mx[38;2;114;143;180mo[38;2;101;121;172mc[38;2;90;129;160mc[38;2;97;141;191mo[38;2;102;131;193ml[38;2;84;109;167m:[38;2;38;69;146m'[38;2;34;88;180m,[38;2;64;122;215mc[38;2;34;54;136m.[38;2;89;127;203ml[38;2;65;77;96m,[38;2;85;114;135m:[38;2;111;145;175mo[38;2;106;159;173mo[38;2;106;148;171mo[38;2;114;157;167md[38;2;106;144;150ml[38;2;18;33;90m.[38;2;111;155;176mo[38;2;75;114;113m:[38;2;66;87;130m,[38;2;81;97;132m;[38;2;55;69;101m'[38;2;95;126;156mc[38;2;33;41;54m.[38;2;4;22;26m [38;2;0;2;7m [38;2;0;6;9m [38;2;3;8;18m [38;2;100;148;177mo[38;2;82;101;103m;[38;2;53;75;86m'[38;2;119;158;207md[38;2;46;59;68m.[38;2;39;55;54m.[38;2;47;60;69m.[38;2;87;114;124m:[38;2;107;136;166ml[38;2;10;13;15m [38;2;0;5;0m [38;2;10;21;25m [38;2;9;49;63m.[38;2;5;43;52m.[38;2;5;15;18m [38;2;8;51;56m.[38;2;6;47;63m.[38;2;0;1;2m [38;2;11;41;43m.[38;2;4;32;45m [38;2;76;130;134mc[38;2;6;31;42m [38;2;14;40;53m.[0m
[0m[38;2;22;44;49m.[38;2;6;43;51m.[38;2;4;36;31m [38;2;7;19;23m [38;2;6;31;42m [38;2;63;125;134m:[38;2;39;85;93m'[38;2;4;14;17m [38;2;4;14;17m [38;2;5;20;22m [38;2;9;37;42m.[38;2;4;29;37m [38;2;3;4;5m [38;2;25;49;93m.[38;2;128;165;211mx[38;2;119;132;148ml[38;2;35;41;48m.[38;2;4;35;48m [38;2;6;44;68m.[38;2;6;29;48m [38;2;2;16;19m [38;2;9;44;61m.[38;2;7;24;35m [38;2;5;21;36m [38;2;9;19;52m [38;2;8;17;82m [38;2;10;30;127m.[38;2;18;46;159m.[38;2;15;59;188m.[38;2;10;52;176m.[38;2;9;52;190m.[38;2;9;48;171m.[38;2;5;30;145m.[38;2;0;2;77m [38;2;29;82;197m,[38;2;131;156;211md[38;2;84;98;168m:[38;2;57;79;159m,[38;2;51;72;143m'[38;2;5;24;64m [38;2;7;38;76m.[38;2;2;14;38m [38;2;3;4;24m [38;2;0;4;13m [38;2;2;14;26m [38;2;29;46;104m.[38;2;110;139;152ml[38;2;1;16;36m [38;2;1;6;11m [38;2;1;0;5m [38;2;2;5;11m [38;2;31;59;89m.[38;2;169;171;199mk[38;2;2;13;13m [38;2;4;13;18m [38;2;7;11;8m [38;2;21;32;59m.[38;2;96;128;134mc[38;2;10;18;19m [38;2;41;64;93m.[38;2;95;132;157ml[38;2;20;42;42m.[38;2;28;44;44m.[38;2;16;23;29m [38;2;59;85;117m,[38;2;96;119;137mc[38;2;0;0;0m [38;2;1;8;1m [38;2;5;21;19m [38;2;11;52;67m.[38;2;9;42;44m.[38;2;9;21;22m [38;2;8;48;56m.[38;2;17;46;54m.[38;2;0;0;1m [38;2;17;44;47m.[38;2;23;56;65m.[38;2;48;91;100m,[38;2;7;36;40m [38;2;14;40;50m.[0m
[0m[38;2;19;45;49m.[38;2;9;43;50m.[38;2;7;40;37m.[38;2;6;14;18m [38;2;5;31;40m [38;2;68;133;141mc[38;2;37;78;81m'[38;2;0;12;14m [38;2;7;43;48m.[38;2;9;36;43m [38;2;7;41;55m.[38;2;3;29;31m [38;2;2;9;10m [38;2;3;7;8m [38;2;11;27;36m [38;2;52;79;133m,[38;2;131;158;200md[38;2;117;137;158ml[38;2;78;91;104m;[38;2;16;37;54m.[38;2;5;34;57m [38;2;16;50;90m.[38;2;13;33;59m.[38;2;13;33;67m.[38;2;15;40;109m.[38;2;19;44;160m.[38;2;0;75;225m'[38;2;48;163;251mo[38;2;55;182;255md[38;2;59;183;255md[38;2;73;180;255mx[38;2;60;169;255md[38;2;8;110;241m;[38;2;25;90;213m,[38;2;31;101;242m;[38;2;155;183;234mO[38;2;50;76;136m'[38;2;12;49;107m.[38;2;86;113;209mc[38;2;29;52;105m.[38;2;16;47;84m.[38;2;39;77;113m'[38;2;47;90;106m,[38;2;42;75;86m'[38;2;2;11;26m [38;2;24;47;115m.[38;2;117;159;168md[38;2;42;75;90m'[38;2;34;69;77m.[38;2;53;119;123m:[38;2;34;65;77m.[38;2;0;14;25m [38;2;159;174;219mk[38;2;7;14;19m [38;2;39;85;91m'[38;2;44;78;72m'[38;2;39;52;89m.[38;2;105;139;143ml[38;2;36;79;85m'[38;2;78;114;161m:[38;2;23;43;51m.[38;2;66;127;134m:[38;2;80;154;150ml[38;2;49;84;113m,[38;2;102;125;155mc[38;2;90;128;142mc[38;2;4;9;16m [38;2;1;6;1m [38;2;6;22;22m [38;2;10;51;64m.[38;2;6;39;45m.[38;2;10;23;22m [38;2;6;47;54m.[38;2;11;47;57m.[38;2;0;0;0m [38;2;7;43;43m.[38;2;57;105;116m;[38;2;12;41;47m.[38;2;7;42;49m.[38;2;14;42;51m.[0m
[0m[38;2;18;38;40m.[38;2;25;67;80m.[38;2;45;96;87m,[38;2;5;14;12m [38;2;4;30;42m [38;2;65;126;143m:[38;2;33;82;85m'[38;2;10;20;18m [38;2;39;77;78m'[38;2;39;78;84m'[38;2;39;83;87m'[38;2;46;96;92m,[38;2;33;74;76m.[38;2;22;50;53m.[38;2;22;56;64m.[38;2;16;47;45m.[38;2;5;15;32m [38;2;30;57;91m.[38;2;76;106;138m:[38;2;92;118;152mc[38;2;79;112;154m:[38;2;71;100;134m;[38;2;95;125;149mc[38;2;92;124;174mc[38;2;99;140;203mo[38;2;113;156;235md[38;2;89;171;255md[38;2;167;247;255mX[38;2;136;249;255mX[38;2;116;248;255mK[38;2;107;248;255mK[38;2;79;245;255m0[38;2;75;222;255mO[38;2;130;218;255m0[38;2;18;202;255md[38;2;124;168;246mx[38;2;2;40;180m.[38;2;2;44;135m.[38;2;59;94;180m;[38;2;51;77;151m,[38;2;41;86;122m,[38;2;46;104;129m;[38;2;59;133;160mc[38;2;65;132;160mc[38;2;0;5;20m [38;2;37;67;146m'[38;2;119;144;150mo[38;2;53;99;109m,[38;2;19;46;66m.[38;2;62;125;134m:[38;2;41;91;96m,[38;2;1;8;22m [38;2;153;179;213mk[38;2;19;24;33m [38;2;5;46;51m.[38;2;31;58;57m.[38;2;40;59;88m.[38;2;103;128;130mc[38;2;13;24;44m [38;2;81;111;149m:[38;2;7;20;23m [38;2;10;38;40m.[38;2;50;95;104m,[38;2;92;127;157mc[38;2;7;8;16m [38;2;57;75;94m'[38;2;38;54;77m.[38;2;1;2;1m [38;2;12;22;24m [38;2;7;52;60m.[38;2;3;33;41m [38;2;7;28;24m [38;2;8;41;50m.[38;2;5;44;52m.[38;2;0;0;0m [38;2;17;49;52m.[38;2;58;95;103m,[38;2;4;26;33m [38;2;18;40;51m.[38;2;15;45;51m.[0m
[0m[38;2;30;62;61m.[38;2;75;153;159ml[38;2;18;46;41m.[38;2;4;14;20m [38;2;3;32;44m [38;2;72;135;144mc[38;2;32;76;81m.[38;2;23;40;45m.[38;2;80;154;166mo[38;2;62;136;132mc[38;2;57;134;130mc[38;2;56;135;127m:[38;2;67;143;146mc[38;2;16;43;52m.[38;2;7;37;45m [38;2;7;40;46m.[38;2;0;17;33m [38;2;8;44;54m.[38;2;7;41;54m.[38;2;4;35;53m [38;2;18;47;87m.[38;2;25;50;89m.[38;2;45;105;169m;[38;2;46;89;178m,[38;2;34;84;206m,[38;2;37;122;253mc[38;2;24;197;255md[38;2;102;232;255m0[38;2;117;245;255mK[38;2;125;249;255mK[38;2;163;252;255mX[38;2;193;255;255mN[38;2;198;255;255mW[38;2;237;255;255mM[38;2;4;253;255mk[38;2;120;170;255mx[38;2;3;64;231m'[38;2;4;58;146m.[38;2;43;79;168m,[38;2;60;103;173m;[38;2;0;7;24m [38;2;33;78;108m'[38;2;46;87;125m,[38;2;50;105;120m;[38;2;1;8;25m [38;2;56;87;165m,[38;2;116;133;134ml[38;2;3;17;30m [38;2;58;109;114m;[38;2;13;40;57m.[38;2;38;64;71m.[38;2;0;6;15m [38;2;155;174;207mk[38;2;24;34;39m.[38;2;4;34;37m [38;2;6;28;29m [38;2;27;42;59m.[38;2;85;118;132m:[38;2;68;90;108m,[38;2;41;73;89m'[38;2;19;37;33m.[38;2;9;26;28m [38;2;55;83;111m,[38;2;33;63;80m.[38;2;1;4;5m [38;2;49;72;82m'[38;2;43;57;78m.[38;2;1;2;4m [38;2;9;24;26m [38;2;9;51;57m.[38;2;4;32;49m [38;2;15;28;26m [38;2;2;32;35m [38;2;8;46;50m.[38;2;0;0;0m [38;2;68;118;129m:[38;2;14;43;46m.[38;2;8;43;49m.[38;2;21;34;44m.[38;2;12;38;47m.[0m
[0m[38;2;74;138;120mc[38;2;22;65;70m.[38;2;2;17;16m [38;2;6;17;24m [38;2;3;31;48m [38;2;77;137;147mc[38;2;36;80;79m'[38;2;20;36;45m.[38;2;71;144;155ml[38;2;57;126;130m:[38;2;56;129;124m:[38;2;57;127;125m:[38;2;63;131;131mc[38;2;58;121;119m:[38;2;13;38;50m.[38;2;8;40;42m.[38;2;0;19;34m [38;2;7;42;53m.[38;2;6;44;57m.[38;2;4;43;66m.[38;2;6;44;76m.[38;2;5;32;67m [38;2;44;100;142m;[38;2;78;149;199mo[38;2;31;79;196m,[38;2;10;94;254m;[38;2;0;234;255mx[38;2;210;255;255mW[38;2;148;255;255mX[38;2;162;255;255mN[38;2;168;255;255mN[38;2;174;255;255mN[38;2;192;255;255mN[38;2;230;255;255mW[38;2;29;246;255mO[38;2;116;162;248mx[38;2;1;41;202m.[38;2;8;45;135m.[38;2;43;81;162m,[38;2;64;110;185m:[38;2;10;18;36m [38;2;23;53;82m.[38;2;37;77;97m'[38;2;25;54;55m.[38;2;9;21;26m [38;2;63;98;163m;[38;2;130;134;135ml[38;2;16;37;44m.[38;2;22;54;52m.[38;2;29;56;63m.[38;2;49;87;93m,[38;2;0;2;3m [38;2;151;169;199mx[38;2;33;53;65m.[38;2;7;40;50m.[38;2;11;46;54m.[38;2;11;24;37m [38;2;85;108;132m:[38;2;102;133;157ml[38;2;3;17;25m [38;2;10;27;32m [38;2;14;31;30m [38;2;98;127;147mc[38;2;1;10;9m [38;2;0;2;0m [38;2;93;128;133mc[38;2;17;21;36m [38;2;0;2;3m [38;2;7;25;25m [38;2;12;46;55m.[38;2;7;31;41m [38;2;9;27;30m [38;2;6;35;36m [38;2;10;47;53m.[38;2;13;24;21m [38;2;49;95;96m,[38;2;7;39;43m.[38;2;11;43;52m.[38;2;18;37;46m.[38;2;13;39;49m.[0m
[0m[38;2;36;70;64m.[38;2;6;39;54m.[38;2;4;23;19m [38;2;6;15;20m [38;2;3;31;44m [38;2;70;138;150mc[38;2;33;72;68m.[38;2;20;30;42m [38;2;68;143;158ml[38;2;56;125;133m:[38;2;56;126;124m:[38;2;58;128;125m:[38;2;60;137;132mc[38;2;53;116;115m;[38;2;54;108;111m;[38;2;10;41;45m.[38;2;1;21;29m [38;2;6;41;59m.[38;2;4;44;59m.[38;2;4;38;53m.[38;2;8;39;61m.[38;2;6;36;65m.[38;2;5;23;67m [38;2;27;90;129m,[38;2;56;107;184m:[38;2;16;86;233m,[38;2;16;170;255mo[38;2;99;215;255mO[38;2;80;233;255mO[38;2;84;227;255mO[38;2;81;228;255mO[38;2;57;228;255mO[38;2;55;201;255mx[38;2;41;174;255mo[38;2;58;198;255mx[38;2;113;149;217md[38;2;9;18;105m [38;2;38;115;176m:[38;2;52;90;150m,[38;2;65;100;182m:[38;2;9;15;27m [38;2;21;60;85m.[38;2;10;51;72m.[38;2;8;44;60m.[38;2;0;20;25m [38;2;66;112;183m:[38;2;126;131;131ml[38;2;2;26;42m [38;2;5;44;61m.[38;2;1;40;56m.[38;2;8;42;53m.[38;2;0;2;3m [38;2;110;125;153ml[38;2;47;61;78m.[38;2;2;21;27m [38;2;5;23;34m [38;2;0;4;9m [38;2;90;132;169ml[38;2;91;122;166mc[38;2;11;15;12m [38;2;8;11;12m [38;2;75;106;110m;[38;2;31;38;45m.[38;2;1;1;0m [38;2;5;12;18m [38;2;117;162;173md[38;2;0;0;0m [38;2;0;5;1m [38;2;9;26;27m [38;2;12;47;61m.[38;2;8;27;32m [38;2;9;27;32m [38;2;5;37;45m [38;2;10;42;44m.[38;2;13;24;19m [38;2;11;38;44m.[38;2;9;36;51m.[38;2;12;38;43m.[38;2;12;35;50m.[38;2;6;31;36m [0m
[0m[38;2;18;45;45m.[38;2;4;47;56m.[38;2;3;30;22m [38;2;7;13;15m [38;2;7;31;36m [38;2;69;133;147mc[38;2;23;67;63m.[38;2;11;23;35m [38;2;51;109;116m;[38;2;40;87;89m'[38;2;40;86;85m'[38;2;41;89;83m'[38;2;46;91;88m,[38;2;56;101;102m;[38;2;41;75;79m'[38;2;39;71;76m.[38;2;32;67;60m.[38;2;1;12;18m [38;2;8;36;50m.[38;2;4;31;48m [38;2;6;35;49m [38;2;10;39;55m.[38;2;20;49;84m.[38;2;19;53;98m.[38;2;22;57;122m.[38;2;18;75;158m'[38;2;45;102;206m;[38;2;9;58;183m.[38;2;9;91;225m,[38;2;14;89;233m,[38;2;9;86;226m,[38;2;8;84;227m,[38;2;4;67;217m'[38;2;1;40;189m.[38;2;88;154;240mo[38;2;119;129;159ml[38;2;0;0;41m [38;2;61;131;157mc[38;2;69;105;196m:[38;2;52;92;167m;[38;2;3;15;33m [38;2;14;48;77m.[38;2;5;45;63m.[38;2;10;40;56m.[38;2;0;14;28m [38;2;64;89;163m;[38;2;123;121;109mc[38;2;64;70;46m'[38;2;103;106;57m:[38;2;143;131;62ml[38;2;181;159;66md[38;2;204;193;79mO[38;2;224;200;83m0[38;2;206;186;69mk[38;2;160;151;58mo[38;2;135;119;62mc[38;2;98;89;42m,[38;2;103;134;121ml[38;2;93;113;106m:[38;2;109;122;98mc[38;2;92;92;72m;[38;2;92;104;119m:[38;2;65;69;50m'[38;2;61;58;35m.[38;2;101;104;90m:[38;2;29;41;46m.[38;2;0;2;0m [38;2;1;6;1m [38;2;11;29;30m [38;2;9;44;57m.[38;2;8;28;32m [38;2;11;28;27m [38;2;9;35;39m [38;2;6;27;25m [38;2;4;16;14m [38;2;12;42;42m.[38;2;8;35;44m [38;2;9;28;33m [38;2;15;34;41m.[38;2;43;76;81m'[0m
[0m[38;2;18;37;37m.[38;2;3;35;41m [38;2;3;32;27m [38;2;9;30;38m [38;2;4;25;38m [38;2;64;122;151m:[38;2;35;83;72m'[38;2;1;6;8m [38;2;5;31;34m [38;2;4;32;36m [38;2;8;40;53m.[38;2;18;52;53m.[38;2;20;57;63m.[38;2;24;65;67m.[38;2;24;59;71m.[38;2;37;74;90m'[38;2;80;157;159mo[38;2;1;5;10m [38;2;6;44;60m.[38;2;6;43;55m.[38;2;7;43;57m.[38;2;6;42;59m.[38;2;4;43;63m.[38;2;6;43;75m.[38;2;7;44;84m.[38;2;8;47;104m.[38;2;11;50;113m.[38;2;21;40;86m.[38;2;13;52;126m.[38;2;9;55;135m.[38;2;13;52;132m.[38;2;10;52;135m.[38;2;7;48;121m.[38;2;0;29;88m [38;2;104;142;198mo[38;2;117;131;136ml[38;2;0;2;17m [38;2;39;69;93m.[38;2;90;139;231mo[38;2;38;69;107m'[38;2;3;11;14m [38;2;4;16;21m [38;2;0;6;12m [38;2;77;78;61m,[38;2;166;155;74md[38;2;214;193;82mO[38;2;249;226;90mX[38;2;253;241;94mN[38;2;235;205;75m0[38;2;227;178;54mk[38;2;204;160;57mx[38;2;232;191;67mO[38;2;250;219;82mK[38;2;255;232;94mX[38;2;255;232;88mX[38;2;255;230;83mX[38;2;255;235;90mX[38;2;255;239;85mN[38;2;255;230;84mX[38;2;255;233;81mX[38;2;255;233;85mX[38;2;233;199;68m0[38;2;239;194;73m0[38;2;252;230;91mX[38;2;247;218;75mK[38;2;179;170;81mx[38;2;102;97;32m;[38;2;102;103;43m;[38;2;68;58;39m.[38;2;3;31;44m [38;2;3;31;47m [38;2;8;18;18m [38;2;12;21;21m [38;2;9;22;23m [38;2;6;30;28m [38;2;12;35;40m [38;2;41;77;81m'[38;2;53;93;101m,[38;2;60;109;116m;[38;2;46;88;102m,[0m
[0m[38;2;25;43;48m.[38;2;4;43;51m.[38;2;4;44;49m.[38;2;5;40;50m.[38;2;2;23;36m [38;2;55;109;144m;[38;2;42;92;82m,[38;2;0;11;16m [38;2;2;43;47m.[38;2;1;42;45m.[38;2;2;41;47m.[38;2;2;41;46m.[38;2;2;41;47m.[38;2;2;42;46m.[38;2;2;42;44m.[38;2;2;33;40m [38;2;51;95;108m,[38;2;0;10;18m [38;2;3;44;54m.[38;2;4;43;49m.[38;2;6;42;54m.[38;2;5;43;54m.[38;2;5;41;54m.[38;2;5;43;59m.[38;2;2;44;64m.[38;2;2;46;79m.[38;2;3;48;80m.[38;2;39;57;72m.[38;2;13;45;80m.[38;2;5;36;68m.[38;2;4;29;55m [38;2;3;24;50m [38;2;3;20;37m [38;2;0;7;16m [38;2;94;134;189ml[38;2;128;135;135ml[38;2;0;9;23m [38;2;21;33;67m.[38;2;99;159;250md[38;2;13;26;45m [38;2;7;24;47m [38;2;74;66;55m'[38;2;148;107;55mc[38;2;255;252;139mW[38;2;247;221;91mK[38;2;181;152;59md[38;2;170;135;50mo[38;2;160;102;28mc[38;2;151;86;16m;[38;2;161;99;27m:[38;2;171;107;30mc[38;2;132;79;18m;[38;2;144;92;28m:[38;2;170;126;55ml[38;2;221;170;57mk[38;2;224;168;50mk[38;2;168;129;43ml[38;2;200;127;33mo[38;2;255;233;84mX[38;2;255;218;80mK[38;2;255;220;79mK[38;2;255;220;76mK[38;2;255;221;76mK[38;2;255;215;68mK[38;2;255;216;73mK[38;2;255;218;73mK[38;2;255;228;83mX[38;2;246;199;62m0[38;2;255;235;107mN[38;2;179;165;64mx[38;2;153;145;67mo[38;2;82;82;45m,[38;2;0;13;21m [38;2;18;47;53m.[38;2;32;57;66m.[38;2;39;72;76m.[38;2;33;69;76m.[38;2;13;42;51m.[38;2;7;36;40m [38;2;7;35;44m [0m
[0m[38;2;22;44;50m.[38;2;4;41;51m.[38;2;2;40;48m.[38;2;2;38;49m [38;2;2;25;29m [38;2;55;97;132m;[38;2;50;111;107m;[38;2;0;3;10m [38;2;2;41;46m.[38;2;1;41;45m.[38;2;2;41;44m.[38;2;1;41;45m.[38;2;2;41;45m.[38;2;0;42;45m.[38;2;2;41;44m.[38;2;2;40;47m.[38;2;8;38;45m.[38;2;0;15;22m [38;2;4;46;63m.[38;2;2;45;53m.[38;2;4;40;48m.[38;2;4;34;43m [38;2;1;31;36m [38;2;2;28;29m [38;2;1;24;24m [38;2;1;19;22m [38;2;2;13;25m [38;2;5;19;29m [38;2;6;17;31m [38;2;2;3;7m [38;2;51;53;55m.[38;2;51;58;70m.[38;2;52;55;57m.[38;2;47;50;51m.[38;2;108;136;181ml[38;2;111;131;138ml[38;2;83;89;102m;[38;2;101;123;147mc[38;2;122;150;209md[38;2;87;87;92m;[38;2;120;120;129mc[38;2;164;136;70mo[38;2;158;128;73ml[38;2;145;110;53mc[38;2;121;77;30m,[38;2;60;46;26m.[38;2;83;63;37m'[38;2;148;107;40mc[38;2;150;97;27m:[38;2;102;95;52m;[38;2;66;86;69m,[38;2;38;28;11m [38;2;37;49;80m.[38;2;141;134;93ml[38;2;170;98;14mc[38;2;149;91;24m:[38;2;123;66;11m,[38;2;239;190;77m0[38;2;255;226;85mX[38;2;255;219;77mK[38;2;255;219;78mK[38;2;255;219;77mK[38;2;255;217;78mK[38;2;255;216;72mK[38;2;255;218;77mK[38;2;255;218;71mK[38;2;255;218;77mK[38;2;254;215;73mK[38;2;254;205;69mK[38;2;254;219;83mK[38;2;255;220;75mK[38;2;255;245;103mN[38;2;130;106;46m:[38;2;6;19;28m [38;2;7;32;38m [38;2;11;41;45m.[38;2;13;42;49m.[38;2;9;43;52m.[38;2;12;42;54m.[38;2;9;33;44m [0m
[0m[38;2;16;43;53m.[38;2;4;41;48m.[38;2;2;38;50m.[38;2;1;38;47m [38;2;2;20;31m [38;2;54;98;136m;[38;2;56;119;103m;[38;2;0;11;16m [38;2;2;39;50m.[38;2;2;42;50m.[38;2;3;42;50m.[38;2;2;43;49m.[38;2;5;38;41m [38;2;1;35;38m [38;2;2;32;33m [38;2;2;25;29m [38;2;2;26;25m [38;2;1;8;7m [38;2;2;17;15m [38;2;0;11;13m [38;2;1;10;13m [38;2;4;16;17m [38;2;0;6;5m [38;2;0;4;2m [38;2;0;5;2m [38;2;0;2;5m [38;2;0;5;11m [38;2;14;51;72m.[38;2;11;46;68m.[38;2;6;17;21m [38;2;104;109;110m:[38;2;103;112;114m:[38;2;102;113;115m:[38;2;104;113;114mc[38;2;120;134;161ml[38;2;82;101;125m;[38;2;112;130;162ml[38;2;116;148;210md[38;2;122;163;246mx[38;2;131;186;253mk[38;2;110;175;253mx[38;2;31;93;177m,[38;2;42;70;139m'[38;2;34;57;106m.[38;2;37;50;69m.[38;2;13;37;56m.[38;2;29;57;72m.[38;2;68;91;105m,[38;2;69;98;130m;[38;2;77;118;133m:[38;2;46;81;94m'[38;2;0;2;5m [38;2;161;150;122md[38;2;199;120;22ml[38;2;176;112;28mc[38;2;128;81;20m;[38;2;161;93;24m:[38;2;255;239;98mN[38;2;255;216;76mK[38;2;255;217;77mK[38;2;255;220;77mK[38;2;255;217;77mK[38;2;255;221;77mX[38;2;255;216;70mK[38;2;255;215;75mK[38;2;255;214;72mK[38;2;255;213;75mK[38;2;255;214;75mK[38;2;255;215;75mK[38;2;248;193;67m0[38;2;251;204;70m0[38;2;255;222;82mX[38;2;255;243;104mN[38;2;113;79;43m,[38;2;3;17;22m [38;2;7;29;34m [38;2;12;37;46m.[38;2;12;35;42m [38;2;11;36;47m.[38;2;6;23;38m [0m
[0m[38;2;21;45;55m.[38;2;6;41;50m.[38;2;2;36;48m [38;2;2;36;54m [38;2;2;22;31m [38;2;46;85;128m,[38;2;54;127;114m:[38;2;0;11;11m [38;2;1;21;30m [38;2;2;19;22m [38;2;2;15;18m [38;2;1;12;9m [38;2;0;7;3m [38;2;0;5;0m [38;2;0;5;0m [38;2;0;4;0m [38;2;0;17;31m [38;2;3;27;32m [38;2;7;33;50m [38;2;3;35;48m [38;2;7;43;58m.[38;2;8;55;61m.[38;2;0;10;19m [38;2;0;3;10m [38;2;0;4;16m [38;2;2;7;18m [38;2;0;9;21m [38;2;8;46;77m.[38;2;7;43;66m.[38;2;7;33;42m [38;2;7;22;36m [38;2;9;38;50m.[38;2;3;17;32m [38;2;0;0;5m [38;2;23;35;77m.[38;2;203;229;246mX[38;2;45;100;170m;[38;2;24;109;238m;[38;2;80;198;251mk[38;2;110;227;255m0[38;2;84;230;255mO[38;2;51;177;255md[38;2;151;142;215md[38;2;184;161;141mx[38;2;164;118;65ml[38;2;135;128;93ml[38;2;81;73;45m'[38;2;0;9;22m [38;2;29;63;81m.[38;2;39;60;88m.[38;2;97;130;173ml[38;2;30;39;60m.[38;2;159;135;74mo[38;2;183;109;20mc[38;2;164;108;30mc[38;2;45;22;5m [38;2;184;135;48mo[38;2;255;236;89mX[38;2;255;216;69mK[38;2;255;216;75mK[38;2;255;215;71mK[38;2;255;214;69mK[38;2;255;214;70mK[38;2;255;214;72mK[38;2;255;213;73mK[38;2;255;213;74mK[38;2;255;213;73mK[38;2;255;213;74mK[38;2;255;213;75mK[38;2;255;216;74mK[38;2;240;188;66mO[38;2;220;171;60mk[38;2;237;198;71m0[38;2;254;235;96mX[38;2;111;95;47m;[38;2;0;3;8m [38;2;12;24;24m [38;2;12;33;33m [38;2;22;39;44m.[38;2;20;33;34m.[0m
[0m[38;2;11;30;29m [38;2;4;25;27m [38;2;11;20;19m [38;2;1;9;28m [38;2;9;32;49m [38;2;43;77;122m'[38;2;70;136;139mc[38;2;1;9;3m [38;2;0;7;5m [38;2;11;19;19m [38;2;6;18;19m [38;2;12;25;26m [38;2;0;7;1m [38;2;0;2;0m [38;2;0;9;4m [38;2;1;6;1m [38;2;9;25;39m [38;2;8;38;54m.[38;2;7;45;65m.[38;2;13;39;67m.[38;2;8;45;80m.[38;2;12;52;80m.[38;2;4;20;38m [38;2;0;4;50m [38;2;0;15;76m [38;2;0;13;80m [38;2;0;9;72m [38;2;11;44;101m.[38;2;16;33;75m.[38;2;13;33;53m.[38;2;9;39;54m.[38;2;9;37;43m.[38;2;33;48;69m.[38;2;51;85;84m'[38;2;16;32;78m.[38;2;186;211;246mK[38;2;75;184;242mx[38;2;70;172;255md[38;2;118;241;255mK[38;2;117;255;255mK[38;2;84;255;255mK[38;2;51;207;255mx[38;2;158;159;238mx[38;2;173;162;188mk[38;2;228;193;137m0[38;2;255;240;137mN[38;2;255;248;128mN[38;2;129;128;68mc[38;2;35;19;17m [38;2;17;42;58m.[38;2;42;59;88m.[38;2;108;148;222mo[38;2;80;70;34m'[38;2;186;116;27ml[38;2;177;125;35ml[38;2;51;44;36m.[38;2;253;227;96mX[38;2;255;221;74mK[38;2;255;216;74mK[38;2;255;217;76mK[38;2;255;216;76mK[38;2;255;214;74mK[38;2;255;216;66mK[38;2;255;214;70mK[38;2;255;214;71mK[38;2;255;213;75mK[38;2;255;214;84mK[38;2;255;213;76mK[38;2;255;213;83mK[38;2;255;214;80mK[38;2;255;213;76mK[38;2;253;220;84mK[38;2;224;160;55mx[38;2;255;224;85mX[38;2;255;249;102mN[38;2;102;73;46m,[38;2;0;2;1m [38;2;5;8;1m [38;2;12;13;16m [38;2;0;6;3m [0m
