[0m[38;2;28;51;44m.[38;2;22;46;43m.[38;2;11;41;31m.[38;2;2;17;9m [38;2;16;45;41m.[38;2;4;29;35m [38;2;80;144;136ml[38;2;20;43;37m.[38;2;2;4;1m [38;2;1;11;1m [38;2;4;15;9m [38;2;6;16;17m [38;2;10;26;23m [38;2;5;11;16m [38;2;126;164;187md[38;2;98;119;130mc[38;2;2;10;9m [38;2;16;46;59m.[38;2;16;51;68m.[38;2;13;46;74m.[38;2;17;48;84m.[38;2;20;49;94m.[38;2;19;48;115m.[38;2;22;52;133m.[38;2;16;62;161m.[38;2;19;64;172m.[38;2;61;185;238md[38;2;17;71;231m'[38;2;26;150;253ml[38;2;65;186;255mx[38;2;61;214;255mk[38;2;69;244;255m0[38;2;74;255;255m0[38;2;96;255;255mK[38;2;82;255;255mK[38;2;144;255;255mX[38;2;15;212;255mx[38;2;83;179;255mx[38;2;57;114;211m:[38;2;10;48;134m.[38;2;17;35;113m.[38;2;26;63;173m'[38;2;153;159;211mx[38;2;4;50;177m.[38;2;4;128;255m:[38;2;103;255;255mK[38;2;109;208;255mO[38;2;94;243;255m0[38;2;99;252;255mK[38;2;79;221;255mO[38;2;52;183;255md[38;2;9;135;253mc[38;2;11;91;234m,[38;2;12;79;231m,[38;2;12;61;218m'[38;2;9;47;172m.[38;2;24;57;150m.[38;2;3;16;77m [38;2;70;111;185m:[38;2;13;31;58m [38;2;6;26;51m [38;2;11;34;52m.[38;2;16;35;48m.[38;2;18;50;59m.[38;2;11;38;49m.[38;2;11;38;49m.[38;2;8;35;41m [38;2;22;46;49m.[38;2;15;44;55m.[38;2;16;49;59m.[38;2;6;33;37m [38;2;18;50;55m.[38;2;18;47;43m.[38;2;1;4;3m [38;2;14;33;30m [38;2;11;39;31m.[38;2;15;39;36m.[38;2;17;39;29m.[38;2;16;43;36m.[38;2;10;45;32m.[0m
[0m[38;2;22;49;46m.[38;2;19;44;42m.[38;2;11;35;27m [38;2;0;13;11m [38;2;3;41;42m.[38;2;3;30;32m [38;2;82;145;140ml[38;2;11;29;26m [38;2;2;8;4m [38;2;0;5;2m [38;2;0;5;1m [38;2;0;2;0m [38;2;0;4;0m [38;2;17;39;52m.[38;2;204;225;240mX[38;2;14;15;20m [38;2;2;14;10m [38;2;6;20;15m [38;2;3;22;21m [38;2;7;27;36m [38;2;10;34;44m [38;2;10;39;60m.[38;2;14;45;74m.[38;2;22;48;92m.[38;2;11;47;100m.[38;2;10;48;109m.[38;2;39;97;158m,[38;2;19;33;110m.[38;2;26;61;182m'[38;2;13;67;202m'[38;2;9;69;222m'[38;2;15;107;242m;[38;2;13;125;248m:[38;2;35;162;254mo[38;2;54;189;254md[38;2;99;233;255m0[38;2;21;174;252mo[38;2;65;153;253mo[38;2;89;150;224mo[38;2;17;55;118m.[38;2;3;24;92m [38;2;33;70;187m'[38;2;129;156;203md[38;2;11;51;192m.[38;2;8;139;255mc[38;2;107;255;255mK[38;2;102;207;255mO[38;2;64;248;255m0[38;2;124;255;255mX[38;2;114;255;255mK[38;2;115;255;255mK[38;2;77;254;255m0[38;2;75;240;255m0[38;2;62;213;255mk[38;2;43;169;255mo[38;2;9;124;247m:[38;2;8;75;224m'[38;2;3;19;129m [38;2;86;147;230mo[38;2;9;33;58m [38;2;10;27;58m [38;2;13;36;56m.[38;2;56;75;90m'[38;2;54;65;68m.[38;2;61;76;81m'[38;2;55;71;76m'[38;2;48;70;81m'[38;2;30;57;67m.[38;2;17;49;51m.[38;2;15;42;50m.[38;2;4;25;29m [38;2;17;45;51m.[38;2;13;34;33m [38;2;3;3;2m [38;2;8;34;34m [38;2;7;34;38m [38;2;10;33;36m [38;2;12;33;25m [38;2;14;44;43m.[38;2;10;37;37m.[0m
[0m[38;2;24;52;51m.[38;2;20;44;50m.[38;2;18;29;32m [38;2;2;11;13m [38;2;15;41;46m.[38;2;5;29;30m [38;2;81;145;136ml[38;2;10;23;27m [38;2;7;20;24m [38;2;6;24;28m [38;2;8;25;28m [38;2;9;25;29m [38;2;0;2;6m [38;2;136;170;199mx[38;2;100;111;122m:[38;2;5;22;29m [38;2;11;32;34m [38;2;0;5;1m [38;2;0;5;1m [38;2;0;4;2m [38;2;0;5;3m [38;2;0;3;5m [38;2;3;11;8m [38;2;6;13;19m [38;2;8;20;40m [38;2;11;23;61m [38;2;14;39;72m.[38;2;6;16;45m [38;2;24;51;121m.[38;2;16;56;140m.[38;2;23;55;149m.[38;2;24;54;155m.[38;2;23;59;169m.[38;2;20;56;178m.[38;2;16;47;190m.[38;2;55;128;208mc[38;2;30;62;164m'[38;2;22;61;168m.[38;2;47;95;152m;[38;2;45;79;152m,[38;2;12;26;84m [38;2;40;82;183m,[38;2;101;132;180ml[38;2;11;45;198m.[38;2;5;139;255mc[38;2;117;255;255mK[38;2;127;225;255m0[38;2;69;251;255m0[38;2;102;255;255mK[38;2;111;255;255mK[38;2;88;255;255mK[38;2;90;255;255mK[38;2;97;255;255mK[38;2;108;255;255mK[38;2;128;255;255mX[38;2;115;255;255mK[38;2;10;125;255m:[38;2;31;71;213m'[38;2;117;179;247mx[38;2;6;25;68m [38;2;7;29;75m [38;2;8;26;46m [38;2;67;91;100m,[38;2;70;92;101m,[38;2;73;97;97m;[38;2;71;84;93m,[38;2;74;90;89m,[38;2;47;70;79m'[38;2;79;103;110m;[38;2;57;85;102m,[38;2;3;26;23m [38;2;9;24;25m [38;2;4;17;13m [38;2;11;35;39m [38;2;16;48;57m.[38;2;10;32;28m [38;2;26;47;45m.[38;2;13;30;20m [38;2;8;42;43m.[38;2;8;41;44m.[0m
[0m[38;2;25;52;59m.[38;2;22;45;54m.[38;2;18;36;32m.[38;2;5;16;19m [38;2;18;46;46m.[38;2;2;32;38m [38;2;81;144;144ml[38;2;12;36;46m.[38;2;1;7;8m [38;2;13;36;44m.[38;2;4;19;17m [38;2;17;29;30m [38;2;68;93;122m;[38;2;196;218;224mK[38;2;8;13;24m [38;2;13;41;62m.[38;2;7;30;38m [38;2;16;36;50m.[38;2;14;37;51m.[38;2;11;23;35m [38;2;6;15;15m [38;2;40;47;51m.[38;2;38;48;47m.[38;2;35;45;46m.[38;2;39;44;59m.[38;2;43;48;63m.[38;2;39;45;56m.[38;2;39;39;57m.[38;2;28;30;73m.[38;2;40;43;93m.[38;2;30;38;84m.[38;2;14;21;68m [38;2;18;32;100m.[38;2;19;34;117m.[38;2;15;41;118m.[38;2;30;64;138m.[38;2;22;43;87m.[38;2;23;44;118m.[38;2;21;56;118m.[38;2;19;50;106m.[38;2;0;10;65m [38;2;77;116;205mc[38;2;94;116;165mc[38;2;44;77;179m,[38;2;45;139;251ml[38;2;63;173;244md[38;2;150;235;255mK[38;2;74;248;255m0[38;2;107;255;255mK[38;2;95;255;255mK[38;2;78;255;255m0[38;2;99;255;255mK[38;2;93;255;255mK[38;2;77;255;255m0[38;2;93;255;255mK[38;2;110;255;255mK[38;2;6;142;255mc[38;2;66;145;254mo[38;2;107;159;239md[38;2;4;23;63m [38;2;15;35;86m.[38;2;9;34;61m.[38;2;10;24;58m [38;2;5;21;52m [38;2;15;26;52m [38;2;30;26;48m.[38;2;46;42;48m.[38;2;53;56;54m.[38;2;51;45;34m.[38;2;127;135;130ml[38;2;53;52;39m.[38;2;67;58;35m.[38;2;106;92;62m;[38;2;99;90;61m;[38;2;47;51;41m.[38;2;53;41;32m.[38;2;68;68;50m'[38;2;38;50;51m.[38;2;10;31;44m [38;2;6;37;45m [0m
[0m[38;2;22;48;52m.[38;2;25;44;55m.[38;2;13;35;32m [38;2;6;15;20m [38;2;24;42;45m.[38;2;5;29;46m [38;2;75;148;152ml[38;2;19;39;47m.[38;2;13;38;46m.[38;2;3;17;22m [38;2;9;24;27m [38;2;18;37;62m.[38;2;207;229;249mX[38;2;49;60;70m.[38;2;7;38;51m.[38;2;7;45;65m.[38;2;2;29;29m [38;2;13;46;67m.[38;2;21;46;76m.[38;2;6;16;24m [38;2;60;85;88m,[38;2;158;194;202mO[38;2;152;177;197mk[38;2;140;173;190mx[38;2;145;176;206mk[38;2;148;182;215mk[38;2;131;156;194md[38;2;144;148;195md[38;2;103;121;180ml[38;2;122;157;200md[38;2;111;129;173ml[38;2;113;135;158ml[38;2;58;76;131m,[38;2;86;93;124m;[38;2;24;26;55m [38;2;8;13;41m [38;2;1;9;44m [38;2;13;27;66m [38;2;9;33;82m.[38;2;12;29;75m.[38;2;4;15;81m [38;2;111;153;229md[38;2;57;80;140m,[38;2;14;39;144m.[38;2;72;115;214mc[38;2;6;35;157m.[38;2;215;250;255mW[38;2;1;88;228m,[38;2;44;159;255mo[38;2;56;197;255mx[38;2;57;227;255mk[38;2;83;232;255mO[38;2;95;255;255mK[38;2;87;255;255mK[38;2;89;255;255mK[38;2;118;255;255mK[38;2;5;130;255m:[38;2;19;86;239m,[38;2;114;167;241mx[38;2;5;19;82m [38;2;75;93;139m;[38;2;99;102;97m:[38;2;179;156;93md[38;2;204;192;98mO[38;2;211;203;107m0[38;2;228;208;112mK[38;2;242;221;113mX[38;2;253;236;114mN[38;2;255;231;110mX[38;2;255;233;106mX[38;2;255;241;102mN[38;2;255;239;99mN[38;2;255;236;105mN[38;2;255;234;101mX[38;2;247;222;99mX[38;2;237;199;87m0[38;2;255;234;106mX[38;2;211;179;84mk[38;2;170;145;71mo[38;2;83;80;62m,[0m
[0m[38;2;19;49;48m.[38;2;19;43;60m.[38;2;12;31;27m [38;2;7;17;28m [38;2;13;43;48m.[38;2;4;27;44m [38;2;81;153;150ml[38;2;7;22;19m [38;2;36;69;70m.[38;2;34;65;75m.[38;2;18;30;41m [38;2;119;159;197md[38;2;117;135;151ml[38;2;21;45;43m.[38;2;23;51;60m.[38;2;31;63;77m.[38;2;4;18;27m [38;2;14;51;76m.[38;2;11;42;69m.[38;2;8;27;38m [38;2;2;14;23m [38;2;25;49;53m.[38;2;19;33;55m.[38;2;12;27;39m [38;2;12;26;55m [38;2;13;37;74m.[38;2;15;27;95m.[38;2;29;50;151m.[38;2;17;51;160m.[38;2;8;28;140m.[38;2;25;47;172m.[38;2;24;60;185m'[38;2;37;59;163m'[38;2;107;125;190ml[38;2;174;205;234m0[38;2;91;99;128m:[38;2;4;13;53m [38;2;4;14;72m [38;2;0;13;61m [38;2;0;5;19m [38;2;14;20;86m [38;2;137;178;246mk[38;2;10;19;38m [38;2;7;14;35m [38;2;18;34;75m.[38;2;17;33;120m.[38;2;215;254;255mW[38;2;4;15;95m [38;2;21;52;172m.[38;2;13;65;208m'[38;2;40;113;225m:[38;2;3;79;232m'[38;2;14;128;250m:[38;2;33;168;255mo[38;2;48;186;255md[38;2;74;202;255mk[38;2;1;77;242m'[38;2;29;49;185m.[38;2;160;180;179mk[38;2;204;194;140mO[38;2;235;210;117mK[38;2;224;191;77mO[38;2;209;154;48mx[38;2;145;101;39m:[38;2;202;153;62mx[38;2;219;153;53mx[38;2;221;160;56mx[38;2;221;161;56mx[38;2;190;131;45mo[38;2;218;140;40md[38;2;255;242;107mN[38;2;255;224;82mX[38;2;255;222;84mX[38;2;255;223;84mX[38;2;255;227;86mX[38;2;255;226;84mX[38;2;255;220;86mX[38;2;255;218;78mK[38;2;255;225;81mX[38;2;255;231;102mX[0m
[0m[38;2;23;49;51m.[38;2;22;44;54m.[38;2;7;24;27m [38;2;7;17;26m [38;2;13;41;51m.[38;2;5;30;47m [38;2;77;151;164ml[38;2;1;8;8m [38;2;7;42;52m.[38;2;7;34;42m [38;2;27;42;96m.[38;2;182;201;222m0[38;2;5;11;16m [38;2;55;115;122m;[38;2;60;121;135m:[38;2;73;131;153mc[38;2;15;35;37m.[38;2;50;87;107m,[38;2;25;57;74m.[38;2;29;57;79m.[38;2;25;59;83m.[38;2;32;59;90m.[38;2;24;47;89m.[38;2;26;46;90m.[38;2;19;37;102m.[38;2;15;31;136m.[38;2;0;39;194m.[38;2;15;110;245m;[38;2;15;138;254mc[38;2;4;111;245m;[38;2;12;112;247m;[38;2;4;104;243m;[38;2;14;97;240m;[38;2;0;29;189m.[38;2;26;75;230m,[38;2;191;230;255mX[38;2;47;62;164m'[38;2;17;57;174m.[38;2;6;23;89m [38;2;10;16;73m [38;2;19;43;129m.[38;2;156;207;254m0[38;2;4;5;20m [38;2;26;43;97m.[38;2;2;15;53m [38;2;21;43;134m.[38;2;211;247;255mN[38;2;0;0;8m [38;2;1;7;42m [38;2;2;15;55m [38;2;6;20;73m [38;2;6;32;112m.[38;2;20;41;129m.[38;2;6;44;162m.[38;2;13;49;158m.[38;2;37;66;176m'[38;2;111;90;110m:[38;2;211;185;156mO[38;2;210;158;63mx[38;2;143;112;59mc[38;2;136;91;41m:[38;2;160;107;38mc[38;2;147;108;49mc[38;2;159;110;45mc[38;2;161;113;41mc[38;2;126;79;29m;[38;2;155;106;41mc[38;2;152;104;44mc[38;2;87;56;23m.[38;2;214;135;43md[38;2;255;246;115mN[38;2;255;225;81mX[38;2;255;222;85mX[38;2;255;222;81mX[38;2;255;222;81mX[38;2;255;225;81mX[38;2;255;221;80mX[38;2;255;220;80mK[38;2;255;218;79mK[38;2;255;218;74mK[0m
[0m[38;2;29;47;53m.[38;2;14;44;59m.[38;2;6;26;26m [38;2;5;23;27m [38;2;25;43;52m.[38;2;4;27;47m [38;2;86;159;167mo[38;2;1;8;7m [38;2;8;45;59m.[38;2;6;23;27m [38;2;97;140;202mo[38;2;75;92;102m;[38;2;4;30;38m [38;2;23;47;60m.[38;2;70;149;150ml[38;2;82;145;172ml[38;2;10;35;34m [38;2;58;103;133m;[38;2;4;41;67m.[38;2;15;48;77m.[38;2;16;45;85m.[38;2;12;41;84m.[38;2;16;42;99m.[38;2;72;136;208ml[38;2;70;146;231ml[38;2;59;157;253mo[38;2;19;155;255ml[38;2;105;237;255m0[38;2;120;243;255mK[38;2;115;247;255mK[38;2;95;244;255m0[38;2;85;236;255m0[38;2;62;219;255mk[38;2;47;188;255md[38;2;20;156;255ml[38;2;94;214;255mO[38;2;121;137;228mo[38;2;11;59;214m.[38;2;5;24;110m [38;2;11;19;101m [38;2;41;83;188m,[38;2;172;221;250mK[38;2;3;11;36m [38;2;20;54;98m.[38;2;4;19;49m [38;2;12;30;104m.[38;2;204;240;250mN[38;2;15;19;17m [38;2;43;46;59m.[38;2;51;54;72m.[38;2;53;62;93m.[38;2;51;54;70m.[38;2;23;28;40m [38;2;61;67;95m'[38;2;60;64;79m'[38;2;191;163;148mk[38;2;179;132;53mo[38;2;141;106;49m:[38;2;119;97;64m:[38;2;78;63;46m'[38;2;118;91;42m;[38;2;118;87;45m;[38;2;135;95;44m:[38;2;156;115;56mc[38;2;117;78;36m,[38;2;195;123;26ml[38;2;142;104;47m:[38;2;111;85;38m;[38;2;55;48;31m.[38;2;155;115;54mc[38;2;255;244;116mN[38;2;255;224;81mX[38;2;255;221;80mX[38;2;255;220;80mX[38;2;255;222;79mX[38;2;255;222;78mX[38;2;255;220;76mK[38;2;255;220;78mK[38;2;255;219;78mK[38;2;255;221;76mX[0m
[0m[38;2;24;48;47m.[38;2;17;45;54m.[38;2;10;24;29m [38;2;11;24;28m [38;2;16;43;50m.[38;2;2;29;43m [38;2;90;163;159mo[38;2;0;7;4m [38;2;11;45;56m.[38;2;22;37;58m.[38;2;131;184;231mk[38;2;6;19;24m [38;2;10;44;50m.[38;2;5;30;33m [38;2;55;117;126m:[38;2;73;142;152ml[38;2;10;23;31m [38;2;92;163;170mo[38;2;10;32;61m [38;2;11;45;76m.[38;2;15;46;91m.[38;2;16;48;98m.[38;2;11;34;110m.[38;2;50;111;193m:[38;2;76;157;244mo[38;2;75;180;255mx[38;2;5;204;255md[38;2;136;255;255mX[38;2;171;255;255mN[38;2;165;255;255mN[38;2;167;255;255mN[38;2;163;255;255mN[38;2;167;255;255mN[38;2;169;255;255mN[38;2;196;255;255mN[38;2;75;245;255m0[38;2;88;178;251mx[38;2;13;85;241m,[38;2;30;80;206m,[38;2;6;30;120m.[38;2;69;134;232ml[38;2;159;170;203mk[38;2;11;25;55m [38;2;23;45;89m.[38;2;6;20;44m [38;2;10;30;81m.[38;2;166;213;237m0[38;2;18;23;23m [38;2;78;85;95m,[38;2;104;113;118mc[38;2;104;112;115m:[38;2;108;121;122mc[38;2;41;53;59m.[38;2;126;142;160mo[38;2;107;135;133ml[38;2;112;134;139ml[38;2;110;127;141ml[38;2;71;90;97m,[38;2;100;97;99m;[38;2;72;67;63m'[38;2;14;31;36m [38;2;36;58;81m.[38;2;94;112;126m:[38;2;104;109;104m:[38;2;124;104;78m:[38;2;194;127;30mo[38;2;119;85;43m;[38;2;39;33;15m.[38;2;60;54;40m.[38;2;165;133;79mo[38;2;255;237;96mN[38;2;255;226;80mX[38;2;255;222;76mX[38;2;255;224;78mX[38;2;255;222;78mX[38;2;255;220;78mK[38;2;255;219;78mK[38;2;255;220;77mK[38;2;255;220;78mK[38;2;255;220;76mK[0m
[0m[38;2;22;42;40m.[38;2;13;36;43m.[38;2;12;21;24m [38;2;7;27;25m [38;2;16;44;52m.[38;2;5;30;39m [38;2;90;153;155mo[38;2;2;13;17m [38;2;6;39;42m.[38;2;29;51;91m.[38;2;158;207;243m0[38;2;1;21;17m [38;2;7;45;51m.[38;2;10;44;47m.[38;2;18;49;61m.[38;2;80;151;149ml[38;2;19;32;40m.[38;2;86;170;170md[38;2;39;82;104m'[38;2;9;38;74m.[38;2;12;49;91m.[38;2;22;49;106m.[38;2;14;50;120m.[38;2;21;67;181m'[38;2;85;168;252md[38;2;56;201;255mx[38;2;2;215;255md[38;2;180;255;255mN[38;2;178;255;255mN[38;2;166;255;255mN[38;2;170;255;255mN[38;2;159;255;255mN[38;2;154;255;255mX[38;2;156;255;255mX[38;2;211;255;255mW[38;2;92;252;255mK[38;2;78;204;255mk[38;2;45;129;246mc[38;2;11;55;207m.[38;2;3;41;150m.[38;2;134;197;255mO[38;2;124;133;148ml[38;2;50;99;140m;[38;2;78;135;167mc[38;2;1;3;16m [38;2;11;33;87m.[38;2;180;223;245mK[38;2;10;20;21m [38;2;12;37;55m.[38;2;18;46;71m.[38;2;9;22;31m [38;2;14;45;53m.[38;2;8;21;41m [38;2;8;18;23m [38;2;5;5;8m [38;2;11;4;13m [38;2;193;159;111mx[38;2;222;194;104m0[38;2;192;134;64mo[38;2;248;238;141mN[38;2;201;181;93mk[38;2;138;106;55m:[38;2;102;102;64m;[38;2;122;129;95ml[38;2;154;170;144mx[38;2;131;111;62mc[38;2;180;150;76md[38;2;136;114;55mc[38;2;193;177;83mk[38;2;255;239;100mN[38;2;255;223;82mX[38;2;255;223;80mX[38;2;255;223;78mX[38;2;255;224;79mX[38;2;255;220;79mX[38;2;255;221;75mX[38;2;255;222;79mX[38;2;255;221;79mX[38;2;255;221;76mX[38;2;255;222;77mX[0m
[0m[38;2;41;69;64m.[38;2;31;69;67m.[38;2;37;69;74m.[38;2;11;25;29m [38;2;12;47;49m.[38;2;4;30;38m [38;2;85;146;147ml[38;2;6;20;18m [38;2;27;55;59m.[38;2;28;51;104m.[38;2;160;191;215mO[38;2;22;46;47m.[38;2;28;64;67m.[38;2;28;63;67m.[38;2;28;61;70m.[38;2;66;117;120m:[38;2;35;62;61m.[38;2;58;112;112m;[38;2;83;148;155ml[38;2;28;55;83m.[38;2;21;53;97m.[38;2;23;52;109m.[38;2;10;50;121m.[38;2;13;49;158m.[38;2;73;154;247mo[38;2;67;199;255mx[38;2;0;222;255mx[38;2;213;255;255mW[38;2;180;255;255mN[38;2;178;255;255mN[38;2;169;255;255mN[38;2;168;255;255mN[38;2;169;255;255mN[38;2;158;255;255mX[38;2;188;255;255mN[38;2;70;244;255m0[38;2;75;190;255mx[38;2;71;168;252md[38;2;35;92;196m,[38;2;31;65;177m'[38;2;242;255;255mM[38;2;41;62;113m.[38;2;12;33;93m.[38;2;83;151;188mo[38;2;0;10;25m [38;2;5;25;78m [38;2;166;206;224m0[38;2;10;22;32m [38;2;14;53;73m.[38;2;15;47;75m.[38;2;13;26;38m [38;2;43;72;92m'[38;2;22;49;78m.[38;2;48;82;95m'[38;2;58;113;119m;[38;2;41;74;79m'[38;2;29;35;42m.[38;2;61;57;55m.[38;2;123;100;82m:[38;2;172;139;81mo[38;2;223;186;126mO[38;2;244;234;141mN[38;2;255;236;150mN[38;2;255;237;131mN[38;2;255;238;125mN[38;2;255;238;111mN[38;2;242;215;96mK[38;2;249;220;95mK[38;2;255;230;93mX[38;2;255;221;84mX[38;2;255;223;85mX[38;2;255;224;81mX[38;2;255;223;83mX[38;2;255;224;80mX[38;2;255;222;79mX[38;2;255;223;80mX[38;2;255;224;80mX[38;2;255;220;80mK[38;2;255;222;79mX[38;2;255;220;76mK[0m
[0m[38;2;25;49;56m.[38;2;12;46;52m.[38;2;17;46;52m.[38;2;5;20;32m [38;2;13;46;57m.[38;2;5;29;37m [38;2;78;140;132mc[38;2;2;11;18m [38;2;10;40;44m.[38;2;25;37;76m.[38;2;203;239;243mN[38;2;1;9;14m [38;2;3;32;45m [38;2;48;100;102m,[38;2;19;49;59m.[38;2;13;48;51m.[38;2;68;124;129m:[38;2;6;13;18m [38;2;31;73;85m.[38;2;40;82;96m'[38;2;34;77;116m'[38;2;35;81;118m'[38;2;37;74;119m'[38;2;30;75;150m'[38;2;33;106;205m;[38;2;32;132;241mc[38;2;29;190;255md[38;2;104;212;255mO[38;2;102;246;255mK[38;2;105;248;255mK[38;2;117;252;255mK[38;2;117;254;255mK[38;2;132;255;255mX[38;2;133;255;255mX[38;2;118;247;255mK[38;2;91;221;255mO[38;2;73;171;253md[38;2;58;144;238ml[38;2;62;119;194mc[38;2;103;129;194ml[38;2;199;226;250mX[38;2;2;15;48m [38;2;11;40;91m.[38;2;31;71;118m'[38;2;5;21;40m [38;2;7;27;68m [38;2;158;192;215mO[38;2;4;28;33m [38;2;7;51;72m.[38;2;18;49;76m.[38;2;7;20;33m [38;2;97;154;162mo[38;2;15;42;58m.[38;2;10;30;56m [38;2;56;117;135m:[38;2;67;107;121m;[38;2;14;32;46m [38;2;2;32;55m [38;2;99;147;215mo[38;2;19;39;113m.[38;2;44;104;238m:[38;2;121;195;245mk[38;2;129;199;254mO[38;2;150;219;253m0[38;2;183;194;232m0[38;2;224;198;186mK[38;2;159;124;62ml[38;2;218;184;103mO[38;2;222;190;80mO[38;2;238;197;72m0[38;2;246;213;86mK[38;2;255;232;86mX[38;2;255;231;91mX[38;2;255;232;84mX[38;2;255;231;82mX[38;2;255;229;81mX[38;2;255;230;85mX[38;2;255;227;95mX[38;2;255;229;86mX[38;2;255;224;76mX[0m
[0m[38;2;24;49;52m.[38;2;8;47;58m.[38;2;22;47;55m.[38;2;4;19;36m [38;2;15;47;52m.[38;2;7;29;44m [38;2;80;148;147ml[38;2;13;27;45m [38;2;14;48;51m.[38;2;6;12;37m [38;2;184;208;237mK[38;2;36;45;54m.[38;2;8;31;46m [38;2;27;59;61m.[38;2;76;136;136mc[38;2;4;23;36m [38;2;67;117;132m:[38;2;1;12;15m [38;2;18;46;64m.[38;2;18;47;67m.[38;2;13;49;80m.[38;2;15;50;74m.[38;2;15;44;94m.[38;2;16;49;112m.[38;2;16;53;146m.[38;2;13;60;177m.[38;2;40;109;222m:[38;2;14;74;219m'[38;2;16;120;244m:[38;2;3;127;251m:[38;2;12;136;249mc[38;2;14;151;254ml[38;2;4;149;254mc[38;2;8;140;253mc[38;2;9;135;251mc[38;2;122;190;252mk[38;2;31;74;199m'[38;2;15;71;175m'[38;2;14;40;115m.[38;2;173;203;238m0[38;2;39;63;108m.[38;2;20;46;86m.[38;2;28;64;100m.[38;2;37;78;106m'[38;2;22;41;55m.[38;2;9;25;76m [38;2;145;173;207mk[38;2;22;50;57m.[38;2;36;63;97m.[38;2;38;75;98m'[38;2;28;40;53m.[38;2;68;111;125m:[38;2;57;112;122m;[38;2;19;38;61m.[38;2;12;37;59m.[38;2;46;82;104m'[38;2;9;27;38m [38;2;24;41;101m.[38;2;117;144;176mo[38;2;10;47;194m.[38;2;50;145;255ml[38;2;63;222;255mk[38;2;179;255;255mN[38;2;166;255;255mN[38;2;37;211;255mx[38;2;70;98;230m:[38;2;133;110;122mc[38;2;173;130;80mo[38;2;202;148;60md[38;2;203;125;33mo[38;2;192;120;34ml[38;2;202;133;33mo[38;2;210;147;42md[38;2;215;156;49mx[38;2;211;164;52mx[38;2;218;165;46mx[38;2;220;160;48mx[38;2;211;150;49mx[38;2;195;132;38mo[38;2;205;141;37md[0m
[0m[38;2;24;51;50m.[38;2;14;46;60m.[38;2;15;49;50m.[38;2;5;17;27m [38;2;12;49;56m.[38;2;3;32;43m [38;2;73;134;132mc[38;2;8;29;33m [38;2;11;47;45m.[38;2;3;21;29m [38;2;97;124;185ml[38;2;128;144;151mo[38;2;8;26;34m [38;2;12;37;56m.[38;2;41;88;94m'[38;2;51;102;109m;[38;2;64;116;125m:[38;2;4;11;21m [38;2;17;47;63m.[38;2;12;47;63m.[38;2;13;47;65m.[38;2;17;48;71m.[38;2;15;45;80m.[38;2;13;46;83m.[38;2;13;46;105m.[38;2;15;48;111m.[38;2;28;55;136m.[38;2;13;34;106m.[38;2;24;61;168m.[38;2;15;66;179m'[38;2;22;67;182m'[38;2;14;75;182m'[38;2;12;64;194m.[38;2;13;63;168m.[38;2;29;79;198m,[38;2;138;190;246mO[38;2;11;28;91m.[38;2;5;42;109m.[38;2;32;57;134m.[38;2;167;194;213mO[38;2;0;3;28m [38;2;13;43;98m.[38;2;16;54;101m.[38;2;22;54;92m.[38;2;32;60;80m.[38;2;12;26;63m [38;2;147;165;190mx[38;2;8;25;41m [38;2;20;48;78m.[38;2;24;56;77m.[38;2;61;89;108m,[38;2;11;25;38m [38;2;23;62;83m.[38;2;31;60;82m.[38;2;27;64;82m.[38;2;55;88;106m,[38;2;7;20;47m [38;2;101;117;151mc[38;2;62;87;123m,[38;2;39;79;186m,[38;2;22;60;205m'[38;2;73;211;252mk[38;2;132;193;255mO[38;2;78;214;255mk[38;2;101;217;255mO[38;2;0;7;145m [38;2;4;9;38m [38;2;96;115;153mc[38;2;55;51;37m.[38;2;83;76;63m,[38;2;94;79;52m,[38;2;110;85;30m,[38;2;120;88;32m;[38;2;132;91;36m;[38;2;140;94;26m:[38;2;167;104;23mc[38;2;174;114;34ml[38;2;178;112;28ml[38;2;133;93;36m:[38;2;81;65;35m'[0m
[0m[38;2;25;45;43m.[38;2;9;38;45m.[38;2;8;46;42m.[38;2;0;13;11m [38;2;6;45;54m.[38;2;53;101;115m;[38;2;56;102;100m;[38;2;1;13;13m [38;2;9;30;35m [38;2;5;24;26m [38;2;25;41;72m.[38;2;160;195;227mO[38;2;19;37;42m.[38;2;5;28;33m [38;2;2;26;33m [38;2;43;85;87m'[38;2;50;86;81m'[38;2;0;4;8m [38;2;16;34;39m.[38;2;6;33;37m [38;2;5;35;44m [38;2;8;34;39m [38;2;7;35;43m [38;2;11;33;46m [38;2;10;32;56m [38;2;7;35;59m.[38;2;16;33;68m.[38;2;4;17;49m [38;2;12;31;80m.[38;2;12;34;81m.[38;2;10;31;96m.[38;2;8;36;88m.[38;2;11;36;93m.[38;2;17;25;79m [38;2;25;64;170m'[38;2;155;215;255m0[38;2;4;10;50m [38;2;5;24;82m [38;2;127;171;234mx[38;2;79;97;124m;[38;2;6;17;58m [38;2;11;34;79m.[38;2;16;42;83m.[38;2;15;37;81m.[38;2;11;29;52m [38;2;25;35;114m.[38;2;137;158;170md[38;2;7;18;28m [38;2;12;30;55m [38;2;10;35;56m.[38;2;20;39;52m.[38;2;7;20;22m [38;2;16;34;46m.[38;2;12;32;50m [38;2;12;33;42m [38;2;14;36;51m.[38;2;2;14;38m [38;2;138;167;210mx[38;2;8;15;48m [38;2;12;30;71m.[38;2;60;83;156m,[38;2;70;102;159m:[38;2;3;26;133m.[38;2;106;142;241mo[38;2;139;150;175md[38;2;0;0;3m [38;2;96;110;153mc[38;2;50;59;68m.[38;2;8;19;24m [38;2;14;56;73m.[38;2;13;46;58m.[38;2;7;16;16m [38;2;10;37;41m.[38;2;32;45;48m.[38;2;27;41;46m.[38;2;11;20;22m [38;2;10;22;23m [38;2;52;57;55m.[38;2;25;42;51m.[38;2;27;60;71m.[0m
[0m[38;2;19;51;57m.[38;2;9;49;60m.[38;2;9;33;38m [38;2;1;17;18m [38;2;14;38;50m.[38;2;65;119;127m:[38;2;52;104;117m;[38;2;2;11;15m [38;2;1;9;7m [38;2;5;18;21m [38;2;6;15;18m [38;2;55;87;140m,[38;2;124;155;189md[38;2;22;30;27m [38;2;2;3;0m [38;2;2;5;0m [38;2;0;5;1m [38;2;13;25;27m [38;2;8;28;32m [38;2;5;12;11m [38;2;4;19;18m [38;2;4;17;22m [38;2;4;14;12m [38;2;0;6;7m [38;2;0;5;9m [38;2;0;8;8m [38;2;1;8;15m [38;2;11;23;46m [38;2;6;28;43m [38;2;7;19;39m [38;2;1;12;31m [38;2;4;18;50m [38;2;7;21;40m [38;2;0;3;8m [38;2;33;71;185m'[38;2;179;241;255mX[38;2;0;1;44m [38;2;33;70;187m'[38;2;177;216;244mK[38;2;45;59;117m.[38;2;67;90;123m,[38;2;70;84;127m,[38;2;74;94;120m;[38;2;76;95;112m;[38;2;85;97;121m;[38;2;26;36;112m.[38;2;136;149;170md[38;2;72;81;83m,[38;2;38;45;59m.[38;2;10;15;29m [38;2;2;0;6m [38;2;11;19;30m [38;2;9;20;36m [38;2;4;11;15m [38;2;2;5;10m [38;2;0;7;12m [38;2;0;2;15m [38;2;132;171;219mx[38;2;25;30;29m [38;2;24;34;35m.[38;2;128;152;179md[38;2;54;64;92m'[38;2;8;12;46m [38;2;225;243;255mW[38;2;24;37;47m.[38;2;37;47;69m.[38;2;99;122;148mc[38;2;2;1;0m [38;2;12;24;32m [38;2;15;53;78m.[38;2;15;46;54m.[38;2;9;19;16m [38;2;19;37;43m.[38;2;11;30;33m [38;2;15;28;33m [38;2;21;43;54m.[38;2;8;36;42m [38;2;76;119;118m:[38;2;24;46;60m.[38;2;21;50;61m.[0m
[0m[38;2;17;55;53m.[38;2;10;51;60m.[38;2;9;37;40m [38;2;3;16;20m [38;2;12;36;58m.[38;2;72;128;127mc[38;2;47;102;109m,[38;2;3;14;29m [38;2;0;10;10m [38;2;11;48;60m.[38;2;5;26;35m [38;2;7;27;31m [38;2;50;87;144m,[38;2;136;165;203mx[38;2;65;71;75m'[38;2;1;2;0m [38;2;0;2;1m [38;2;20;59;81m.[38;2;12;55;75m.[38;2;3;19;19m [38;2;16;45;55m.[38;2;2;29;42m [38;2;2;18;22m [38;2;0;10;3m [38;2;0;9;6m [38;2;0;7;7m [38;2;1;14;19m [38;2;10;55;80m.[38;2;11;55;87m.[38;2;5;21;36m [38;2;4;27;43m [38;2;3;21;47m [38;2;14;36;74m.[38;2;0;0;18m [38;2;31;79;191m,[38;2;173;210;241m0[38;2;15;36;122m.[38;2;127;178;245mk[38;2;68;83;168m;[38;2;86;141;217ml[38;2;109;173;242mx[38;2;122;166;233mx[38;2;113;170;232mx[38;2;117;169;233mx[38;2;119;158;213md[38;2;20;43;141m.[38;2;123;161;195md[38;2;95;128;157mc[38;2;70;95;130m;[38;2;82;101;143m:[38;2;59;77;113m,[38;2;101;127;151ml[38;2;35;44;57m.[38;2;8;22;23m [38;2;2;4;14m [38;2;0;15;31m [38;2;4;10;29m [38;2;117;156;180md[38;2;88;104;108m:[38;2;61;82;123m,[38;2;129;169;228mx[38;2;49;59;122m.[38;2;81;97;172m:[38;2;160;186;221mO[38;2;71;100;145m;[38;2;112;142;194mo[38;2;9;14;22m [38;2;2;5;6m [38;2;7;23;30m [38;2;18;51;73m.[38;2;17;43;52m.[38;2;4;22;18m [38;2;17;43;52m.[38;2;15;49;55m.[38;2;0;4;1m [38;2;20;42;45m.[38;2;4;32;36m [38;2;80;121;124m:[38;2;12;32;35m [38;2;20;46;54m.[0m
[0m[38;2;19;52;57m.[38;2;9;49;57m.[38;2;5;33;39m [38;2;10;24;25m [38;2;8;34;55m [38;2;71;132;133mc[38;2;37;94;100m,[38;2;3;13;24m [38;2;4;17;19m [38;2;2;19;26m [38;2;13;44;48m.[38;2;5;36;39m [38;2;4;5;6m [38;2;30;56;98m.[38;2;135;177;220mk[38;2;125;134;144ml[38;2;33;36;36m.[38;2;7;40;59m.[38;2;5;55;66m.[38;2;8;34;41m [38;2;9;24;28m [38;2;12;46;50m.[38;2;1;16;17m [38;2;0;8;0m [38;2;0;9;1m [38;2;0;7;2m [38;2;0;13;19m [38;2;14;48;73m.[38;2;9;49;84m.[38;2;7;42;68m.[38;2;5;25;47m [38;2;12;40;79m.[38;2;14;30;88m.[38;2;0;0;51m [38;2;42;98;231m;[38;2;160;193;244mO[38;2;90;144;235mo[38;2;86;160;251md[38;2;7;112;233m;[38;2;10;126;241m:[38;2;2;144;254mc[38;2;2;135;250m:[38;2;2;129;251m:[38;2;2;115;248m;[38;2;3;86;234m,[38;2;18;80;234m,[38;2;120;142;203mo[38;2;0;29;117m.[38;2;0;5;48m [38;2;0;2;16m [38;2;3;5;15m [38;2;37;62;98m.[38;2;172;186;209mO[38;2;3;10;13m [38;2;5;13;39m [38;2;7;16;30m [38;2;25;36;80m.[38;2;102;131;151ml[38;2;13;26;78m [38;2;44;100;211m;[38;2;93;195;252mk[38;2;44;129;238mc[38;2;112;213;251mO[38;2;122;178;245mk[38;2;41;155;254ml[38;2;101;125;194ml[38;2;0;2;55m [38;2;0;6;21m [38;2;12;27;44m [38;2;21;50;70m.[38;2;18;44;55m.[38;2;7;22;21m [38;2;18;43;55m.[38;2;19;49;51m.[38;2;0;1;4m [38;2;15;45;42m.[38;2;25;58;57m.[38;2;49;92;98m,[38;2;9;38;41m.[38;2;21;43;52m.[0m
[0m[38;2;22;54;61m.[38;2;8;50;63m.[38;2;10;40;44m.[38;2;3;19;16m [38;2;6;39;54m.[38;2;71;140;150mc[38;2;38;84;91m'[38;2;4;9;14m [38;2;16;49;62m.[38;2;8;36;55m.[38;2;5;45;62m.[38;2;6;33;44m [38;2;2;11;11m [38;2;2;10;9m [38;2;13;27;39m [38;2;67;86;129m,[38;2;127;163;195md[38;2;117;145;161mo[38;2;79;89;97m,[38;2;17;47;55m.[38;2;5;36;47m [38;2;20;56;66m.[38;2;14;33;36m [38;2;19;37;36m.[38;2;20;40;33m.[38;2;20;38;33m.[38;2;0;11;15m [38;2;35;73;88m.[38;2;23;52;68m.[38;2;15;46;66m.[38;2;17;41;81m.[38;2;34;58;108m.[38;2;29;52;115m.[38;2;39;66;167m'[38;2;48;117;248mc[38;2;154;221;255mK[38;2;78;223;255mO[38;2;94;235;255m0[38;2;98;249;255mK[38;2;120;252;255mK[38;2;128;253;255mX[38;2;133;254;255mX[38;2;146;252;255mX[38;2;145;249;255mX[38;2;46;231;255mk[38;2;13;165;255ml[38;2;129;176;243mk[38;2;42;101;208m;[38;2;36;84;152m,[38;2;66;131;164mc[38;2;37;68;95m.[38;2;7;15;51m [38;2;167;185;234mO[38;2;5;12;28m [38;2;53;96;150m;[38;2;51;80;92m'[38;2;44;60;100m.[38;2;114;143;180mo[38;2;53;109;214m:[38;2;51;173;255md[38;2;113;232;255m0[38;2;80;253;255m0[38;2;110;255;255mK[38;2;178;255;255mN[38;2;25;188;254md[38;2;90;175;254mx[38;2;3;8;83m [38;2;0;8;34m [38;2;15;26;44m [38;2;18;55;72m.[38;2;15;42;58m.[38;2;9;24;23m [38;2;13;47;62m.[38;2;19;47;58m.[38;2;0;0;2m [38;2;8;41;41m.[38;2;69;110;115m;[38;2;14;44;46m.[38;2;15;44;52m.[38;2;25;43;58m.[0m
[0m[38;2;19;47;55m.[38;2;28;75;93m.[38;2;51;107;100m;[38;2;3;16;17m [38;2;5;40;54m.[38;2;77;144;153ml[38;2;36;89;87m'[38;2;13;21;20m [38;2;45;85;95m'[38;2;38;80;87m'[38;2;40;88;92m'[38;2;42;102;107m,[38;2;38;78;84m'[38;2;20;57;64m.[38;2;28;62;64m.[38;2;22;48;51m.[38;2;7;18;22m [38;2;29;67;86m.[38;2;83;104;144m:[38;2;96;128;167ml[38;2;88;123;150mc[38;2;68;107;140m:[38;2;99;125;131mc[38;2;96;136;145ml[38;2;108;143;155mo[38;2;111;151;155mo[38;2;101;121;130mc[38;2;113;139;154ml[38;2;116;145;155mo[38;2;116;133;157ml[38;2;117;141;164mo[38;2;110;143;182mo[38;2;48;104;187m;[38;2;41;94;212m;[38;2;55;150;255mo[38;2;136;230;255mK[38;2;64;242;255mO[38;2;209;255;255mW[38;2;172;255;255mN[38;2;183;255;255mN[38;2;198;255;255mW[38;2;202;255;255mW[38;2;211;255;255mW[38;2;225;255;255mW[38;2;57;252;255m0[38;2;5;209;255md[38;2;110;165;251mx[38;2;53;133;239mc[38;2;28;67;149m'[38;2;66;142;194ml[38;2;53;99;123m;[38;2;1;12;54m [38;2;169;190;237mO[38;2;20;28;60m.[38;2;12;54;97m.[38;2;32;61;75m.[38;2;46;63;114m'[38;2;109;133;168ml[38;2;18;34;148m.[38;2;67;135;227ml[38;2;70;159;239mo[38;2;62;248;255m0[38;2;175;255;255mN[38;2;42;230;255mk[38;2;1;63;238m'[38;2;53;105;208m:[38;2;36;50;116m.[38;2;0;6;29m [38;2;11;30;43m [38;2;17;57;77m.[38;2;11;42;58m.[38;2;12;26;28m [38;2;8;53;57m.[38;2;13;46;60m.[38;2;0;2;0m [38;2;19;56;58m.[38;2;61;107;109m;[38;2;4;25;34m [38;2;21;42;49m.[38;2;17;50;62m.[0m
[0m[38;2;39;67;76m.[38;2;84;162;177mo[38;2;23;55;41m.[38;2;4;20;24m [38;2;3;42;55m.[38;2;79;145;155ml[38;2;34;83;80m'[38;2;24;41;43m.[38;2;83;174;177md[38;2;63;141;147mc[38;2;61;144;137mc[38;2;57;147;145mc[38;2;72;159;157ml[38;2;15;51;64m.[38;2;5;45;57m.[38;2;8;46;54m.[38;2;3;15;25m [38;2;11;47;55m.[38;2;9;45;57m.[38;2;7;38;50m.[38;2;21;55;72m.[38;2;22;51;92m.[38;2;50;108;141m;[38;2;46;97;139m,[38;2;35;72;109m'[38;2;34;86;120m'[38;2;31;62;83m.[38;2;24;63;89m.[38;2;12;43;76m.[38;2;9;33;64m.[38;2;16;39;78m.[38;2;72;151;172ml[38;2;66;136;175mc[38;2;46;115;221m:[38;2;62;150;255mo[38;2;128;229;255m0[38;2;65;239;255mO[38;2;204;255;255mW[38;2;175;255;255mN[38;2;173;255;255mN[38;2;173;255;255mN[38;2;182;255;255mN[38;2;188;255;255mN[38;2;215;255;255mW[38;2;47;245;255mO[38;2;13;206;255md[38;2;104;150;247md[38;2;13;59;205m.[38;2;64;121;198mc[38;2;17;49;100m.[38;2;44;71;96m'[38;2;0;5;34m [38;2;164;188;226mO[38;2;24;37;72m.[38;2;11;37;69m.[38;2;11;29;36m [38;2;31;52;83m.[38;2;92;126;138mc[38;2;77;95;133m;[38;2;40;60;121m.[38;2;79;118;203mc[38;2;118;153;205md[38;2;62;160;247mo[38;2;23;85;199m,[38;2;0;8;100m [38;2;61;93;146m;[38;2;43;60;87m.[38;2;1;1;4m [38;2;8;28;36m [38;2;14;53;72m.[38;2;6;39;50m.[38;2;16;29;28m [38;2;3;36;39m [38;2;14;52;59m.[38;2;0;1;0m [38;2;68;133;120mc[38;2;15;51;49m.[38;2;9;42;57m.[38;2;20;35;38m.[38;2;11;49;47m.[0m
[0m[38;2;83;145;144ml[38;2;21;72;86m.[38;2;3;18;18m [38;2;3;19;24m [38;2;6;41;59m.[38;2;76;146;153ml[38;2;34;96;93m,[38;2;24;36;47m.[38;2;71;165;172mo[38;2;61;139;141mc[38;2;62;140;134mc[38;2;58;140;134mc[38;2;62;147;152ml[38;2;63;137;135mc[38;2;13;47;54m.[38;2;8;47;56m.[38;2;0;21;27m [38;2;12;45;59m.[38;2;9;49;62m.[38;2;8;49;59m.[38;2;8;48;62m.[38;2;4;33;48m [38;2;54;113;108m;[38;2;76;171;155mo[38;2;29;70;69m.[38;2;7;47;58m.[38;2;1;21;36m [38;2;15;51;68m.[38;2;12;53;71m.[38;2;10;53;77m.[38;2;3;45;73m.[38;2;34;74;117m'[38;2;56;126;164m:[38;2;32;77;178m'[38;2;103;157;252md[38;2;124;199;255mO[38;2;47;198;255mx[38;2;158;248;255mX[38;2;118;253;255mK[38;2;120;255;255mX[38;2;107;255;255mK[38;2;109;255;255mK[38;2;100;252;255mK[38;2;98;246;255m0[38;2;12;182;255mo[38;2;38;183;255md[38;2;126;143;212md[38;2;21;51;172m.[38;2;22;66;134m.[38;2;28;62;100m.[38;2;54;100;127m;[38;2;0;3;23m [38;2;155;176;212mk[38;2;31;59;93m.[38;2;12;49;75m.[38;2;16;55;77m.[38;2;13;25;44m [38;2;82;116;136m:[38;2;109;136;172ml[38;2;2;7;15m [38;2;185;204;237m0[38;2;16;31;69m.[38;2;89;135;167ml[38;2;5;11;30m [38;2;0;0;9m [38;2;116;138;149ml[38;2;14;23;32m [38;2;0;2;3m [38;2;11;29;32m [38;2;9;65;69m.[38;2;11;32;49m [38;2;11;31;34m [38;2;2;38;46m [38;2;9;50;64m.[38;2;16;29;22m [38;2;52;103;101m;[38;2;7;44;60m.[38;2;13;49;59m.[38;2;19;40;49m.[38;2;14;44;56m.[0m
[0m[38;2;35;72;68m.[38;2;5;43;58m.[38;2;1;28;20m [38;2;1;16;19m [38;2;3;36;42m [38;2;76;147;153ml[38;2;33;81;74m'[38;2;22;32;50m.[38;2;69;159;162ml[38;2;55;141;139mc[38;2;55;140;135mc[38;2;58;138;132mc[38;2;60;142;143mc[38;2;56;134;132mc[38;2;62;116;128m:[38;2;11;45;48m.[38;2;1;20;29m [38;2;8;47;58m.[38;2;10;48;57m.[38;2;6;44;50m.[38;2;6;40;51m.[38;2;5;39;52m.[38;2;6;28;35m [38;2;43;89;92m,[38;2;57;107;105m;[38;2;24;54;61m.[38;2;23;45;46m.[38;2;9;29;33m [38;2;19;47;55m.[38;2;19;49;64m.[38;2;23;54;75m.[38;2;25;49;70m.[38;2;31;64;97m.[38;2;12;27;92m.[38;2;108;170;235mx[38;2;132;150;223md[38;2;2;69;214m'[38;2;42;200;255mx[38;2;12;154;245ml[38;2;12;149;252mc[38;2;8;148;252mc[38;2;10;134;251mc[38;2;12;127;248m:[38;2;22;120;240m:[38;2;3;48;217m.[38;2;67;144;245ml[38;2;127;135;182mo[38;2;7;38;131m.[38;2;16;53;123m.[38;2;14;51;102m.[38;2;22;60;96m.[38;2;2;7;18m [38;2;133;160;208mx[38;2;72;98;117m;[38;2;5;27;45m [38;2;11;31;46m [38;2;1;7;15m [38;2;94;139;183ml[38;2;103;137;164ml[38;2;15;21;36m [38;2;167;175;181mk[38;2;79;106;117m:[38;2;28;37;45m.[38;2;1;0;2m [38;2;10;16;22m [38;2;131;166;181mx[38;2;0;0;0m [38;2;0;4;3m [38;2;14;32;32m [38;2;9;62;75m.[38;2;15;28;42m [38;2;8;30;31m [38;2;9;40;51m.[38;2;14;45;54m.[38;2;9;25;23m [38;2;10;47;48m.[38;2;6;47;52m.[38;2;11;40;50m.[38;2;17;41;52m.[38;2;11;36;50m.[0m
[0m[38;2;22;50;48m.[38;2;11;47;59m.[38;2;9;33;20m [38;2;4;14;17m [38;2;7;32;44m [38;2;75;138;155mc[38;2;28;75;64m.[38;2;15;27;36m [38;2;59;114;115m;[38;2;45;93;91m,[38;2;42;94;89m,[38;2;42;92;87m,[38;2;47;95;95m,[38;2;58;107;111m;[38;2;46;86;82m'[38;2;39;75;73m'[38;2;38;73;79m.[38;2;3;13;14m [38;2;6;42;47m.[38;2;5;40;44m.[38;2;9;39;48m.[38;2;12;40;50m.[38;2;23;53;62m.[38;2;18;53;59m.[38;2;20;57;64m.[38;2;23;63;73m.[38;2;53;100;108m,[38;2;2;20;11m [38;2;15;54;62m.[38;2;10;52;60m.[38;2;7;52;67m.[38;2;8;50;68m.[38;2;9;48;74m.[38;2;4;16;54m [38;2;108;162;216md[38;2;119;128;146ml[38;2;0;3;61m [38;2;92;171;238md[38;2;39;84;174m,[38;2;14;60;180m.[38;2;16;69;176m'[38;2;18;65;181m'[38;2;16;61;166m.[38;2;25;59;153m.[38;2;5;19;118m [38;2;103;148;222mo[38;2;120;129;142ml[38;2;5;16;53m [38;2;5;21;67m [38;2;6;19;57m [38;2;2;16;39m [38;2;0;1;21m [38;2;106;150;199mo[38;2;88;122;137mc[38;2;4;23;55m [38;2;18;57;100m.[38;2;2;21;47m [38;2;90;126;155mc[38;2;88;123;149mc[38;2;115;123;134ml[38;2;84;96;105m;[38;2;104;148;176mo[38;2;19;31;32m [38;2;14;23;28m [38;2;119;142;150mo[38;2;31;40;44m.[38;2;0;4;0m [38;2;0;5;4m [38;2;10;32;34m [38;2;6;62;69m.[38;2;17;29;43m [38;2;9;33;29m [38;2;8;37;45m.[38;2;6;31;34m [38;2;9;16;16m [38;2;7;46;52m.[38;2;10;40;54m.[38;2;9;34;42m [38;2;14;41;45m.[38;2;41;84;91m'[0m
[0m[38;2;18;39;38m.[38;2;9;38;46m.[38;2;3;32;27m [38;2;8;33;42m [38;2;6;29;41m [38;2;69;124;148mc[38;2;41;91;82m'[38;2;1;3;5m [38;2;6;34;33m [38;2;5;33;33m [38;2;13;46;48m.[38;2;20;55;54m.[38;2;25;59;70m.[38;2;27;66;73m.[38;2;29;65;67m.[38;2;37;77;90m'[38;2;88;169;170mo[38;2;1;5;7m [38;2;11;47;59m.[38;2;10;45;56m.[38;2;10;45;60m.[38;2;8;44;54m.[38;2;8;44;51m.[38;2;9;47;53m.[38;2;9;45;58m.[38;2;10;47;61m.[38;2;15;57;69m.[38;2;23;34;38m.[38;2;10;56;61m.[38;2;10;48;57m.[38;2;9;49;65m.[38;2;10;47;64m.[38;2;12;47;70m.[38;2;3;20;48m [38;2;119;158;195md[38;2;118;132;135ml[38;2;2;2;13m [38;2;58;116;138m:[38;2;44;86;103m'[38;2;6;23;58m [38;2;8;23;68m [38;2;7;20;67m [38;2;2;13;51m [38;2;0;16;57m [38;2;0;3;39m [38;2;124;159;214md[38;2;87;112;135m:[38;2;13;27;103m.[38;2;1;14;87m [38;2;0;19;85m [38;2;1;15;90m [38;2;0;2;82m [38;2;85;132;221ml[38;2;101;126;171ml[38;2;4;36;148m.[38;2;19;59;179m.[38;2;7;40;140m.[38;2;17;36;96m.[38;2;73;100;158m:[38;2;197;211;236mK[38;2;17;28;37m [38;2;129;153;165md[38;2;88;98;106m;[38;2;110;147;172mo[38;2;24;28;32m [38;2;0;5;0m [38;2;0;9;1m [38;2;0;5;6m [38;2;17;32;42m [38;2;9;56;65m.[38;2;9;41;51m.[38;2;9;19;18m [38;2;11;22;28m [38;2;6;26;26m [38;2;5;31;29m [38;2;13;41;45m.[38;2;40;82;91m'[38;2;54;103;106m;[38;2;65;118;128m:[38;2;46;96;104m,[0m
[0m[38;2;25;45;46m.[38;2;11;44;57m.[38;2;10;44;49m.[38;2;9;43;50m.[38;2;5;29;37m [38;2;65;115;142m:[38;2;50;102;85m,[38;2;0;11;13m [38;2;11;44;52m.[38;2;10;43;46m.[38;2;9;43;46m.[38;2;10;43;46m.[38;2;9;42;48m.[38;2;9;43;47m.[38;2;10;43;48m.[38;2;7;33;42m [38;2;57;105;109m;[38;2;2;9;9m [38;2;10;45;49m.[38;2;9;44;51m.[38;2;10;44;51m.[38;2;9;44;53m.[38;2;12;43;49m.[38;2;10;44;56m.[38;2;11;45;54m.[38;2;15;47;52m.[38;2;16;45;50m.[38;2;43;60;62m.[38;2;17;52;58m.[38;2;3;36;36m [38;2;4;33;40m [38;2;5;27;32m [38;2;4;19;20m [38;2;2;7;11m [38;2;105;151;185mo[38;2;128;134;134ml[38;2;4;14;21m [38;2;6;20;29m [38;2;9;14;25m [38;2;2;16;43m [38;2;23;64;100m.[38;2;2;18;41m [38;2;0;8;30m [38;2;0;18;44m [38;2;2;9;55m [38;2;143;168;227mx[38;2;52;81;146m,[38;2;17;51;177m.[38;2;7;39;176m.[38;2;3;52;193m.[38;2;1;69;199m.[38;2;0;68;221m'[38;2;49;173;252mo[38;2;81;171;242md[38;2;78;167;252md[38;2;106;193;255mk[38;2;3;133;254m:[38;2;27;73;196m'[38;2;10;36;148m.[38;2;190;209;236mK[38;2;69;94;122m;[38;2;99;120;149mc[38;2;51;81;93m'[38;2;59;101;138m;[38;2;2;1;2m [38;2;0;8;3m [38;2;0;8;1m [38;2;0;7;2m [38;2;18;32;37m [38;2;9;53;67m.[38;2;9;51;62m.[38;2;9;44;49m.[38;2;8;28;31m [38;2;21;56;59m.[38;2;29;67;68m.[38;2;39;83;89m'[38;2;35;72;83m.[38;2;16;45;62m.[38;2;8;44;56m.[38;2;6;44;55m.[0m
[0m[38;2;24;46;47m.[38;2;10;45;54m.[38;2;10;44;50m.[38;2;10;44;50m.[38;2;5;25;38m [38;2;57;105;121m;[38;2;54;120;100m;[38;2;1;8;11m [38;2;9;43;54m.[38;2;9;42;51m.[38;2;9;42;48m.[38;2;8;43;46m.[38;2;9;43;49m.[38;2;9;43;47m.[38;2;9;43;46m.[38;2;9;43;51m.[38;2;11;46;47m.[38;2;4;18;20m [38;2;15;50;52m.[38;2;14;44;49m.[38;2;9;41;41m.[38;2;9;36;37m [38;2;7;32;33m [38;2;5;26;29m [38;2;4;24;25m [38;2;6;19;16m [38;2;4;14;11m [38;2;8;19;19m [38;2;7;20;23m [38;2;0;4;3m [38;2;14;26;25m [38;2;13;28;32m [38;2;4;17;19m [38;2;0;0;0m [38;2;90;137;170ml[38;2;133;143;148mo[38;2;10;24;33m [38;2;10;30;44m [38;2;10;14;16m [38;2;8;22;53m [38;2;29;70;96m.[38;2;6;24;39m [38;2;0;5;27m [38;2;0;9;43m [38;2;11;25;113m.[38;2;146;186;251mO[38;2;30;121;233m:[38;2;41;155;255ml[38;2;62;180;255md[38;2;86;214;255mO[38;2;118;231;255m0[38;2;71;241;255m0[38;2;97;251;255mK[38;2;38;239;255mO[38;2;187;255;255mN[38;2;183;255;255mN[38;2;1;202;255md[38;2;8;72;247m'[38;2;78;110;202mc[38;2;130;135;141mo[38;2;20;37;67m.[38;2;82;113;147m:[38;2;6;29;37m [38;2;57;96;142m;[38;2;0;5;0m [38;2;0;8;4m [38;2;0;5;1m [38;2;0;5;0m [38;2;16;37;34m.[38;2;10;53;74m.[38;2;10;50;58m.[38;2;5;22;24m [38;2;4;24;28m [38;2;13;44;49m.[38;2;10;37;52m.[38;2;13;47;64m.[38;2;11;46;59m.[38;2;13;47;61m.[38;2;14;49;61m.[38;2;10;38;51m.[0m
[0m[38;2;20;45;47m.[38;2;9;44;51m.[38;2;9;40;51m.[38;2;10;43;46m.[38;2;5;25;45m [38;2;66;105;141m;[38;2;51;123;110m:[38;2;2;11;17m [38;2;9;43;54m.[38;2;9;44;50m.[38;2;9;44;52m.[38;2;8;45;56m.[38;2;6;41;43m.[38;2;8;37;37m [38;2;5;31;35m [38;2;5;27;29m [38;2;6;27;31m [38;2;2;8;10m [38;2;5;19;13m [38;2;5;12;12m [38;2;26;28;30m [38;2;51;51;51m..[38;2;50;53;51m.[38;2;51;53;51m.[38;2;49;52;51m.[38;2;47;44;41m.[38;2;48;63;68m.[38;2;32;56;54m.[38;2;34;31;28m.[38;2;20;28;30m [38;2;12;27;33m [38;2;6;14;17m [38;2;0;0;0m [38;2;57;89;130m,[38;2;183;196;195m0[38;2;7;15;22m [38;2;12;38;47m.[38;2;12;33;43m [38;2;17;35;60m.[38;2;15;32;56m.[38;2;11;29;53m [38;2;24;42;74m.[38;2;40;61;121m.[38;2;25;41;192m.[38;2;168;224;255mK[38;2;75;226;255mO[38;2;138;255;255mX[38;2;159;255;255mN[38;2;149;255;255mX[38;2;162;255;255mN[38;2;74;255;255m0[38;2;82;249;255m0[38;2;25;234;255mk[38;2;163;255;255mN[38;2;152;255;255mX[38;2;0;194;255mo[38;2;0;53;236m.[38;2;126;128;194mo[38;2;121;128;128ml[38;2;5;12;32m [38;2;127;168;186mx[38;2;6;23;31m [38;2;54;97;129m;[38;2;0;5;2m [38;2;0;7;0m  [38;2;0;4;1m [38;2;10;41;33m.[38;2;10;59;72m.[38;2;4;28;40m [38;2;12;34;42m [38;2;3;23;24m [38;2;6;23;26m [38;2;10;25;30m [38;2;9;30;41m [38;2;12;43;58m.[38;2;7;39;49m.[38;2;13;38;59m.[38;2;7;30;37m [0m
[0m[38;2;21;49;54m.[38;2;14;45;48m.[38;2;8;37;48m.[38;2;12;40;50m.[38;2;5;29;47m [38;2;55;89;133m,[38;2;56;131;112m:[38;2;1;11;11m [38;2;10;22;27m [38;2;4;22;20m [38;2;2;15;16m [38;2;1;11;11m [38;2;0;7;4m [38;2;0;0;1m [38;2;0;6;0m [38;2;0;3;0m [38;2;7;22;28m [38;2;12;29;28m [38;2;12;31;31m [38;2;0;7;3m [38;2;147;157;164md[38;2;181;222;220mK[38;2;176;215;217mK[38;2;187;221;221mK[38;2;183;220;220mK[38;2;190;224;221mK[38;2;172;188;185mO[38;2;131;148;148mo[38;2;143;177;172mx[38;2;134;153;143md[38;2;92;114;123m:[38;2;127;144;158mo[38;2;100;108;108m:[38;2;16;22;21m [38;2;22;33;57m.[38;2;228;249;253mW[38;2;22;35;33m.[38;2;20;41;38m.[38;2;8;34;48m [38;2;9;37;52m.[38;2;12;36;64m.[38;2;7;36;65m.[38;2;74;133;158mc[38;2;78;150;205mo[38;2;31;66;220m'[38;2;136;223;255m0[38;2;98;255;255mK[38;2;86;255;255mK[38;2;102;255;255mK[38;2;113;255;255mK[38;2;154;255;255mX[38;2;91;255;255mK[38;2;64;238;255mO[38;2;31;193;255md[38;2;101;211;255mO[38;2;69;195;255mx[38;2;5;105;241m;[38;2;5;27;169m.[38;2;129;142;193mo[38;2;60;83;118m,[38;2;3;7;17m [38;2;134;185;199mk[38;2;13;35;48m.[38;2;74;100;133m;[38;2;0;4;2m [38;2;4;7;0m [38;2;0;10;0m [38;2;0;5;1m [38;2;12;42;35m.[38;2;10;54;72m.[38;2;0;6;10m [38;2;12;46;51m.[38;2;9;52;57m.[38;2;7;47;47m.[38;2;7;27;34m [38;2;2;14;17m [38;2;6;25;28m [38;2;6;40;39m.[38;2;20;41;45m.[38;2;18;35;35m.[0m
[0m[38;2;17;33;36m [38;2;11;28;22m [38;2;13;21;19m [38;2;3;12;21m [38;2;11;39;51m.[38;2;46;70;126m'[38;2;72;141;125mc[38;2;3;10;7m [38;2;0;5;3m [38;2;11;21;21m [38;2;8;16;17m [38;2;17;24;30m [38;2;0;7;2m [38;2;0;4;0m [38;2;0;8;2m [38;2;2;6;3m [38;2;14;29;39m [38;2;13;44;52m.[38;2;17;50;49m.[38;2;3;17;22m [38;2;18;24;25m [38;2;18;43;45m.[38;2;20;41;35m.[38;2;28;48;45m.[38;2;24;50;47m.[38;2;29;60;59m.[38;2;28;40;36m.[38;2;27;45;43m.[38;2;34;54;58m.[38;2;17;36;27m.[38;2;5;16;23m [38;2;49;84;126m,[38;2;133;148;179md[38;2;178;188;203mO[38;2;19;27;32m [38;2;198;216;245mK[38;2;95;136;141ml[38;2;71;121;112m:[38;2;19;42;44m.[38;2;37;67;88m.[38;2;12;45;63m.[38;2;11;37;78m.[38;2;24;64;83m.[38;2;70;136;191ml[38;2;46;83;216m,[38;2;122;205;255mO[38;2;130;255;255mX[38;2;83;255;255mK[38;2;86;255;255mK[38;2;90;255;255mK[38;2;139;255;255mX[38;2;32;209;255mx[38;2;52;209;255mx[38;2;18;87;240m,[38;2;7;76;224m'[38;2;16;55;213m.[38;2;14;42;150m.[38;2;9;22;93m [38;2;133;160;189md[38;2;38;58;86m.[38;2;0;6;3m [38;2;120;173;191mx[38;2;37;69;80m.[38;2;70;101;122m;[38;2;2;9;4m [38;2;6;8;7m [38;2;11;10;0m [38;2;3;5;3m [38;2;17;50;45m.[38;2;12;44;56m.[38;2;2;7;7m [38;2;18;47;49m.[38;2;6;36;44m [38;2;18;50;53m.[38;2;14;50;64m.[38;2;16;57;60m.[38;2;0;7;12m [38;2;2;9;8m [38;2;4;15;14m [38;2;3;7;9m [0m
