[0m[38;2;28;60;57m.[38;2;10;54;53m.[38;2;18;50;39m.[38;2;1;17;11m [38;2;11;45;54m.[38;2;5;35;40m [38;2;98;175;172md[38;2;20;48;42m.[38;2;4;5;0m [38;2;4;13;1m [38;2;4;13;5m [38;2;11;22;19m [38;2;9;27;28m [38;2;3;13;26m [38;2;138;179;207mk[38;2;109;125;140ml[38;2;1;14;13m [38;2;17;58;65m.[38;2;14;56;82m.[38;2;11;54;79m.[38;2;10;59;77m.[38;2;15;62;69m.[38;2;13;61;68m.[38;2;13;61;71m.[38;2;14;59;73m.[38;2;12;46;60m.[38;2;106;190;198mx[38;2;16;43;39m.[38;2;43;90;96m,[38;2;64;116;127m:[38;2;57;111;119m;[38;2;28;69;85m.[38;2;13;56;56m.[38;2;11;56;60m.[38;2;15;47;59m.[38;2;76;138;134mc[38;2;45;77;76m'[38;2;99;201;199mk[38;2;69;125;139m:[38;2;7;54;60m.[38;2;1;59;49m.[38;2;34;57;129m.[38;2;146;173;179mx[38;2;10;40;64m.[38;2;5;23;30m [38;2;18;49;85m.[38;2;229;255;255mW[38;2;50;92;134m,[38;2;68;126;136m:[38;2;44;78;95m'[38;2;16;33;31m [38;2;14;51;58m.[38;2;5;37;39m [38;2;18;44;50m.[38;2;5;55;56m.[38;2;11;45;43m.[38;2;15;58;55m.[38;2;3;13;19m [38;2;78;117;172mc[38;2;12;43;51m.[38;2;3;37;39m [38;2;11;46;45m.[38;2;12;38;51m.[38;2;18;60;65m.[38;2;5;47;49m.[38;2;16;50;57m.[38;2;6;41;48m.[38;2;16;59;66m.[38;2;13;54;57m.[38;2;27;63;74m.[38;2;10;36;42m [38;2;18;58;61m.[38;2;17;55;54m.[38;2;1;4;2m [38;2;16;40;36m.[38;2;9;49;51m.[38;2;15;48;56m.[38;2;13;43;38m.[38;2;26;55;54m.[38;2;9;59;47m.[0m
[0m[38;2;28;59;57m.[38;2;11;51;51m.[38;2;8;42;32m.[38;2;0;17;15m [38;2;9;41;51m.[38;2;2;36;36m [38;2;86;173;178md[38;2;13;35;29m [38;2;1;5;7m [38;2;0;10;2m [38;2;0;5;0m [38;2;0;2;1m [38;2;0;1;1m [38;2;24;47;63m.[38;2;212;237;249mN[38;2;15;17;27m [38;2;5;14;13m [38;2;5;24;18m [38;2;3;25;28m [38;2;5;34;42m [38;2;3;39;52m.[38;2;7;48;61m.[38;2;11;56;67m.[38;2;14;62;73m.[38;2;25;59;79m.[38;2;10;53;73m.[38;2;44;111;122m;[38;2;23;43;47m.[38;2;18;56;72m.[38;2;9;56;63m.[38;2;12;56;69m.[38;2;21;68;82m.[38;2;23;63;77m.[38;2;20;66;70m.[38;2;33;61;81m.[38;2;52;93;89m,[38;2;44;70;72m.[38;2;95;184;188mx[38;2;102;195;205mx[38;2;15;63;80m.[38;2;1;37;42m [38;2;38;74;159m'[38;2;136;151;169md[38;2;10;45;54m.[38;2;5;26;28m [38;2;22;46;102m.[38;2;234;253;255mW[38;2;6;14;17m [38;2;77;162;169mo[38;2;93;194;214mx[38;2;46;98;109m,[38;2;48;86;105m,[38;2;6;38;41m [38;2;43;83;93m'[38;2;12;39;42m.[38;2;11;25;35m [38;2;13;48;42m.[38;2;1;14;21m [38;2;113;156;205md[38;2;16;44;46m.[38;2;8;28;50m [38;2;10;44;51m.[38;2;59;82;92m,[38;2;57;68;65m'[38;2;59;80;86m'[38;2;63;77;88m'[38;2;53;75;82m'[38;2;34;70;76m.[38;2;19;64;70m.[38;2;12;53;63m.[38;2;1;28;33m [38;2;18;53;57m.[38;2;12;37;38m.[38;2;0;5;6m [38;2;10;41;42m.[38;2;12;38;40m.[38;2;9;40;45m.[38;2;10;39;34m.[38;2;15;47;52m.[38;2;10;51;45m.[0m
[0m[38;2;23;58;62m.[38;2;17;50;62m.[38;2;18;39;38m.[38;2;3;13;18m [38;2;15;47;61m.[38;2;3;33;37m [38;2;91;172;175md[38;2;3;26;27m [38;2;7;30;32m [38;2;10;27;32m [38;2;8;28;20m [38;2;10;29;37m [38;2;0;1;7m [38;2;160;186;206mO[38;2;105;121;138mc[38;2;6;30;43m [38;2;7;35;46m [38;2;0;3;0m [38;2;0;4;2m [38;2;0;4;3m [38;2;10;8;2m [38;2;0;5;2m [38;2;4;9;15m [38;2;13;16;26m [38;2;14;25;44m [38;2;10;32;37m [38;2;17;48;57m.[38;2;14;24;23m [38;2;24;62;83m.[38;2;22;71;87m.[38;2;17;66;91m.[38;2;12;62;82m.[38;2;10;62;80m.[38;2;10;54;77m.[38;2;4;45;68m.[38;2;87;154;166mo[38;2;44;77;77m'[38;2;30;70;73m.[38;2;58;111;133m;[38;2;49;101;129m;[38;2;14;35;55m.[38;2;61;93;166m;[38;2;125;130;140ml[38;2;10;47;50m.[38;2;4;19;25m [38;2;12;34;82m.[38;2;245;255;255mM[38;2;0;9;18m [38;2;21;66;87m.[38;2;107;194;220mk[38;2;46;80;90m'[38;2;91;153;167mo[38;2;8;34;51m [38;2;56;114;127m;[38;2;110;186;209mx[38;2;33;57;68m.[38;2;25;54;51m.[38;2;26;61;67m.[38;2;139;184;225mk[38;2;11;41;33m.[38;2;9;31;55m [38;2;8;31;44m [38;2;76;101;110m;[38;2;75;100;111m;[38;2;77;103;113m;[38;2;79;100;108m;[38;2;79;101;103m;[38;2;54;85;100m,[38;2;93;114;118m:[38;2;66;90;123m,[38;2;7;30;30m [38;2;12;30;33m [38;2;7;18;15m [38;2;8;39;46m.[38;2;17;58;67m.[38;2;14;36;39m.[38;2;23;52;57m.[38;2;12;33;30m [38;2;14;49;59m.[38;2;14;50;55m.[0m
[0m[38;2;25;61;63m.[38;2;18;56;74m.[38;2;14;43;36m.[38;2;5;16;25m [38;2;16;49;61m.[38;2;4;34;46m [38;2;94;171;174md[38;2;15;42;51m.[38;2;1;7;6m [38;2;14;44;52m.[38;2;4;19;21m [38;2;14;31;38m [38;2;87;104;142m:[38;2;209;224;234mX[38;2;7;15;37m [38;2;13;50;64m.[38;2;6;35;55m [38;2;14;43;60m.[38;2;8;46;62m.[38;2;12;28;43m [38;2;10;16;14m [38;2;47;55;53m.[38;2;43;51;50m.[38;2;49;48;57m.[38;2;37;49;57m.[38;2;46;54;54m.[38;2;43;47;51m.[38;2;38;45;50m.[38;2;22;38;47m.[38;2;33;50;65m.[38;2;23;44;51m.[38;2;13;25;38m [38;2;13;37;51m.[38;2;14;47;62m.[38;2;16;51;74m.[38;2;31;74;102m'[38;2;35;56;63m.[38;2;25;62;82m.[38;2;15;68;94m.[38;2;9;60;84m.[38;2;0;13;37m [38;2;95;130;192ml[38;2;103;127;139mc[38;2;44;91;109m,[38;2;51;93;107m,[38;2;9;23;54m [38;2;249;255;255mM[38;2;6;15;25m [38;2;12;43;50m.[38;2;70;122;151m:[38;2;55;92;104m,[38;2;52;91;112m,[38;2;53;93;113m,[38;2;7;37;57m.[38;2;100;171;186md[38;2;32;64;71m.[38;2;19;37;43m.[38;2;76;153;176ml[38;2;132;161;197md[38;2;5;34;35m [38;2;21;41;57m.[38;2;13;48;61m.[38;2;8;43;67m.[38;2;7;37;47m.[38;2;20;55;75m.[38;2;13;40;66m.[38;2;14;48;56m.[38;2;17;45;59m.[38;2;16;37;49m.[38;2;117;130;166ml[38;2;30;41;58m.[38;2;13;23;26m [38;2;21;51;69m.[38;2;18;57;78m.[38;2;11;43;52m.[38;2;2;4;4m [38;2;56;79;74m'[38;2;40;66;68m.[38;2;22;49;59m.[38;2;13;50;49m.[0m
[0m[38;2;24;58;61m.[38;2;13;55;65m.[38;2;12;40;33m.[38;2;8;21;23m [38;2;15;50;58m.[38;2;4;31;47m [38;2;92;178;178md[38;2;25;43;59m.[38;2;14;41;56m.[38;2;2;21;34m [38;2;11;27;33m [38;2;23;41;81m.[38;2;225;239;255mN[38;2;58;67;78m'[38;2;9;44;57m.[38;2;12;53;60m.[38;2;1;28;31m [38;2;10;51;69m.[38;2;16;60;88m.[38;2;5;18;22m [38;2;82;91;94m;[38;2;187;219;215mK[38;2;167;204;207m0[38;2;165;202;205mO[38;2;153;197;209mO[38;2;163;203;215m0[38;2;158;175;183mk[38;2;154;167;192mx[38;2;104;143;159ml[38;2;121;178;184mx[38;2;115;144;166mo[38;2;125;137;153mo[38;2;59;77;103m'[38;2;88;94;102m;[38;2;26;26;28m [38;2;4;10;13m [38;2;1;12;6m [38;2;11;35;32m [38;2;15;43;46m.[38;2;10;41;54m.[38;2;1;17;41m [38;2;131;166;230mx[38;2;63;94;119m;[38;2;12;50;72m.[38;2;79;137;158ml[38;2;11;23;67m [38;2;245;255;255mM[38;2;16;30;44m [38;2;28;67;103m.[38;2;34;71;84m.[38;2;62;101;112m;[38;2;21;35;54m.[38;2;74;126;148mc[38;2;13;47;64m.[38;2;41;89;105m,[38;2;37;67;73m.[38;2;14;46;55m.[38;2;23;71;90m.[38;2;137;157;210mx[38;2;12;45;69m.[38;2;57;99;120m;[38;2;27;66;89m.[38;2;15;55;77m.[38;2;64;108;119m;[38;2;23;48;62m.[38;2;9;28;48m [38;2;18;43;57m.[38;2;13;42;48m.[38;2;17;41;51m.[38;2;50;58;96m.[38;2;87;104;131m:[38;2;14;50;60m.[38;2;18;53;83m.[38;2;19;44;56m.[38;2;36;51;53m.[38;2;47;67;65m.[38;2;31;64;73m.[38;2;14;52;63m.[38;2;19;53;64m.[38;2;17;41;44m.[0m
[0m[38;2;22;58;62m.[38;2;17;53;71m.[38;2;13;35;41m.[38;2;9;24;24m [38;2;14;50;58m.[38;2;4;32;38m [38;2;96;179;182md[38;2;10;20;23m [38;2;41;85;94m'[38;2;40;75;89m'[38;2;24;31;66m.[38;2;138;168;209mx[38;2;126;137;158mo[38;2;28;49;60m.[38;2;27;63;75m.[38;2;37;73;94m'[38;2;5;18;34m [38;2;14;57;82m.[38;2;11;51;71m.[38;2;15;31;52m [38;2;5;16;24m [38;2;27;56;64m.[38;2;20;41;59m.[38;2;15;32;41m [38;2;19;32;34m [38;2;15;37;43m.[38;2;20;26;34m [38;2;22;58;64m.[38;2;12;50;56m.[38;2;5;22;23m [38;2;9;42;56m.[38;2;30;58;93m.[38;2;35;57;86m.[38;2;118;129;149ml[38;2;190;208;220mK[38;2;95;106;114m:[38;2;3;17;9m [38;2;6;15;26m [38;2;0;14;10m [38;2;0;1;1m [38;2;7;22;34m [38;2;161;196;253m0[38;2;11;20;25m [38;2;7;15;16m [38;2;22;39;44m.[38;2;21;42;97m.[38;2;254;255;255mM[38;2;0;11;30m [38;2;9;49;79m.[38;2;10;48;79m.[38;2;63;113;135m:[38;2;16;33;47m.[38;2;29;77;101m'[38;2;26;68;92m.[38;2;23;71;84m.[38;2;34;72;78m.[38;2;14;43;49m.[38;2;15;56;65m.[38;2;132;152;190md[38;2;23;56;75m.[38;2;59;92;105m,[38;2;62;122;155m:[38;2;11;46;67m.[38;2;31;79;92m'[38;2;17;49;70m.[38;2;9;32;41m [38;2;19;40;59m.[38;2;28;59;72m.[38;2;4;29;30m [38;2;42;66;111m.[38;2;89;105;141m:[38;2;15;56;57m.[38;2;18;45;56m.[38;2;42;58;59m.[38;2;44;69;66m.[38;2;13;49;57m.[38;2;17;55;73m.[38;2;19;56;71m.[38;2;14;55;61m.[38;2;17;46;65m.[0m
[0m[38;2;30;57;55m.[38;2;13;61;67m.[38;2;8;25;35m [38;2;13;27;25m [38;2;15;53;61m.[38;2;2;36;43m [38;2;104;177;192mx[38;2;0;2;7m [38;2;10;52;61m.[38;2;7;42;43m.[38;2;35;57;128m.[38;2;185;210;224mK[38;2;9;14;29m [38;2;60;134;160mc[38;2;72;143;162ml[38;2;82;151;182mo[38;2;17;43;42m.[38;2;62;90;130m,[38;2;36;71;83m.[38;2;39;69;94m.[38;2;28;74;86m.[38;2;37;78;109m'[38;2;30;60;72m.[38;2;23;55;52m.[38;2;22;45;50m.[38;2;20;34;40m.[38;2;0;5;5m [38;2;17;49;73m.[38;2;8;64;95m.[38;2;8;26;38m [38;2;4;36;51m [38;2;16;47;66m.[38;2;11;59;69m.[38;2;0;7;1m [38;2;31;61;97m.[38;2;214;231;248mN[38;2;57;80;104m,[38;2;16;64;105m.[38;2;4;26;24m [38;2;7;25;25m [38;2;12;36;109m.[38;2;183;230;255mX[38;2;3;5;13m [38;2;19;55;72m.[38;2;5;18;35m [38;2;16;55;137m.[38;2;246;255;255mM[38;2;0;0;0m [38;2;0;10;8m [38;2;2;16;15m [38;2;6;23;23m [38;2;7;23;27m [38;2;11;40;56m.[38;2;13;47;64m.[38;2;12;52;69m.[38;2;21;73;81m.[38;2;3;23;34m [38;2;34;79;107m'[38;2;106;136;172ml[38;2;30;59;91m.[38;2;52;85;95m,[38;2;72;138;141mc[38;2;15;42;71m.[38;2;11;51;62m.[38;2;19;34;52m.[38;2;4;8;3m [38;2;9;18;16m [38;2;19;33;39m.[38;2;14;32;32m [38;2;46;73;103m'[38;2;101;113;127mc[38;2;3;14;16m [38;2;34;55;64m.[38;2;25;46;54m.[38;2;26;43;65m.[38;2;17;45;60m.[38;2;23;55;69m.[38;2;14;48;57m.[38;2;16;50;59m.[38;2;29;55;71m.[0m
[0m[38;2;27;57;62m.[38;2;18;55;68m.[38;2;9;27;31m [38;2;10;29;25m [38;2;12;52;64m.[38;2;1;35;49m [38;2;106;185;192mx[38;2;0;8;3m [38;2;12;52;69m.[38;2;9;28;46m [38;2;114;148;220md[38;2;85;96;115m;[38;2;5;34;43m [38;2;24;56;71m.[38;2;84;175;191md[38;2;87;160;205mo[38;2;20;44;47m.[38;2;65;117;145m:[38;2;12;48;74m.[38;2;17;62;85m.[38;2;11;64;82m.[38;2;10;47;83m.[38;2;13;51;94m.[38;2;77;180;188md[38;2;71;168;191mo[38;2;84;170;187md[38;2;19;49;49m.[38;2;72;117;124m:[38;2;30;76;90m'[38;2;49;73;95m'[38;2;14;60;65m.[38;2;27;73;86m.[38;2;25;59;74m.[38;2;18;39;30m.[38;2;6;11;33m [38;2;162;179;229mO[38;2;128;130;140ml[38;2;12;57;72m.[38;2;5;24;24m [38;2;7;26;38m [38;2;42;90;199m;[38;2;192;236;251mX[38;2;0;14;25m [38;2;23;69;91m.[38;2;0;24;38m [38;2;12;41;104m.[38;2;233;255;255mW[38;2;0;3;3m [38;2;2;12;23m [38;2;10;44;56m.[38;2;16;38;45m.[38;2;11;26;31m [38;2;4;5;10m [38;2;1;4;2m [38;2;2;3;6m [38;2;4;11;12m [38;2;1;9;8m [38;2;5;22;29m [38;2;111;136;170ml[38;2;12;35;70m.[38;2;19;32;43m.[38;2;15;51;57m.[38;2;16;60;77m.[38;2;24;63;85m.[38;2;2;17;21m [38;2;5;8;8m [38;2;4;10;3m [38;2;0;10;4m [38;2;0;5;5m [38;2;76;99;115m;[38;2;63;73;93m'[38;2;26;36;36m.[38;2;22;64;63m.[38;2;23;56;56m.[38;2;15;45;47m.[38;2;22;47;51m.[38;2;14;47;53m.[38;2;23;50;60m.[38;2;26;54;67m.[38;2;27;54;73m.[0m
[0m[38;2;37;59;59m.[38;2;26;54;74m.[38;2;12;33;30m [38;2;13;30;33m [38;2;10;52;63m.[38;2;3;34;47m [38;2;103;187;193mx[38;2;0;8;10m [38;2;13;52;60m.[38;2;22;43;83m.[38;2;168;203;247m0[38;2;6;22;27m [38;2;10;51;68m.[38;2;2;34;44m [38;2;67;136;152mc[38;2;88;165;180mo[38;2;18;33;36m [38;2;108;191;208mx[38;2;9;42;62m.[38;2;12;55;83m.[38;2;10;64;81m.[38;2;9;61;86m.[38;2;9;43;80m.[38;2;51;127;152m:[38;2;83;176;188md[38;2;86;201;214mk[38;2;27;44;61m.[38;2;102;179;192mx[38;2;21;60;78m.[38;2;73;125;136mc[38;2;20;68;94m.[38;2;10;56;65m.[38;2;14;60;97m.[38;2;31;67;82m.[38;2;9;30;57m [38;2;162;174;213mk[38;2;129;148;155mo[38;2;24;60;68m.[38;2;25;82;66m.[38;2;4;28;50m [38;2;84;157;246md[38;2;162;177;196mk[38;2;13;33;37m [38;2;24;64;83m.[38;2;6;28;32m [38;2;8;34;76m.[38;2;210;242;255mN[38;2;0;1;1m [38;2;7;36;45m [38;2;25;67;83m.[38;2;4;38;48m.[38;2;14;39;55m.[38;2;22;35;37m.[38;2;99;123;132mc[38;2;89;111;123m:[38;2;91;109;115m:[38;2;109;104;110m:[38;2;105;111;93m:[38;2;155;153;117md[38;2;127;111;68mc[38;2;73;59;33m.[38;2;94;64;28m'[38;2;114;115;95mc[38;2;123;121;90mc[38;2;50;32;30m.[38;2;27;9;4m [38;2;2;4;1m [38;2;1;5;1m [38;2;2;2;1m [38;2;122;134;151ml[38;2;31;57;74m.[38;2;14;50;46m.[38;2;15;47;47m.[38;2;14;57;56m.[38;2;24;58;60m.[38;2;12;40;45m.[38;2;21;53;49m.[38;2;24;55;51m.[38;2;25;54;56m.[38;2;27;53;55m.[0m
[0m[38;2;24;53;54m.[38;2;18;45;66m.[38;2;12;27;27m [38;2;6;30;31m [38;2;11;52;60m.[38;2;6;34;47m [38;2;105;176;182md[38;2;0;15;18m [38;2;6;44;50m.[38;2;36;59;127m.[38;2;189;228;244mX[38;2;5;24;23m [38;2;9;53;57m.[38;2;11;51;60m.[38;2;24;57;77m.[38;2;98;169;194md[38;2;23;41;47m.[38;2;101;195;202mx[38;2;48;92;124m,[38;2;6;59;71m.[38;2;20;66;82m.[38;2;10;65;82m.[38;2;11;55;74m.[38;2;23;73;109m.[38;2;85;186;181md[38;2;87;194;205mx[38;2;12;22;25m [38;2;97;196;212mk[38;2;78;173;185md[38;2;18;44;54m.[38;2;67;120;155m:[38;2;13;61;75m.[38;2;10;63;81m.[38;2;13;61;74m.[38;2;6;37;60m.[38;2;166;179;240mO[38;2;119;163;184md[38;2;58;124;128m:[38;2;7;51;57m.[38;2;8;32;82m.[38;2;164;225;255mK[38;2;133;139;148mo[38;2;56;131;147mc[38;2;95;168;184md[38;2;2;8;9m [38;2;14;43;80m.[38;2;203;238;252mN[38;2;6;20;26m [38;2;6;33;49m [38;2;42;60;68m.[38;2;102;113;83m:[38;2;125;116;87mc[38;2;153;139;78mo[38;2;153;163;98md[38;2;178;157;96md[38;2;204;199;79mO[38;2;244;226;108mX[38;2;255;254;120mW[38;2;255;254;95mN[38;2;255;253;104mN[38;2;255;253;128mW[38;2;252;224;91mX[38;2;255;254;112mW[38;2;255;255;107mW[38;2;241;230;111mX[38;2;230;209;98m0[38;2;204;197;93mO[38;2;181;176;108mk[38;2;102;92;49m;[38;2;174;147;128md[38;2;53;56;43m.[38;2;0;5;4m [38;2;25;53;63m.[38;2;13;54;55m.[38;2;32;59;57m.[38;2;15;58;53m.[38;2;20;43;37m.[38;2;24;63;57m.[38;2;14;54;52m.[38;2;23;54;60m.[0m
[0m[38;2;50;84;81m'[38;2;41;76;88m'[38;2;45;86;91m'[38;2;12;31;30m [38;2;12;56;60m.[38;2;6;37;45m [38;2;98;172;181md[38;2;6;23;27m [38;2;33;70;78m.[38;2;35;52;131m.[38;2;180;201;224m0[38;2;30;53;65m.[38;2;34;73;84m.[38;2;32;77;91m'[38;2;32;69;79m.[38;2;76;135;146mc[38;2;46;74;79m'[38;2;65;126;138m:[38;2;95;175;187md[38;2;26;59;102m.[38;2;24;72;87m.[38;2;17;69;86m.[38;2;11;61;72m.[38;2;6;46;74m.[38;2;77;152;180ml[38;2;109;199;203mk[38;2;1;15;31m [38;2;98;194;196mx[38;2;83;180;189md[38;2;79;141;150ml[38;2;16;53;71m.[38;2;50;104;126m;[38;2;12;54;68m.[38;2;11;60;65m.[38;2;18;43;84m.[38;2;156;174;242mk[38;2;88;155;182mo[38;2;91;173;185md[38;2;45;107;113m;[38;2;33;61;124m.[38;2;251;255;255mM[38;2;50;77;96m'[38;2;7;47;73m.[38;2;101;185;188mx[38;2;0;14;17m [38;2;5;31;90m.[38;2;173;191;199mO[38;2;106;102;76m:[38;2;190;172;118mk[38;2;234;204;112m0[38;2;210;183;91mO[38;2;245;218;110mK[38;2;249;227;110mX[38;2;248;228;103mX[38;2;248;233;106mX[38;2;246;227;92mX[38;2;243;228;96mX[38;2;255;255;108mW[38;2;255;254;106mN[38;2;255;254;108mN[38;2;255;253;113mN[38;2;255;253;109mN[38;2;255;254;100mN[38;2;255;254;97mN[38;2;255;253;101mN[38;2;255;254;101mN[38;2;255;250;96mN[38;2;255;232;91mX[38;2;255;221;96mX[38;2;255;244;103mN[38;2;255;241;121mN[38;2;191;177;84mk[38;2;104;95;65m;[38;2;16;30;35m [38;2;15;53;54m.[38;2;12;39;47m.[38;2;16;46;43m.[38;2;21;57;55m.[38;2;44;70;73m.[38;2;33;71;69m.[0m
[0m[38;2;25;59;58m.[38;2;12;53;72m.[38;2;21;56;64m.[38;2;3;23;35m [38;2;15;57;66m.[38;2;2;38;40m [38;2;93;163;176mo[38;2;0;11;17m [38;2;14;49;62m.[38;2;30;44;118m.[38;2;217;246;250mW[38;2;0;14;19m [38;2;4;34;58m [38;2;63;116;131m:[38;2;21;57;67m.[38;2;20;52;68m.[38;2;76;141;163ml[38;2;8;15;32m [38;2;44;99;109m,[38;2;43;96;118m,[38;2;41;95;108m,[38;2;38;101;122m,[38;2;40;91;105m,[38;2;37;87;108m'[38;2;50;104;113m;[38;2;56;110;113m;[38;2;64;112;138m:[38;2;41;76;82m'[38;2;70;131;140mc[38;2;67;129;146mc[38;2;49;110;116m;[38;2;30;84;89m'[38;2;42;91;107m,[38;2;39;89;91m'[38;2;31;48;113m.[38;2;146;179;238mk[38;2;88;149;162ml[38;2;79;164;166mo[38;2;68;148;150ml[38;2;110;128;177ml[38;2;215;245;248mN[38;2;0;24;32m [38;2;5;59;69m.[38;2;31;82;99m'[38;2;26;35;42m.[38;2;140;133;117ml[38;2;237;215;122mK[38;2;239;202;79m0[38;2;220;154;49mx[38;2;200;140;37md[38;2;161;116;43mc[38;2;149;92;25m:[38;2;202;140;45md[38;2;188;123;37ml[38;2;174;110;28mc[38;2;153;94;30m:[38;2;162;111;47mc[38;2;255;255;140mW[38;2;255;251;125mN[38;2;255;253;117mW[38;2;255;252;112mN[38;2;255;254;106mN[38;2;255;252;98mN[38;2;255;255;98mN[38;2;255;254;101mN[38;2;255;255;97mN[38;2;255;254;102mN[38;2;255;252;107mN[38;2;255;238;103mN[38;2;255;221;97mX[38;2;255;226;93mX[38;2;255;255;106mW[38;2;255;255;124mW[38;2;205;183;107mO[38;2;103;105;88m:[38;2;43;53;71m.[38;2;9;36;32m [38;2;100;111;106m:[38;2;52;73;75m'[38;2;37;88;84m'[0m
[0m[38;2;25;60;60m.[38;2;15;54;69m.[38;2;14;55;65m.[38;2;4;28;39m [38;2;23;58;76m.[38;2;2;37;44m [38;2;103;177;183md[38;2;10;37;47m.[38;2;11;54;54m.[38;2;14;21;51m [38;2;196;222;252mX[38;2;39;54;73m.[38;2;11;42;47m.[38;2;29;74;85m.[38;2;90;157;162mo[38;2;6;29;48m [38;2;76;136;153mc[38;2;1;13;20m [38;2;21;59;72m.[38;2;15;63;77m.[38;2;15;65;80m.[38;2;11;63;83m.[38;2;15;65;83m.[38;2;13;62;83m.[38;2;8;63;76m.[38;2;5;61;73m.[38;2;51;105;132m;[38;2;18;41;49m.[38;2;9;50;67m.[38;2;6;55;80m.[38;2;6;57;70m.[38;2;17;66;80m.[38;2;26;68;96m.[38;2;30;77;95m'[38;2;33;65;144m'[38;2;152;186;239mO[38;2;21;56;72m.[38;2;30;86;88m'[38;2;15;44;56m.[38;2;192;215;238mK[38;2;39;84;104m'[38;2;21;61;67m.[38;2;21;79;96m.[38;2;34;55;73m.[38;2;199;190;139mO[38;2;255;245;103mN[38;2;189;106;22mc[38;2;184;128;31mo[38;2;189;125;43mo[38;2;188;124;35ml[38;2;197;147;52md[38;2;175;139;44mo[38;2;125;126;88mc[38;2;77;67;38m'[38;2;187;130;51mo[38;2;214;161;55mx[38;2;91;48;20m.[38;2;242;225;138mX[38;2;255;252;108mN[38;2;255;251;100mN[38;2;255;252;116mN[38;2;255;250;109mN[38;2;255;251;114mN[38;2;255;254;105mN[38;2;255;252;113mN[38;2;255;253;97mN[38;2;255;252;103mN[38;2;255;251;106mN[38;2;255;249;108mN[38;2;255;252;111mN[38;2;255;234;101mX[38;2;252;206;85mK[38;2;255;222;92mX[38;2;255;254;117mW[38;2;255;255;117mW[38;2;235;213;95mK[38;2;129;113;63mc[38;2;127;125;113ml[38;2;72;110;100m;[38;2;38;83;86m'[0m
[0m[38;2;30;59;64m.[38;2;13;54;72m.[38;2;17;61;58m.[38;2;3;19;21m [38;2;17;58;70m.[38;2;5;38;46m [38;2;91;162;175mo[38;2;12;35;39m [38;2;12;55;68m.[38;2;3;25;32m [38;2;108;145;212mo[38;2;134;148;161md[38;2;10;33;42m [38;2;8;46;66m.[38;2;49;98;113m,[38;2;61;117;129m:[38;2;74;137;151mc[38;2;4;15;30m [38;2;16;54;73m.[38;2;13;57;82m.[38;2;12;59;82m.[38;2;12;62;83m.[38;2;12;59;82m.[38;2;16;61;79m.[38;2;11;60;89m.[38;2;11;63;86m.[38;2;24;74;94m.[38;2;13;38;51m.[38;2;9;65;80m.[38;2;9;67;88m.[38;2;9;64;80m.[38;2;10;64;80m.[38;2;8;64;88m.[38;2;3;49;78m.[38;2;44;85;164m,[38;2;167;208;248m0[38;2;5;23;36m [38;2;13;54;52m.[38;2;39;71;120m'[38;2;183;201;218m0[38;2;0;1;8m [38;2;3;44;60m.[38;2;58;62;62m.[38;2;227;209;102m0[38;2;250;221;105mX[38;2;212;154;36mx[38;2;134;95;37m:[38;2;129;101;46m:[38;2;141;113;55mc[38;2;93;76;35m,[38;2;72;86;81m,[38;2;11;28;45m [38;2;23;73;110m.[38;2;75;74;61m'[38;2;210;154;46mx[38;2;188;143;49md[38;2;69;60;30m.[38;2;133;95;62m:[38;2;255;255;128mW[38;2;255;252;95mN[38;2;255;251;97mN[38;2;255;251;111mN[38;2;255;253;99mN[38;2;255;253;108mN[38;2;255;253;99mN[38;2;255;250;97mN[38;2;255;251;103mN[38;2;255;250;111mN[38;2;255;248;104mN[38;2;255;251;111mN[38;2;255;253;104mN[38;2;255;253;102mN[38;2;255;228;91mX[38;2;251;213;88mK[38;2;252;235;103mX[38;2;255;252;103mN[38;2;255;255;114mW[38;2;200;186;100mO[38;2;69;71;55m'[38;2;27;63;74m.[0m
[0m[38;2;26;51;57m.[38;2;8;49;56m.[38;2;13;50;64m.[38;2;2;15;16m [38;2;11;49;71m.[38;2;62;121;125m:[38;2;61;125;124m:[38;2;0;13;18m [38;2;11;38;47m.[38;2;8;26;27m [38;2;35;52;85m.[38;2;174;208;237m0[38;2;30;44;46m.[38;2;6;32;36m [38;2;4;30;45m [38;2;61;101;117m;[38;2;60;103;103m;[38;2;0;5;12m [38;2;9;43;52m.[38;2;6;38;44m [38;2;8;39;59m.[38;2;8;40;48m.[38;2;11;42;51m.[38;2;8;41;50m.[38;2;7;39;54m.[38;2;7;38;65m.[38;2;16;44;57m.[38;2;3;19;32m [38;2;9;42;57m.[38;2;7;39;66m.[38;2;7;40;50m.[38;2;4;44;48m.[38;2;5;46;46m.[38;2;3;32;46m [38;2;25;64;129m.[38;2;169;217;250mK[38;2;54;60;68m.[38;2;54;69;73m'[38;2;153;179;204mk[38;2;126;144;148mo[38;2;88;116;132m:[38;2;156;163;165mx[38;2;169;171;170mk[38;2;145;158;118md[38;2;92;101;87m;[38;2;54;96;108m,[38;2;60;80;116m,[38;2;46;56;87m.[38;2;24;44;62m.[38;2;42;91;100m,[38;2;135;163;188mx[38;2;70;94;145m;[38;2;110;138;155ml[38;2;105;144;161mo[38;2;122;157;193md[38;2;129;145;156mo[38;2;82;63;47m'[38;2;187;165;110mx[38;2;255;251;111mN[38;2;255;249;96mN[38;2;255;251;97mN[38;2;255;252;106mN[38;2;255;252;95mN[38;2;255;251;102mN[38;2;255;250;96mN[38;2;255;249;101mN[38;2;255;252;94mN[38;2;255;252;100mN[38;2;255;254;95mN[38;2;255;252;102mN[38;2;255;250;115mN[38;2;255;250;109mN[38;2;255;252;100mN[38;2;255;252;105mN[38;2;255;251;102mN[38;2;255;254;106mN[38;2;225;190;79mO[38;2;171;168;112mx[38;2;140;148;123mo[38;2;145;175;178mx[0m
[0m[38;2;29;58;63m.[38;2;16;53;67m.[38;2;14;36;39m.[38;2;8;20;20m [38;2;12;43;65m.[38;2;79;138;144mc[38;2;65;129;127m:[38;2;3;12;17m [38;2;1;7;4m [38;2;10;24;23m [38;2;4;15;16m [38;2;63;106;174m:[38;2;145;171;198mx[38;2;23;32;28m [38;2;1;2;0m [38;2;0;6;3m [38;2;0;7;0m [38;2;11;26;37m [38;2;9;34;40m [38;2;5;13;12m [38;2;3;19;24m [38;2;9;23;25m [38;2;6;12;24m [38;2;0;9;3m [38;2;2;8;4m [38;2;0;9;3m [38;2;1;11;12m [38;2;13;29;46m [38;2;13;32;45m [38;2;2;23;26m [38;2;3;13;13m [38;2;2;16;17m [38;2;48;73;74m'[38;2;118;130;133ml[38;2;43;55;53m.[38;2;140;178;179mx[38;2;116;135;150ml[38;2;113;148;173mo[38;2;119;154;162mo[38;2;91;118;112m:[38;2;95;118;122mc[38;2;105;137;143ml[38;2;106;139;161ml[38;2;87;113;131m:[38;2;124;132;110ml[38;2;160;158;106md[38;2;190;150;65md[38;2;175;160;111mx[38;2;138;137;97ml[38;2;84;94;69m;[38;2;6;0;1m [38;2;1;13;24m [38;2;3;15;27m [38;2;0;5;4m [38;2;22;27;40m [38;2;114;129;145ml[38;2;210;190;164m0[38;2;255;254;141mW[38;2;255;253;110mN[38;2;255;253;101mN[38;2;255;253;104mN[38;2;255;255;102mN[38;2;255;253;99mN[38;2;255;254;100mN[38;2;255;253;96mN[38;2;255;253;97mN[38;2;255;253;99mN[38;2;255;253;97mN[38;2;255;254;98mN[38;2;255;253;96mN[38;2;255;252;115mN[38;2;255;252;115mN[38;2;255;250;111mN[38;2;255;251;98mN[38;2;255;247;115mN[38;2;185;147;91md[38;2;145;134;133mo[38;2;145;185;200mk[38;2;144;184;191mk[38;2;136;153;142md[0m
[0m[38;2;26;59;66m.[38;2;11;54;68m.[38;2;14;42;39m.[38;2;3;17;19m [38;2;11;42;70m.[38;2;82;148;157ml[38;2;57;122;111m:[38;2;4;20;24m [38;2;2;6;11m [38;2;24;55;62m.[38;2;7;30;34m [38;2;13;28;40m [38;2;65;102;165m;[38;2;142;178;211mk[38;2;67;70;75m'[38;2;0;2;4m [38;2;0;2;0m [38;2;24;61;88m.[38;2;13;67;88m.[38;2;2;19;22m [38;2;16;56;76m.[38;2;6;35;49m [38;2;5;20;25m [38;2;0;9;7m [38;2;0;4;6m [38;2;0;7;6m [38;2;1;19;15m [38;2;13;63;91m.[38;2;15;73;90m.[38;2;2;27;30m [38;2;5;35;33m [38;2;6;26;32m [38;2;10;29;40m [38;2;0;5;0m [38;2;36;86;151m,[38;2;169;196;216mO[38;2;16;37;67m.[38;2;143;185;239mk[38;2;72;84;90m,[38;2;105;130;143ml[38;2;154;171;181mx[38;2;130;170;170mx[38;2;135;172;180mx[38;2;113;142;145mo[38;2;114;105;47m:[38;2;171;121;37ml[38;2;218;149;56mx[38;2;251;228;117mX[38;2;255;250;128mW[38;2;255;255;128mW[38;2;188;179;81mk[38;2;194;171;99mk[38;2;204;189;89mO[38;2;201;182;93mk[38;2;204;200;102mO[38;2;238;227;101mX[38;2;255;252;102mN[38;2;255;253;93mN[38;2;255;251;103mN[38;2;255;252;105mN[38;2;255;253;101mN[38;2;255;253;102mN[38;2;255;253;101mN[38;2;255;254;99mN[38;2;255;253;108mN[38;2;255;251;109mN[38;2;255;253;103mN[38;2;255;252;98mN[38;2;255;251;106mN[38;2;255;250;104mN[38;2;255;252;106mN[38;2;255;251;99mN[38;2;255;248;106mN[38;2;255;254;101mN[38;2;207;154;54mx[38;2;131;166;165md[38;2;142;174;184mx[38;2;140;178;183mx[38;2;114;145;140mo[38;2;174;185;180mO[0m
[0m[38;2;30;55;70m.[38;2;12;54;71m.[38;2;7;41;34m.[38;2;10;26;32m [38;2;11;42;66m.[38;2;83;156;160mo[38;2;51;110;114m;[38;2;5;19;23m [38;2;7;14;21m [38;2;5;25;30m [38;2;20;50;65m.[38;2;6;32;38m [38;2;3;4;9m [38;2;36;67;124m'[38;2;146;185;229mk[38;2;123;139;148mo[38;2;36;39;39m.[38;2;11;43;66m.[38;2;4;61;79m.[38;2;9;37;47m.[38;2;8;29;37m [38;2;14;60;68m.[38;2;0;16;20m [38;2;0;9;1m [38;2;0;7;2m [38;2;0;9;1m [38;2;5;19;19m [38;2;17;56;77m.[38;2;11;66;82m.[38;2;12;50;65m.[38;2;2;34;38m [38;2;19;60;65m.[38;2;12;34;48m.[38;2;0;1;0m [38;2;44;109;190m:[38;2;164;183;210mO[38;2;108;134;169ml[38;2;94;115;119m:[38;2;5;40;46m.[38;2;13;48;55m.[38;2;9;53;63m.[38;2;2;13;14m [38;2;1;5;8m [38;2;0;5;5m [38;2;8;21;23m [38;2;26;47;68m.[38;2;149;125;90ml[38;2;178;131;49mo[38;2;183;125;51mo[38;2;242;197;80m0[38;2;245;209;80mK[38;2;252;235;110mX[38;2;255;251;112mN[38;2;255;252;95mN[38;2;255;247;102mN[38;2;255;242;95mN[38;2;255;250;98mN[38;2;255;248;100mN[38;2;255;249;103mN[38;2;255;252;101mN[38;2;255;253;106mN[38;2;255;252;96mN[38;2;255;253;103mN[38;2;255;253;108mN[38;2;255;253;101mN[38;2;255;252;106mN[38;2;255;250;105mN[38;2;255;252;102mN[38;2;255;251;122mN[38;2;255;250;102mN[38;2;255;252;133mW[38;2;255;251;113mN[38;2;255;251;99mN[38;2;250;219;75mK[38;2;146;126;80ml[38;2;123;170;184mx[38;2;136;167;155md[38;2;137;168;179mx[38;2;87;122;115mc[38;2;253;255;255mM[0m
[0m[38;2;26;62;63m.[38;2;13;53;69m.[38;2;11;47;52m.[38;2;6;23;24m [38;2;10;40;60m.[38;2;93;169;177md[38;2;45;102;100m,[38;2;6;14;15m [38;2;25;49;70m.[38;2;8;48;58m.[38;2;6;56;68m.[38;2;6;37;46m [38;2;7;13;16m [38;2;1;10;10m [38;2;13;31;50m [38;2;75;106;147m:[38;2;139;181;209mk[38;2;129;155;166md[38;2;78;93;108m;[38;2;23;54;71m.[38;2;9;43;58m.[38;2;16;71;86m.[38;2;18;39;46m.[38;2;17;42;40m.[38;2;24;46;49m.[38;2;22;41;41m.[38;2;1;14;16m [38;2;39;83;98m'[38;2;24;62;72m.[38;2;19;57;74m.[38;2;14;51;68m.[38;2;35;77;85m'[38;2;30;59;89m.[38;2;41;66;98m.[38;2;51;116;177m:[38;2;167;185;196mO[38;2;55;76;81m'[38;2;25;62;76m.[38;2;22;70;69m.[38;2;53;106;105m;[38;2;25;58;66m.[38;2;50;98;118m,[38;2;54;110;111m;[38;2;52;99;82m,[38;2;2;15;19m [38;2;41;76;129m'[38;2;149;165;178mx[38;2;50;108;99m;[38;2;80;97;83m;[38;2;133;145;118mo[38;2;119;103;61m:[38;2;125;82;33m;[38;2;181;154;80md[38;2;181;137;41mo[38;2;205;162;58mx[38;2;235;187;73mO[38;2;246;204;76m0[38;2;245;220;85mK[38;2;247;221;91mK[38;2;250;229;90mX[38;2;246;226;95mX[38;2;242;212;84mK[38;2;242;205;83m0[38;2;238;192;70m0[38;2;226;181;59mO[38;2;215;170;60mk[38;2;218;160;54mx[38;2;221;174;55mk[38;2;221;167;55mk[38;2;222;167;53mk[38;2;224;172;66mk[38;2;232;188;71mO[38;2;242;212;86mK[38;2;204;152;53md[38;2;132;154;141md[38;2;123;166;169md[38;2;133;158;143md[38;2;111;148;139mo[38;2;159;179;174mk[38;2;250;255;255mM[0m
[0m[38;2;20;52;61m.[38;2;36;84;111m'[38;2;64;121;109m:[38;2;5;20;19m [38;2;9;37;59m.[38;2;92;167;179md[38;2;42;107;106m;[38;2;16;25;26m [38;2;52;102;114m;[38;2;46;90;99m,[38;2;52;101;101m,[38;2;57;121;126m:[38;2;47;85;96m'[38;2;24;62;70m.[38;2;31;70;83m.[38;2;25;58;59m.[38;2;8;23;34m [38;2;37;80;110m'[38;2;86;112;156m:[38;2;110;140;180mo[38;2;99;133;172ml[38;2;78;117;147m:[38;2;106;136;148ml[38;2;105;147;159mo[38;2;119;161;170md[38;2;117;162;167md[38;2;109;129;132ml[38;2;122;148;172mo[38;2;122;154;164md[38;2;120;147;166mo[38;2;128;153;177md[38;2;125;157;209md[38;2;68;133;178mc[38;2;48;95;139m,[38;2;69;139;196ml[38;2;142;159;163md[38;2;4;20;27m [38;2;13;55;78m.[38;2;9;64;64m.[38;2;36;86;95m'[38;2;62;114;133m:[38;2;67;129;131mc[38;2;80;166;175mo[38;2;80;166;153mo[38;2;0;4;18m [38;2;55;98;160m;[38;2;136;145;166mo[38;2;70;127;126m:[38;2;31;65;101m.[38;2;78;157;173mo[38;2;66;118;114m:[38;2;0;16;29m [38;2;170;200;231m0[38;2;15;27;48m [38;2;28;68;75m.[38;2;83;81;50m,[38;2;108;90;54m;[38;2;173;160;112mx[38;2;119;79;43m,[38;2;142;116;69mc[38;2;118;87;25m;[38;2;120;99;36m;[38;2;135;107;43m:[38;2;162;139;62mo[38;2;151;109;32mc[38;2;155;121;47ml[38;2;171;131;51mo[38;2;170;129;45ml[38;2;155;120;43ml[38;2;103;81;46m,[38;2;81;69;40m'[38;2;97;78;37m,[38;2;140;111;51mc[38;2;106;71;31m,[38;2;138;171;161mx[38;2;109;160;171md[38;2;119;161;172md[38;2;78;120;126m:[38;2;194;223;223mK[38;2;246;255;255mM[0m
[0m[38;2;47;83;96m'[38;2;97;188;204mx[38;2;23;55;45m.[38;2;7;25;26m [38;2;9;43;62m.[38;2;94;172;181md[38;2;46;96;97m,[38;2;29;48;61m.[38;2;99;202;200mk[38;2;73;161;163mo[38;2;73;160;159mo[38;2;74;173;160mo[38;2;81;166;163mo[38;2;17;59;69m.[38;2;8;55;68m.[38;2;5;54;63m.[38;2;0;21;32m [38;2;9;56;74m.[38;2;12;51;62m.[38;2;9;43;49m.[38;2;23;60;80m.[38;2;32;73;100m.[38;2;60;127;168mc[38;2;58;109;166m:[38;2;41;83;124m'[38;2;42;92;132m,[38;2;38;75;95m'[38;2;27;75;113m'[38;2;12;54;79m.[38;2;9;44;67m.[38;2;18;51;76m.[38;2;86;173;192md[38;2;73;176;173mo[38;2;52;118;134m:[38;2;90;157;204mo[38;2;129;138;144mo[38;2;7;28;37m [38;2;9;64;83m.[38;2;13;68;79m.[38;2;11;62;76m.[38;2;4;60;63m.[38;2;41;99;98m,[38;2;62;121;127m:[38;2;71;118;125m:[38;2;0;12;17m [38;2;71;124;209mc[38;2;128;135;140ml[38;2;7;34;40m [38;2;74;131;146mc[38;2;22;53;74m.[38;2;52;83;85m'[38;2;0;7;12m [38;2;178;207;228m0[38;2;17;38;50m.[38;2;13;45;65m.[38;2;10;30;35m [38;2;48;70;102m'[38;2;159;216;253mK[38;2;78;100;133m;[38;2;57;90;107m,[38;2;23;48;50m.[38;2;13;35;63m.[38;2;77;115;145m:[38;2;53;84;109m,[38;2;0;2;9m [38;2;52;89;110m,[38;2;39;67;86m.[38;2;0;0;0m [38;2;10;27;24m [38;2;13;67;90m.[38;2;13;43;71m.[38;2;15;37;38m.[38;2;3;39;61m.[38;2;6;30;40m [38;2;34;45;45m.[38;2;75;123;126m:[38;2;106;157;175mo[38;2;81;134;148mc[38;2;164;193;195mO[38;2;249;255;255mM[0m
[0m[38;2;91;168;162mo[38;2;27;85;99m'[38;2;7;18;18m [38;2;8;23;29m [38;2;8;48;64m.[38;2;91;171;173md[38;2;48;104;97m,[38;2;28;50;59m.[38;2;89;180;189md[38;2;69;154;163ml[38;2;74;156;168ml[38;2;73;158;160ml[38;2;69;171;166mo[38;2;77;153;145ml[38;2;15;57;70m.[38;2;10;55;63m.[38;2;0;23;29m [38;2;12;51;71m.[38;2;14;56;74m.[38;2;9;55;68m.[38;2;10;56;71m.[38;2;6;44;57m.[38;2;63;123;137m:[38;2;87;197;190mx[38;2;30;77;85m'[38;2;8;51;73m.[38;2;1;35;38m [38;2;16;61;82m.[38;2;14;61;77m.[38;2;14;66;81m.[38;2;9;56;71m.[38;2;37;85;113m'[38;2;66;157;154ml[38;2;26;86;103m'[38;2;118;168;214mx[38;2;128;132;137ml[38;2;4;19;20m [38;2;9;45;59m.[38;2;15;50;52m.[38;2;23;61;76m.[38;2;29;69;74m.[38;2;24;70;69m.[38;2;46;98;100m,[38;2;28;68;69m.[38;2;11;25;31m [38;2;75;131;197ml[38;2;128;132;136ml[38;2;23;52;57m.[38;2;27;68;69m.[38;2;39;75;83m'[38;2;63;120;117m:[38;2;0;2;4m [38;2;163;187;212mO[38;2;37;68;75m.[38;2;22;56;83m.[38;2;13;48;66m.[38;2;72;92;126m;[38;2;133;185;240mk[38;2;110;136;175ml[38;2;6;27;28m [38;2;14;33;41m [38;2;16;39;57m.[38;2;119;154;162mo[38;2;6;15;17m [38;2;0;2;1m [38;2;117;141;143mo[38;2;19;30;48m [38;2;0;0;0m [38;2;13;36;33m [38;2;9;71;74m.[38;2;19;37;60m.[38;2;17;37;41m.[38;2;2;45;55m.[38;2;15;57;78m.[38;2;0;3;2m [38;2;0;6;1m [38;2;13;27;27m [38;2;43;69;75m.[38;2;100;127;130mc[38;2;242;246;246mW[0m
[0m[38;2;42;85;79m'[38;2;9;47;76m.[38;2;6;32;29m [38;2;6;17;24m [38;2;4;42;57m.[38;2;89;169;194md[38;2;41;97;80m,[38;2;30;50;56m.[38;2;86;178;191md[38;2;68;160;169mo[38;2;73;155;170ml[38;2;76;154;159ml[38;2;62;178;171mo[38;2;66;151;149ml[38;2;75;133;149mc[38;2;11;53;58m.[38;2;0;20;25m [38;2;11;55;69m.[38;2;7;54;69m.[38;2;6;50;63m.[38;2;10;50;63m.[38;2;9;48;60m.[38;2;12;27;45m [38;2;53;104;112m;[38;2;66;125;122m:[38;2;27;57;75m.[38;2;26;49;58m.[38;2;12;35;46m.[38;2;22;59;64m.[38;2;19;56;69m.[38;2;28;62;80m.[38;2;31;64;69m.[38;2;33;76;73m.[38;2;12;35;49m.[38;2;124;178;222mx[38;2;131;138;142mo[38;2;11;20;17m [38;2;86;149;137ml[38;2;21;67;79m.[38;2;25;74;94m.[38;2;35;79;99m'[38;2;24;76;85m.[38;2;21;67;82m.[38;2;9;67;80m.[38;2;6;21;32m [38;2;86;148;214mo[38;2;128;131;132ml[38;2;5;46;53m.[38;2;14;65;82m.[38;2;10;67;87m.[38;2;24;77;95m.[38;2;0;5;11m [38;2;154;176;196mk[38;2;73;109;123m:[38;2;8;30;43m [38;2;3;19;25m [38;2;97;127;141mc[38;2;119;160;212md[38;2;106;137;179ml[38;2;14;19;24m [38;2;13;16;13m [38;2;90;127;128mc[38;2;35;49;56m.[38;2;0;0;2m [38;2;8;18;22m [38;2;146;176;186mk[38;2;0;0;2m [38;2;0;5;0m [38;2;12;36;28m [38;2;12;72;78m.[38;2;17;37;56m.[38;2;9;32;32m [38;2;5;48;60m.[38;2;12;54;66m.[38;2;6;8;11m [38;2;3;21;20m [38;2;0;12;11m [38;2;0;3;12m [38;2;18;32;37m [38;2;132;181;184mx[0m
[0m[38;2;29;54;59m.[38;2;13;53;75m.[38;2;6;35;25m [38;2;3;18;23m [38;2;9;39;60m.[38;2;83;162;183mo[38;2;35;88;74m'[38;2;24;34;45m.[38;2;67;134;155mc[38;2;55;109;112m;[38;2;53;105;113m;[38;2;59;106;110m;[38;2;53;115;115m;[38;2;65;133;131mc[38;2;54;95;103m,[38;2;48;94;93m,[38;2;43;81;81m'[38;2;7;15;21m [38;2;11;47;59m.[38;2;7;41;52m.[38;2;10;47;65m.[38;2;15;48;60m.[38;2;27;64;80m.[38;2;26;65;83m.[38;2;26;66;69m.[38;2;25;71;79m.[38;2;63;120;134m:[38;2;2;26;22m [38;2;18;66;80m.[38;2;11;60;76m.[38;2;13;64;79m.[38;2;10;63;76m.[38;2;9;61;67m.[38;2;1;24;40m [38;2;129;176;231mk[38;2;128;128;128ml[38;2;0;1;4m [38;2;110;212;193mk[38;2;34;93;98m,[38;2;8;55;79m.[38;2;10;67;81m.[38;2;17;65;89m.[38;2;20;60;78m.[38;2;15;55;68m.[38;2;2;16;35m [38;2;121;172;220mx[38;2;124;128;128ml[38;2;5;23;24m [38;2;9;31;29m [38;2;2;21;25m [38;2;1;20;26m [38;2;0;1;0m [38;2;120;163;191md[38;2;103;128;128mc[38;2;3;25;24m [38;2;5;30;35m [38;2;164;196;215mO[38;2;160;184;228mO[38;2;95;126;149mc[38;2;80;101;105m;[38;2;57;70;68m'[38;2;126;187;195mk[38;2;21;34;36m.[38;2;15;25;29m [38;2;127;145;154mo[38;2;38;46;53m.[38;2;0;7;3m [38;2;0;5;6m [38;2;14;36;41m.[38;2;10;69;82m.[38;2;11;35;46m [38;2;10;36;35m [38;2;2;44;54m.[38;2;8;34;43m [38;2;14;23;20m [38;2;18;55;66m.[38;2;9;35;45m [38;2;1;18;19m [38;2;10;17;19m [38;2;109;156;160mo[0m
[0m[38;2;21;45;54m.[38;2;9;44;67m.[38;2;5;38;41m [38;2;7;42;51m.[38;2;6;34;46m [38;2;78;147;172ml[38;2;44;110;97m;[38;2;1;5;10m [38;2;9;35;54m.[38;2;6;41;50m.[38;2;12;55;63m.[38;2;25;65;70m.[38;2;26;72;91m.[38;2;29;85;81m'[38;2;31;72;81m.[38;2;51;97;110m,[38;2;111;197;195mk[38;2;0;3;11m [38;2;15;57;71m.[38;2;10;55;61m.[38;2;12;52;63m.[38;2;10;54;64m.[38;2;12;54;70m.[38;2;10;52;71m.[38;2;10;54;68m.[38;2;8;56;65m.[38;2;17;68;79m.[38;2;29;43;55m.[38;2;13;66;77m.[38;2;13;58;77m.[38;2;11;58;74m.[38;2;14;56;80m.[38;2;11;60;65m.[38;2;2;27;43m [38;2;139;175;213mk[38;2;127;133;133ml[38;2;1;2;5m [38;2;69;145;131mc[38;2;50;101;102m,[38;2;7;30;38m [38;2;4;38;34m [38;2;6;26;32m [38;2;4;15;13m [38;2;0;13;5m [38;2;0;1;4m [38;2;144;171;203mx[38;2;105;127;128mc[38;2;9;28;33m [38;2;3;20;22m [38;2;0;10;1m [38;2;0;14;12m [38;2;0;0;0m [38;2;96;144;179mo[38;2;124;128;129ml[38;2;0;25;21m [38;2;0;13;19m [38;2;247;253;255mM[38;2;63;72;104m'[38;2;149;176;200mk[38;2;72;77;77m'[38;2;28;37;49m.[38;2;147;170;182mx[38;2;91;101;107m;[38;2;118;161;184md[38;2;27;31;30m.[38;2;0;5;0m [38;2;0;10;1m [38;2;0;5;8m [38;2;15;36;43m.[38;2;12;65;76m.[38;2;12;47;64m.[38;2;8;26;22m [38;2;17;28;30m [38;2;4;29;35m [38;2;10;34;40m [38;2;12;43;52m.[38;2;49;98;101m,[38;2;65;122;123m:[38;2;78;133;142mc[38;2;23;54;68m.[0m
[0m[38;2;24;57;61m.[38;2;13;54;71m.[38;2;12;52;71m.[38;2;7;50;67m.[38;2;5;33;39m [38;2;74;135;166mc[38;2;60;121;110m:[38;2;0;12;18m [38;2;14;52;75m.[38;2;8;50;63m.[38;2;7;50;60m.[38;2;9;50;58m.[38;2;6;50;60m.[38;2;9;50;59m.[38;2;10;50;56m.[38;2;4;39;51m.[38;2;66;125;127m:[38;2;4;12;12m [38;2;10;53;69m.[38;2;10;54;63m.[38;2;10;52;67m.[38;2;10;52;69m.[38;2;10;55;60m.[38;2;10;54;65m.[38;2;12;53;68m.[38;2;14;55;74m.[38;2;12;56;67m.[38;2;54;77;74m'[38;2;19;60;74m.[38;2;6;43;60m.[38;2;8;35;45m [38;2;6;32;41m [38;2;7;30;21m [38;2;2;7;12m [38;2;137;164;201mx[38;2;128;139;134mo[38;2;5;19;27m [38;2;10;25;38m [38;2;11;17;26m [38;2;5;24;26m [38;2;30;81;84m'[38;2;1;27;30m [38;2;0;9;8m [38;2;0;17;5m [38;2;0;4;12m [38;2;156;183;223mk[38;2;63;103;119m;[38;2;24;40;46m.[38;2;6;17;19m [38;2;0;7;1m [38;2;0;8;2m [38;2;1;0;0m [38;2;93;136;162ml[38;2;118;132;133ml[38;2;25;54;70m.[38;2;29;68;97m.[38;2;241;247;253mW[38;2;5;29;26m [38;2;56;112;182m:[38;2;93;106;122m:[38;2;97;124;144mc[38;2;107;131;165ml[38;2;54;92;98m,[38;2;71;117;170m:[38;2;2;2;0m [38;2;0;6;0m [38;2;0;7;0m [38;2;0;7;5m [38;2;15;39;36m.[38;2;13;58;82m.[38;2;11;60;80m.[38;2;11;51;63m.[38;2;7;31;38m [38;2;25;65;73m.[38;2;33;76;80m.[38;2;48;96;97m,[38;2;38;84;99m'[38;2;17;53;68m.[38;2;7;49;64m.[38;2;8;49;65m.[0m
[0m[38;2;23;54;61m.[38;2;12;55;69m.[38;2;6;50;63m.[38;2;6;50;66m.[38;2;4;33;39m [38;2;67;120;167m:[38;2;61;137;124mc[38;2;0;10;13m [38;2;14;52;68m.[38;2;5;50;64m.[38;2;6;50;65m.[38;2;9;50;63m.[38;2;9;50;57m.[38;2;8;50;61m.[38;2;8;50;59m.[38;2;10;50;57m.[38;2;10;52;64m.[38;2;6;23;26m [38;2;15;63;68m.[38;2;11;57;64m.[38;2;10;47;59m.[38;2;6;42;54m.[38;2;8;38;41m.[38;2;5;34;35m [38;2;6;31;29m [38;2;6;21;25m [38;2;8;20;18m [38;2;10;24;23m [38;2;7;28;34m [38;2;0;5;8m [38;2;18;33;31m [38;2;16;32;46m.[38;2;6;25;25m [38;2;0;0;0m [38;2;115;159;191md[38;2;131;150;153mo[38;2;6;32;50m [38;2;6;39;60m.[38;2;4;17;20m [38;2;7;31;35m [38;2;28;92;102m'[38;2;4;34;38m [38;2;0;7;4m [38;2;0;13;3m [38;2;7;24;38m [38;2;167;199;238m0[38;2;23;50;67m.[38;2;19;43;46m.[38;2;20;40;49m.[38;2;45;80;86m'[38;2;53;85;85m'[38;2;2;8;10m [38;2;82;137;161ml[38;2;98;125;133mc[38;2;26;70;81m.[38;2;101;135;169ml[38;2;141;155;180md[38;2;1;17;14m [38;2;111;147;192mo[38;2;5;21;31m [38;2;28;50;60m.[38;2;87;123;169mc[38;2;10;27;36m [38;2;65;110;165m:[38;2;2;4;0m [38;2;0;3;6m [38;2;0;6;0m [38;2;0;3;0m [38;2;18;45;46m.[38;2;13;57;82m.[38;2;13;53;73m.[38;2;7;26;38m [38;2;4;29;39m [38;2;18;53;62m.[38;2;8;42;54m.[38;2;9;54;65m.[38;2;12;56;67m.[38;2;10;53;67m.[38;2;15;56;73m.[38;2;9;44;60m.[0m
[0m[38;2;29;54;60m.[38;2;11;51;67m.[38;2;10;49;66m.[38;2;9;51;60m.[38;2;5;32;45m [38;2;74;124;185mc[38;2;63;147;126mc[38;2;1;13;19m [38;2;9;54;75m.[38;2;13;54;63m.[38;2;8;54;63m.[38;2;9;53;66m.[38;2;8;49;54m.[38;2;10;45;51m.[38;2;6;35;41m [38;2;5;35;37m [38;2;5;34;41m [38;2;3;9;10m [38;2;4;25;18m [38;2;3;17;16m [38;2;26;31;31m.[38;2;51;51;51m..[38;2;51;52;51m.[38;2;51;53;51m.[38;2;51;52;51m.[38;2;47;51;46m.[38;2;54;78;86m'[38;2;37;63;74m.[38;2;41;37;37m.[38;2;23;37;35m.[38;2;15;32;45m [38;2;4;20;29m [38;2;0;0;0m [38;2;68;111;160m:[38;2;192;210;215mK[38;2;2;19;23m [38;2;15;49;69m.[38;2;11;38;48m.[38;2;20;46;53m.[38;2;10;54;63m.[38;2;8;35;47m [38;2;26;57;49m.[38;2;45;82;80m'[38;2;11;45;85m.[38;2;196;241;253mN[38;2;0;13;27m [38;2;38;83;95m'[38;2;67;132;146mc[38;2;93;189;195mx[38;2;73;150;154ml[38;2;0;10;12m [38;2;105;157;180mo[38;2;51;73;88m'[38;2;1;22;26m [38;2;157;198;240mO[38;2;105;119;128mc[38;2;2;23;24m [38;2;95;130;150ml[38;2;12;28;41m [38;2;8;17;25m [38;2;150;181;212mk[38;2;4;21;34m [38;2;72;113;166m:[38;2;0;4;0m [38;2;0;5;3m [38;2;0;9;6m [38;2;0;4;1m [38;2;19;44;49m.[38;2;14;64;81m.[38;2;8;27;43m [38;2;14;41;43m.[38;2;7;25;32m [38;2;5;28;30m [38;2;4;30;35m [38;2;10;39;47m.[38;2;12;47;58m.[38;2;12;40;55m.[38;2;14;52;63m.[38;2;6;37;44m [0m
[0m[38;2;26;60;73m.[38;2;9;53;66m.[38;2;11;47;70m.[38;2;7;51;68m.[38;2;4;37;55m.[38;2;66;114;166m:[38;2;66;155;132ml[38;2;1;11;14m [38;2;6;27;36m [38;2;6;25;24m [38;2;2;21;22m [38;2;1;20;13m [38;2;0;8;4m [38;2;0;3;2m [38;2;0;4;0m [38;2;0;7;0m [38;2;4;28;42m [38;2;8;37;46m.[38;2;18;39;41m.[38;2;2;6;4m [38;2;152;170;178mx[38;2;204;229;229mX[38;2;206;229;227mX[38;2;205;231;225mX[38;2;202;230;226mX[38;2;210;230;226mX[38;2;197;216;212mK[38;2;155;170;171mx[38;2;162;186;189mk[38;2;145;166;162mx[38;2;109;128;140ml[38;2;131;153;161md[38;2;104;111;110m:[38;2;23;26;26m [38;2;27;43;81m.[38;2;242;255;255mM[38;2;23;42;42m.[38;2;19;49;62m.[38;2;10;45;60m.[38;2;6;54;60m.[38;2;8;44;57m.[38;2;8;50;64m.[38;2;81;176;164md[38;2;89;200;173mx[38;2;10;64;144m.[38;2;186;229;229mX[38;2;3;24;32m [38;2;5;46;70m.[38;2;45;100;122m,[38;2;50;126;128m:[38;2;75;138;134mc[38;2;2;9;14m [38;2;118;174;211mx[38;2;27;45;62m.[38;2;6;22;33m [38;2;200;249;255mN[38;2;29;50;89m.[38;2;7;47;46m.[38;2;49;79;104m'[38;2;53;76;93m'[38;2;2;6;22m [38;2;156;197;218mO[38;2;17;34;52m.[38;2;81;110;151m:[38;2;0;4;0m [38;2;0;5;4m [38;2;0;8;6m [38;2;0;5;0m [38;2;19;50;52m.[38;2;20;64;86m.[38;2;0;5;15m [38;2;12;53;55m.[38;2;15;58;77m.[38;2;13;52;62m.[38;2;8;30;44m [38;2;3;16;20m [38;2;6;28;31m [38;2;14;36;47m.[38;2;29;48;59m.[38;2;23;43;38m.[0m
[0m[38;2;13;40;41m.[38;2;8;28;29m [38;2;13;29;28m [38;2;2;16;33m [38;2;10;46;67m.[38;2;62;99;154m;[38;2;74;160;159mo[38;2;3;11;4m [38;2;0;6;7m [38;2;14;24;23m [38;2;6;19;29m [38;2;15;31;31m [38;2;0;14;0m [38;2;7;7;4m [38;2;0;10;5m [38;2;0;8;2m [38;2;20;33;46m.[38;2;12;57;75m.[38;2;21;53;62m.[38;2;5;19;21m [38;2;15;35;35m [38;2;33;62;70m.[38;2;29;57;47m.[38;2;33;61;54m.[38;2;29;60;55m.[38;2;36;73;68m.[38;2;24;47;43m.[38;2;42;54;66m.[38;2;40;62;65m.[38;2;20;50;39m.[38;2;4;22;39m [38;2;57;105;158m;[38;2;133;169;203mx[38;2;195;202;213m0[38;2;26;29;39m [38;2;211;234;255mN[38;2;100;155;166mo[38;2;78;136;146mc[38;2;22;52;69m.[38;2;37;89;91m'[38;2;14;43;63m.[38;2;15;49;72m.[38;2;24;85;98m'[38;2;77;179;181md[38;2;40;91;154m,[38;2;143;168;184mx[38;2;6;38;46m.[38;2;13;65;81m.[38;2;9;52;77m.[38;2;24;78;96m'[38;2;44;79;80m'[38;2;2;9;24m [38;2;150;199;226mO[38;2;26;57;77m.[38;2;7;23;44m [38;2;233;255;255mW[38;2;0;9;49m [38;2;11;58;61m.[38;2;18;45;68m.[38;2;86;116;136m:[38;2;0;3;12m [38;2;158;204;226m0[38;2;47;68;90m'[38;2;82;114;130m:[38;2;6;8;3m [38;2;2;8;12m [38;2;0;11;7m [38;2;2;5;2m [38;2;30;58;63m.[38;2;11;44;57m.[38;2;2;3;3m [38;2;28;45;51m.[38;2;17;37;53m.[38;2;16;57;72m.[38;2;20;57;80m.[38;2;22;61;79m.[38;2;0;7;19m [38;2;3;9;6m [38;2;7;20;18m [38;2;2;3;7m [0m
