[0m[38;2;28;55;54m.[38;2;13;56;61m.[38;2;9;46;45m.[38;2;1;12;10m [38;2;9;45;52m.[38;2;4;32;43m [38;2;99;182;178mx[38;2;21;45;44m.[38;2;4;6;0m [38;2;0;16;3m [38;2;4;14;7m [38;2;13;19;22m [38;2;7;29;32m [38;2;0;17;19m [38;2;133;183;200mk[38;2;108;115;130mc[38;2;0;11;17m [38;2;9;54;66m.[38;2;9;59;70m.[38;2;9;56;65m.[38;2;8;54;68m.[38;2;5;56;62m.[38;2;12;57;69m.[38;2;9;58;68m.[38;2;12;53;69m.[38;2;9;44;60m.[38;2;96;191;206mx[38;2;13;37;39m.[38;2;38;99;94m,[38;2;60;123;142m:[38;2;53;106;116m;[38;2;25;64;93m.[38;2;13;49;71m.[38;2;14;57;72m.[38;2;9;47;69m.[38;2;75;140;147mc[38;2;60;81;93m,[38;2;87;198;209mx[38;2;55;119;130m:[38;2;10;45;58m.[38;2;12;51;62m.[38;2;35;63;155m'[38;2;140;162;178mx[38;2;7;49;55m.[38;2;1;23;40m [38;2;18;49;116m.[38;2;221;255;255mW[38;2;50;99;124m;[38;2;60;129;149mc[38;2;46;82;102m'[38;2;14;29;43m [38;2;14;51;55m.[38;2;9;42;47m.[38;2;9;48;54m.[38;2;3;56;67m.[38;2;16;45;60m.[38;2;11;58;75m.[38;2;6;17;21m [38;2;73;111;162m:[38;2;15;37;45m.[38;2;8;32;46m [38;2;9;37;46m.[38;2;9;38;48m.[38;2;13;58;66m.[38;2;3;45;43m.[38;2;6;52;57m.[38;2;3;38;48m [38;2;10;52;59m.[38;2;10;54;67m.[38;2;16;60;73m.[38;2;2;36;42m [38;2;17;55;72m.[38;2;5;53;56m.[38;2;0;5;4m [38;2;5;42;27m.[38;2;6;48;46m.[38;2;10;52;57m.[38;2;13;42;36m.[38;2;16;59;57m.[38;2;12;50;54m.[0m
[0m[38;2;32;58;57m.[38;2;10;54;53m.[38;2;10;39;36m.[38;2;0;12;14m [38;2;5;42;47m.[38;2;0;28;40m [38;2;96;175;178md[38;2;12;31;34m [38;2;0;9;7m [38;2;0;10;1m [38;2;0;4;1m [38;2;2;3;0m [38;2;0;3;0m [38;2;25;45;62m.[38;2;212;233;247mN[38;2;13;16;23m [38;2;3;15;21m [38;2;0;19;18m [38;2;8;30;28m [38;2;2;36;35m [38;2;2;41;41m.[38;2;6;48;52m.[38;2;9;50;65m.[38;2;9;60;73m.[38;2;8;57;72m.[38;2;9;51;76m.[38;2;49;107;123m;[38;2;21;41;50m.[38;2;12;53;69m.[38;2;9;51;70m.[38;2;17;52;73m.[38;2;20;62;81m.[38;2;20;59;85m.[38;2;23;65;83m.[38;2;23;69;88m.[38;2;56;98;116m;[38;2;47;70;77m'[38;2;85;180;196md[38;2;93;182;195mx[38;2;18;58;71m.[38;2;2;28;32m [38;2;40;73;152m'[38;2;132;147;154mo[38;2;5;42;43m.[38;2;4;23;46m [38;2;17;51;117m.[38;2;207;254;255mW[38;2;8;19;36m [38;2;74;162;192mo[38;2;100;189;214mx[38;2;41;94;124m,[38;2;47;92;118m,[38;2;4;34;63m [38;2;37;90;101m'[38;2;10;37;52m.[38;2;10;25;42m [38;2;8;43;55m.[38;2;1;15;18m [38;2;93;153;208mo[38;2;10;37;39m.[38;2;6;29;44m [38;2;7;41;52m.[38;2;58;83;89m,[38;2;55;65;73m.[38;2;55;82;90m'[38;2;57;78;81m'[38;2;50;72;76m'[38;2;36;69;70m.[38;2;19;51;71m.[38;2;10;54;59m.[38;2;0;26;33m [38;2;11;53;56m.[38;2;6;39;45m.[38;2;0;4;3m [38;2;2;37;36m [38;2;9;37;45m.[38;2;6;37;49m.[38;2;8;33;33m [38;2;17;50;56m.[38;2;11;44;51m.[0m
[0m[38;2;30;59;57m.[38;2;13;54;55m.[38;2;12;38;50m.[38;2;0;13;16m [38;2;7;50;52m.[38;2;3;28;46m [38;2;100;174;168md[38;2;4;19;32m [38;2;4;30;39m [38;2;6;27;35m [38;2;6;24;33m [38;2;4;32;52m [38;2;1;2;9m [38;2;153;186;205mk[38;2;102;109;133m:[38;2;5;32;50m [38;2;3;39;57m.[38;2;0;6;5m [38;2;0;8;4m [38;2;2;12;0m [38;2;2;8;4m [38;2;0;7;2m [38;2;2;11;11m [38;2;4;20;19m [38;2;2;24;29m [38;2;7;30;40m [38;2;7;45;53m.[38;2;7;21;27m [38;2;11;57;66m.[38;2;18;61;84m.[38;2;15;62;77m.[38;2;10;63;91m.[38;2;9;56;82m.[38;2;10;56;79m.[38;2;9;42;69m.[38;2;92;162;183mo[38;2;39;62;81m.[38;2;32;65;84m.[38;2;54;111;138m;[38;2;44;87;111m,[38;2;15;38;49m.[38;2;56;90;166m;[38;2;113;129;136ml[38;2;13;38;59m.[38;2;7;19;47m [38;2;16;46;119m.[38;2;235;255;255mW[38;2;1;12;33m [38;2;24;59;106m.[38;2;106;196;234mk[38;2;38;80;102m'[38;2;89;150;178mo[38;2;2;30;49m [38;2;53;113;147m:[38;2;98;190;217mx[38;2;23;55;63m.[38;2;27;51;59m.[38;2;30;63;81m.[38;2;125;185;233mk[38;2;6;33;30m [38;2;8;35;39m [38;2;5;31;34m [38;2;70;103;106m;[38;2;70;96;96m;[38;2;71;104;102m;[38;2;73;95;102m;[38;2;74;104;101m;[38;2;52;87;99m,[38;2;90;104;121m:[38;2;59;90;115m,[38;2;3;24;34m [38;2;6;29;31m [38;2;10;16;19m [38;2;4;40;43m.[38;2;7;59;62m.[38;2;6;30;39m [38;2;21;54;52m.[38;2;13;34;22m [38;2;16;49;66m.[38;2;9;44;57m.[0m
[0m[38;2;24;57;63m.[38;2;13;54;63m.[38;2;12;42;50m.[38;2;5;19;18m [38;2;14;54;58m.[38;2;6;29;43m [38;2;93;180;191md[38;2;11;36;55m.[38;2;1;8;6m [38;2;7;40;51m.[38;2;1;17;32m [38;2;14;37;55m.[38;2;83;107;144m:[38;2;208;222;240mX[38;2;4;12;39m [38;2;3;52;70m.[38;2;13;36;48m.[38;2;14;45;53m.[38;2;3;43;70m.[38;2;16;36;42m.[38;2;8;15;16m [38;2;44;55;51m.[38;2;41;54;55m.[38;2;41;52;52m.[38;2;41;54;51m.[38;2;42;52;52m.[38;2;46;53;51m.[38;2;43;49;47m.[38;2;28;29;31m.[38;2;38;54;60m.[38;2;28;43;41m.[38;2;10;29;41m [38;2;10;34;49m [38;2;9;44;57m.[38;2;12;48;71m.[38;2;27;77;98m'[38;2;29;50;59m.[38;2;19;61;80m.[38;2;20;65;90m.[38;2;17;54;85m.[38;2;0;6;40m [38;2;101;133;180ml[38;2;101;126;139mc[38;2;46;86;119m,[38;2;57;93;107m,[38;2;13;32;87m.[38;2;250;255;255mM[38;2;4;19;56m [38;2;1;34;66m [38;2;69;124;158mc[38;2;53;85;111m,[38;2;47;90;135m,[38;2;44;89;132m,[38;2;6;39;81m.[38;2;95;175;219md[38;2;19;57;63m.[38;2;17;41;56m.[38;2;76;163;185mo[38;2;127;170;211mx[38;2;2;13;18m [38;2;16;41;52m.[38;2;11;39;39m.[38;2;9;46;48m.[38;2;2;34;30m [38;2;2;48;65m.[38;2;8;44;54m.[38;2;2;50;61m.[38;2;9;47;61m.[38;2;5;34;41m [38;2;110;128;162ml[38;2;27;39;50m.[38;2;10;24;26m [38;2;15;49;62m.[38;2;6;63;71m.[38;2;6;46;55m.[38;2;3;3;3m [38;2;55;74;72m'[38;2;32;68;68m.[38;2;19;49;62m.[38;2;8;41;55m.[0m
[0m[38;2;30;56;59m.[38;2;14;53;64m.[38;2;9;39;40m.[38;2;4;19;23m [38;2;11;54;68m.[38;2;6;24;52m [38;2;90;177;190md[38;2;15;45;59m.[38;2;15;40;50m.[38;2;4;18;24m [38;2;9;25;40m [38;2;21;44;90m.[38;2;221;245;255mW[38;2;55;63;106m'[38;2;2;42;53m.[38;2;4;55;72m.[38;2;6;34;43m [38;2;9;56;71m.[38;2;7;59;92m.[38;2;4;19;25m [38;2;73;96;100m;[38;2;174;218;219mK[38;2;162;204;208m0[38;2;156;198;212mO[38;2;163;198;203mO[38;2;170;198;207mO[38;2;142;168;185mx[38;2;166;169;200mk[38;2;120;142;146mo[38;2;134;171;174mx[38;2;121;141;151mo[38;2;120;136;152ml[38;2;63;79;103m,[38;2;87;95;102m;[38;2;26;26;27m [38;2;3;16;11m [38;2;0;6;7m [38;2;12;33;33m [38;2;11;33;41m [38;2;10;37;55m.[38;2;2;20;46m [38;2;141;172;238mk[38;2;45;83;107m'[38;2;13;47;92m.[38;2;64;133;151mc[38;2;10;26;70m [38;2;248;255;255mM[38;2;15;35;63m.[38;2;28;61;116m.[38;2;36;76;104m'[38;2;57;96;125m;[38;2;14;33;58m.[38;2;70;124;166mc[38;2;3;41;69m.[38;2;39;93;122m,[38;2;31;63;73m.[38;2;10;47;58m.[38;2;21;77;101m.[38;2;136;166;209mx[38;2;3;27;24m [38;2;59;101;112m;[38;2;20;62;55m.[38;2;12;50;61m.[38;2;57;103;121m;[38;2;10;42;65m.[38;2;5;31;38m [38;2;3;39;51m.[38;2;4;43;48m.[38;2;15;43;47m.[38;2;46;63;95m.[38;2;79;97;129m;[38;2;9;51;64m.[38;2;11;56;76m.[38;2;13;47;54m.[38;2;31;52;48m.[38;2;40;67;62m.[38;2;23;60;72m.[38;2;10;53;66m.[38;2;14;53;64m.[38;2;13;39;54m.[0m
[0m[38;2;30;53;58m.[38;2;12;54;65m.[38;2;9;33;32m [38;2;10;21;29m [38;2;9;54;68m.[38;2;3;30;54m [38;2;100;179;205mx[38;2;5;21;30m [38;2;38;85;111m'[38;2;40;77;101m'[38;2;20;34;62m.[38;2;130;170;217mx[38;2;127;138;151mo[38;2;23;50;74m.[38;2;23;69;70m.[38;2;30;83;92m'[38;2;2;23;33m [38;2;12;55;62m.[38;2;2;48;70m.[38;2;3;31;41m [38;2;4;19;22m [38;2;19;57;48m.[38;2;12;38;43m.[38;2;13;25;25m [38;2;12;29;27m [38;2;14;30;28m [38;2;14;24;17m [38;2;21;38;57m.[38;2;17;37;50m.[38;2;6;16;12m [38;2;8;29;58m [38;2;22;47;81m.[38;2;32;57;72m.[38;2;118;125;139ml[38;2;190;207;220mK[38;2;95;101;112m:[38;2;4;9;15m [38;2;6;23;25m [38;2;0;15;9m [38;2;3;5;1m [38;2;8;27;76m [38;2;167;197;255m0[38;2;6;15;23m [38;2;6;16;21m [38;2;17;39;41m.[38;2;22;41;96m.[38;2;252;255;255mM[38;2;2;17;35m [38;2;10;46;88m.[38;2;11;48;82m.[38;2;56;110;139m;[38;2;12;30;54m [38;2;30;76;102m'[38;2;24;60;102m.[38;2;28;69;96m.[38;2;36;66;86m.[38;2;11;45;60m.[38;2;15;55;64m.[38;2;135;154;207md[38;2;14;39;42m.[38;2;59;102;107m;[38;2;66;118;131m:[38;2;3;38;59m.[38;2;24;70;107m.[38;2;11;49;69m.[38;2;9;26;29m [38;2;3;44;55m.[38;2;16;56;53m.[38;2;6;31;44m [38;2;43;73;115m'[38;2;78;97;139m;[38;2;4;57;56m.[38;2;13;44;50m.[38;2;39;59;54m.[38;2;36;67;72m.[38;2;15;52;55m.[38;2;10;54;71m.[38;2;6;54;69m.[38;2;7;52;60m.[38;2;12;45;55m.[0m
[0m[38;2;33;56;61m.[38;2;13;56;67m.[38;2;7;24;28m [38;2;4;26;31m [38;2;5;53;73m.[38;2;2;35;46m [38;2;101;174;199md[38;2;1;8;16m [38;2;6;52;80m.[38;2;5;41;63m.[38;2;30;57;131m.[38;2;185;206;225m0[38;2;6;15;24m [38;2;56;139;157mc[38;2;74;150;157ml[38;2;81;166;181mo[38;2;13;41;49m.[38;2;52;98;100m,[38;2;25;71;86m.[38;2;27;63;84m.[38;2;24;63;84m.[38;2;34;72;74m.[38;2;28;50;61m.[38;2;25;50;49m.[38;2;22;41;39m.[38;2;20;27;25m [38;2;2;3;6m [38;2;17;48;65m.[38;2;9;53;79m.[38;2;3;27;30m [38;2;4;35;50m [38;2;7;40;60m.[38;2;6;56;73m.[38;2;0;2;2m [38;2;40;62;98m.[38;2;217;231;255mN[38;2;50;66;98m'[38;2;15;63;101m.[38;2;7;30;36m [38;2;13;18;26m [38;2;17;48;128m.[38;2;182;232;255mX[38;2;3;11;13m [38;2;19;57;73m.[38;2;2;21;39m [38;2;18;51;140m.[38;2;235;254;255mW[38;2;0;0;1m [38;2;3;6;13m [38;2;5;18;16m [38;2;5;21;26m [38;2;7;22;30m [38;2;9;38;54m.[38;2;8;41;59m.[38;2;13;48;66m.[38;2;18;67;79m.[38;2;6;21;28m [38;2;27;81;82m'[38;2;107;144;184mo[38;2;32;57;73m.[38;2;47;89;96m,[38;2;70;132;135mc[38;2;7;36;58m.[38;2;4;47;59m.[38;2;7;31;38m [38;2;0;6;3m [38;2;3;19;21m [38;2;17;33;31m [38;2;10;31;47m [38;2;44;80;131m'[38;2;83;108;128m:[38;2;3;16;14m [38;2;31;47;58m.[38;2;13;41;41m.[38;2;14;44;53m.[38;2;7;47;59m.[38;2;10;56;65m.[38;2;6;46;58m.[38;2;6;48;60m.[38;2;12;52;65m.[0m
[0m[38;2;24;59;55m.[38;2;10;55;60m.[38;2;11;28;43m [38;2;3;26;38m [38;2;6;51;74m.[38;2;4;37;45m [38;2;101;178;209mx[38;2;2;9;18m [38;2;10;55;75m.[38;2;5;28;48m [38;2;119;155;219md[38;2;73;96;107m;[38;2;6;35;51m [38;2;19;61;93m.[38;2;86;190;190mx[38;2;81;166;203md[38;2;17;39;53m.[38;2;59;111;130m;[38;2;3;52;62m.[38;2;4;55;70m.[38;2;6;55;72m.[38;2;3;45;61m.[38;2;20;51;78m.[38;2;84;170;189md[38;2;67;160;170mo[38;2;84;157;165mo[38;2;24;43;57m.[38;2;66;120;137m:[38;2;30;68;76m.[38;2;43;88;100m,[38;2;24;62;68m.[38;2;21;62;81m.[38;2;19;56;72m.[38;2;22;36;35m.[38;2;8;15;29m [38;2;156;180;233mk[38;2;119;124;140ml[38;2;7;61;82m.[38;2;1;26;31m [38;2;13;24;31m [38;2;51;90;201m;[38;2;187;230;241mX[38;2;1;20;24m [38;2;19;73;89m.[38;2;0;25;35m [38;2;9;39;108m.[38;2;228;255;255mW[38;2;0;2;0m [38;2;0;17;23m [38;2;7;41;67m.[38;2;8;43;56m.[38;2;8;24;26m [38;2;4;10;10m [38;2;6;7;10m [38;2;1;2;3m [38;2;2;16;12m [38;2;2;7;12m [38;2;2;21;20m [38;2;107;143;162mo[38;2;8;36;59m.[38;2;17;34;39m.[38;2;8;49;57m.[38;2;13;56;65m.[38;2;18;61;87m.[38;2;1;15;23m [38;2;2;11;9m [38;2;4;11;15m [38;2;4;12;3m [38;2;0;5;8m [38;2;78;101;128m;[38;2;55;67;97m'[38;2;15;43;43m.[38;2;16;60;77m.[38;2;9;55;57m.[38;2;9;41;48m.[38;2;11;47;56m.[38;2;9;43;55m.[38;2;10;51;60m.[38;2;7;53;60m.[38;2;15;51;61m.[0m
[0m[38;2;23;60;61m.[38;2;11;56;74m.[38;2;11;33;34m [38;2;5;26;40m [38;2;13;55;74m.[38;2;6;35;40m [38;2;103;181;204mx[38;2;5;12;21m [38;2;14;53;78m.[38;2;22;43;88m.[38;2;172;203;245m0[38;2;5;24;55m [38;2;4;54;70m.[38;2;1;41;51m.[38;2;65;142;144mc[38;2;82;168;159mo[38;2;14;30;38m [38;2;97;186;196mx[38;2;4;41;58m.[38;2;0;53;68m.[38;2;2;54;71m.[38;2;3;54;73m.[38;2;4;37;61m.[38;2;61;124;127m:[38;2;79;168;187mo[38;2;82;184;199md[38;2;23;39;49m.[38;2;99;188;194mx[38;2;27;46;76m.[38;2;68;126;164mc[38;2;19;63;66m.[38;2;9;46;70m.[38;2;9;63;77m.[38;2;27;69;72m.[38;2;9;34;63m.[38;2;155;182;232mk[38;2;114;131;152ml[38;2;24;60;74m.[38;2;22;69;88m.[38;2;7;26;38m [38;2;94;152;246md[38;2;152;169;188mx[38;2;12;33;35m [38;2;22;63;69m.[38;2;1;19;30m [38;2;11;34;72m.[38;2;214;244;255mN[38;2;0;0;0m [38;2;10;38;48m.[38;2;10;62;80m.[38;2;7;43;57m.[38;2;14;33;50m.[38;2;23;43;41m.[38;2;112;133;136ml[38;2;102;134;138ml[38;2;103;131;132ml[38;2;85;116;118m:[38;2;58;77;70m'[38;2;101;124;133mc[38;2;43;56;64m.[38;2;49;59;65m.[38;2;27;32;32m.[38;2;1;12;10m [38;2;9;30;39m [38;2;2;14;13m [38;2;0;11;0m [38;2;0;11;5m [38;2;1;11;8m [38;2;3;2;2m [38;2;124;137;147mo[38;2;23;58;80m.[38;2;10;44;53m.[38;2;13;47;60m.[38;2;9;50;64m.[38;2;8;51;59m.[38;2;10;43;43m.[38;2;9;44;56m.[38;2;11;52;59m.[38;2;13;53;59m.[38;2;11;51;61m.[0m
[0m[38;2;20;51;51m.[38;2;6;47;62m.[38;2;12;31;32m [38;2;8;24;35m [38;2;12;55;70m.[38;2;6;34;54m [38;2;105;176;194mx[38;2;2;20;27m [38;2;10;47;54m.[38;2;28;62;123m.[38;2;188;230;247mX[38;2;3;22;33m [38;2;8;55;72m.[38;2;2;54;62m.[38;2;23;63;70m.[38;2;90;183;184md[38;2;19;43;47m.[38;2;97;203;208mk[38;2;36;90;108m,[38;2;0;43;57m.[38;2;8;55;65m.[38;2;10;54;69m.[38;2;0;46;66m.[38;2;28;64;68m.[38;2;87;189;181mx[38;2;84;200;188mx[38;2;1;14;19m [38;2;98;195;189mx[38;2;80;161;180mo[38;2;11;35;65m.[38;2;66;124;142m:[38;2;16;56;59m.[38;2;4;61;86m.[38;2;11;59;63m.[38;2;8;30;51m [38;2;168;186;225mO[38;2;109;154;205md[38;2;58;122;146m:[38;2;7;41;47m.[38;2;11;38;75m.[38;2;183;238;255mX[38;2;124;136;138ml[38;2;60;119;137m:[38;2;93;173;174md[38;2;0;12;13m [38;2;9;31;73m.[38;2;202;240;252mN[38;2;9;19;20m [38;2;9;50;57m.[38;2;12;57;65m.[38;2;3;27;41m [38;2;24;49;47m.[38;2;3;28;31m [38;2;9;31;19m [38;2;6;20;20m [38;2;3;15;15m [38;2;7;42;45m.[38;2;2;29;38m [38;2;93;114;134mc[38;2;4;27;36m [38;2;7;15;22m [38;2;160;166;191mx[38;2;21;36;42m.[38;2;15;41;38m.[38;2;0;13;8m [38;2;0;11;0m [38;2;2;11;2m [38;2;1;12;1m [38;2;0;0;0m [38;2;153;185;220mk[38;2;7;36;42m [38;2;2;7;10m [38;2;17;56;64m.[38;2;13;53;69m.[38;2;18;57;64m.[38;2;22;57;64m.[38;2;14;39;48m.[38;2;24;59;61m.[38;2;14;46;54m.[38;2;13;55;60m.[0m
[0m[38;2;45;85;79m'[38;2;37;80;94m'[38;2;39;88;95m'[38;2;12;27;42m [38;2;11;55;67m.[38;2;5;37;48m [38;2;96;171;185md[38;2;5;20;31m [38;2;35;71;87m.[38;2;31;65;144m'[38;2;172;198;222m0[38;2;27;56;67m.[38;2;35;83;80m'[38;2;25;81;95m'[38;2;36;72;78m.[38;2;68;143;142mc[38;2;45;73;74m'[38;2;64;133;135mc[38;2;84;168;169mo[38;2;24;72;87m.[38;2;18;70;77m.[38;2;13;62;71m.[38;2;6;54;57m.[38;2;7;36;44m [38;2;76;156;163ml[38;2;99;189;192mx[38;2;2;9;14m [38;2;110;194;204mk[38;2;84;179;175md[38;2;78;142;167ml[38;2;13;40;59m.[38;2;59;102;119m;[38;2;3;54;67m.[38;2;11;53;57m.[38;2;24;44;91m.[38;2;149;173;222mk[38;2;88;140;184ml[38;2;86;182;193md[38;2;38;87;116m,[38;2;37;66;107m.[38;2;252;255;255mM[38;2;41;66;87m.[38;2;6;44;65m.[38;2;95;175;180md[38;2;0;11;11m [38;2;7;32;65m [38;2;182;214;228mK[38;2;9;26;35m [38;2;11;59;67m.[38;2;6;59;70m.[38;2;11;28;51m [38;2;52;89;103m,[38;2;20;68;89m.[38;2;53;97;101m,[38;2;69;141;141mc[38;2;44;80;89m'[38;2;7;37;40m [38;2;5;41;53m.[38;2;131;174;216mx[38;2;15;49;49m.[38;2;0;12;11m [38;2;95;129;161ml[38;2;29;50;75m.[38;2;5;44;47m.[38;2;0;9;3m [38;2;0;11;7m [38;2;0;9;6m [38;2;0;9;3m [38;2;45;53;71m.[38;2;105;137;155ml[38;2;7;53;62m.[38;2;2;12;7m [38;2;13;53;61m.[38;2;8;34;44m [38;2;14;47;51m.[38;2;6;38;39m [38;2;15;42;49m.[38;2;23;54;57m.[38;2;33;65;74m.[38;2;28;64;68m.[0m
[0m[38;2;22;60;59m.[38;2;9;55;67m.[38;2;16;60;60m.[38;2;3;16;40m [38;2;12;61;73m.[38;2;6;41;48m.[38;2;86;166;187mo[38;2;0;6;23m [38;2;6;47;66m.[38;2;31;44;118m.[38;2;217;241;244mN[38;2;1;15;31m [38;2;0;40;72m.[38;2;59;116;152m:[38;2;21;51;66m.[38;2;11;55;77m.[38;2;90;147;160ml[38;2;1;18;28m [38;2;36;88;99m'[38;2;42;96;105m,[38;2;48;96;116m,[38;2;42;92;107m,[38;2;38;87;95m'[38;2;34;82;89m'[38;2;40;95;103m,[38;2;49;105;113m;[38;2;59;106;125m;[38;2;36;74;75m.[38;2;68;129;137mc[38;2;71;129;140mc[38;2;47;99;116m,[38;2;28;66;77m.[38;2;43;82;97m'[38;2;31;82;85m'[38;2;32;61;93m.[38;2;145;182;234mk[38;2;76;136;161mc[38;2;70;160;158ml[38;2;56;147;137mc[38;2;112;132;160ml[38;2;206;240;243mN[38;2;0;16;26m [38;2;6;47;58m.[38;2;31;77;87m'[38;2;1;27;22m [38;2;4;28;68m [38;2;168;201;213m0[38;2;3;26;38m [38;2;13;61;80m.[38;2;11;60;73m.[38;2;5;24;33m [38;2;109;182;216mx[38;2;13;58;81m.[38;2;4;34;55m [38;2;73;143;152ml[38;2;66;132;137mc[38;2;14;33;35m [38;2;0;28;52m [38;2;122;174;209mx[38;2;25;59;64m.[38;2;0;14;12m [38;2;90;134;183ml[38;2;27;65;56m.[38;2;58;109;104m;[38;2;0;3;0m [38;2;2;9;2m [38;2;0;10;0m [38;2;1;0;2m [38;2;156;185;196mk[38;2;19;50;67m.[38;2;11;53;72m.[38;2;3;17;14m [38;2;11;46;58m.[38;2;38;88;110m'[38;2;22;64;113m.[38;2;24;68;95m.[38;2;12;36;44m.[38;2;102;109;105m:[38;2;49;68;66m.[38;2;37;82;86m'[0m
[0m[38;2;23;57;60m.[38;2;12;57;66m.[38;2;12;60;70m.[38;2;1;23;43m [38;2;11;59;75m.[38;2;5;37;33m [38;2;89;178;203md[38;2;12;35;47m.[38;2;9;57;69m.[38;2;9;15;68m [38;2;188;227;251mX[38;2;38;57;79m.[38;2;3;45;77m.[38;2;24;73;93m.[38;2;91;161;174mo[38;2;3;31;55m [38;2;69;150;154ml[38;2;0;13;19m [38;2;8;57;69m.[38;2;12;57;70m.[38;2;6;57;71m.[38;2;8;59;70m.[38;2;6;53;60m.[38;2;7;55;60m.[38;2;7;54;70m.[38;2;9;50;63m.[38;2;46;98;119m,[38;2;22;36;44m.[38;2;11;49;60m.[38;2;8;46;59m.[38;2;7;49;55m.[38;2;11;59;73m.[38;2;29;74;86m.[38;2;27;77;69m.[38;2;40;72;125m'[38;2;148;187;242mO[38;2;19;44;73m.[38;2;20;62;72m.[38;2;16;40;71m.[38;2;193;217;238mK[38;2;39;68;85m.[38;2;14;58;51m.[38;2;28;78;76m.[38;2;42;97;99m,[38;2;20;39;47m.[38;2;11;32;77m.[38;2;154;182;199mk[38;2;27;59;67m.[38;2;39;83;97m'[38;2;40;92;106m,[38;2;29;49;54m.[38;2;83;144;158ml[38;2;68;141;140mc[38;2;11;46;62m.[38;2;12;48;58m.[38;2;44;101;107m,[38;2;8;29;43m [38;2;29;50;69m.[38;2;118;139;147mo[38;2;5;39;53m.[38;2;0;7;6m [38;2;110;150;193mo[38;2;2;29;40m [38;2;20;65;58m.[38;2;0;7;0m [38;2;2;7;1m [38;2;0;12;3m [38;2;42;53;67m.[38;2;123;145;160mo[38;2;10;47;62m.[38;2;10;57;74m.[38;2;3;18;18m [38;2;12;39;49m.[38;2;26;50;66m.[38;2;25;35;49m.[38;2;57;107;117m;[38;2;4;30;33m [38;2;146;152;151md[38;2;67;104;94m;[38;2;35;87;90m'[0m
[0m[38;2;23;59;61m.[38;2;9;56;63m.[38;2;8;62;64m.[38;2;0;20;20m [38;2;13;58;74m.[38;2;6;36;41m [38;2;89;163;180mo[38;2;6;24;37m [38;2;9;55;70m.[38;2;4;22;44m [38;2;106;148;206mo[38;2;136;150;157md[38;2;4;31;45m [38;2;5;44;64m.[38;2;50;105;117m;[38;2;55;111;131m;[38;2;68;142;154mc[38;2;4;19;30m [38;2;7;57;80m.[38;2;7;60;83m.[38;2;1;61;71m.[38;2;4;57;76m.[38;2;10;61;71m.[38;2;10;59;72m.[38;2;7;59;71m.[38;2;9;60;77m.[38;2;17;67;81m.[38;2;9;31;38m [38;2;15;57;75m.[38;2;10;55;79m.[38;2;9;58;64m.[38;2;6;57;73m.[38;2;9;61;60m.[38;2;4;44;42m.[38;2;44;86;158m,[38;2;166;203;253m0[38;2;1;21;35m [38;2;2;46;51m.[38;2;39;72;126m'[38;2;184;199;210m0[38;2;0;9;20m [38;2;3;46;67m.[38;2;7;59;72m.[38;2;19;75;88m.[38;2;34;66;68m.[38;2;14;38;71m.[38;2;143;168;186mx[38;2;4;27;34m [38;2;18;63;78m.[38;2;22;70;88m.[38;2;58;106;122m;[38;2;7;34;37m [38;2;22;75;85m.[38;2;26;73;90m.[38;2;32;79;93m'[38;2;48;109;103m;[38;2;4;19;37m [38;2;113;124;140ml[38;2;61;94;101m,[38;2;46;97;104m,[38;2;2;7;18m [38;2;132;159;181md[38;2;22;59;73m.[38;2;40;86;91m'[38;2;7;14;12m [38;2;0;6;0m [38;2;4;8;7m [38;2;139;159;168md[38;2;11;24;22m [38;2;10;63;79m.[38;2;13;59;72m.[38;2;6;18;19m [38;2;13;34;37m [38;2;74;91;86m,[38;2;70;90;84m,[38;2;30;39;32m.[38;2;0;1;0m [38;2;144;156;155md[38;2;37;62;61m.[38;2;25;67;77m.[0m
[0m[38;2;23;51;59m.[38;2;8;48;62m.[38;2;10;52;61m.[38;2;1;10;14m [38;2;9;50;65m.[38;2;64;119;136m:[38;2;61;125;133m:[38;2;1;9;18m [38;2;7;40;52m.[38;2;4;29;33m [38;2;29;48;98m.[38;2;164;212;243m0[38;2;31;43;52m.[38;2;4;34;41m [38;2;6;27;38m [38;2;53;103;119m;[38;2;58;103;117m;[38;2;1;5;6m [38;2;9;41;49m.[38;2;10;43;55m.[38;2;10;44;46m.[38;2;7;39;51m.[38;2;7;38;46m.[38;2;9;44;45m.[38;2;4;40;47m.[38;2;3;42;56m.[38;2;5;44;47m.[38;2;2;20;21m [38;2;5;41;48m.[38;2;4;40;52m.[38;2;6;38;48m.[38;2;7;41;51m.[38;2;3;42;44m.[38;2;1;28;35m [38;2;42;88;150m,[38;2;181;238;249mX[38;2;3;14;24m [38;2;5;26;43m [38;2;138;189;228mk[38;2;88;99;107m;[38;2;0;32;37m [38;2;10;37;46m.[38;2;13;41;59m.[38;2;11;51;62m.[38;2;8;30;20m [38;2;25;55;106m.[38;2;138;159;168md[38;2;3;22;33m [38;2;7;36;56m.[38;2;6;40;50m.[38;2;16;47;61m.[38;2;3;25;28m [38;2;9;43;53m.[38;2;6;40;46m.[38;2;6;41;53m.[38;2;13;44;52m.[38;2;0;10;14m [38;2;148;177;220mk[38;2;7;24;17m [38;2;9;40;45m.[38;2;78;101;126m;[38;2;74;94;109m;[38;2;6;28;32m [38;2;22;58;56m.[38;2;6;20;18m [38;2;0;1;2m [38;2;103;128;140ml[38;2;52;62;65m.[38;2;7;24;28m [38;2;10;67;88m.[38;2;9;60;65m.[38;2;4;17;18m [38;2;11;50;56m.[38;2;38;60;64m.[38;2;34;56;57m.[38;2;10;33;36m [38;2;6;26;28m [38;2;84;111;106m:[38;2;25;55;60m.[38;2;36;74;82m.[0m
[0m[38;2;23;60;59m.[38;2;12;52;71m.[38;2;10;37;39m.[38;2;9;15;19m [38;2;10;43;60m.[38;2;75;142;155ml[38;2;65;126;139m:[38;2;5;9;12m [38;2;2;6;5m [38;2;8;19;24m [38;2;4;16;17m [38;2;64;109;172m:[38;2;141;171;203mx[38;2;27;30;29m [38;2;0;3;1m [38;2;0;9;6m [38;2;0;6;2m [38;2;5;31;41m [38;2;8;30;46m [38;2;3;13;23m [38;2;28;29;27m [38;2;51;51;53m.[38;2;51;51;54m.[38;2;51;54;53m.[38;2;54;54;51m.[38;2;54;56;55m.[38;2;57;62;65m.[38;2;58;66;68m.[38;2;56;59;59m.[38;2;55;65;72m.[38;2;55;64;69m.[38;2;12;18;25m [38;2;1;13;9m [38;2;0;1;0m [38;2;42;79;141m'[38;2;200;251;255mN[38;2;0;4;5m [38;2;40;76;156m'[38;2;196;219;234mK[38;2;47;65;66m.[38;2;90;96;94m;[38;2;82;94;99m;[38;2;95;100;105m:[38;2;84;102;102m;[38;2;92;107;109m:[38;2;19;49;106m.[38;2;145;155;155md[38;2;79;94;84m;[38;2;39;57;64m.[38;2;17;22;23m [38;2;0;4;0m [38;2;6;26;30m [38;2;8;28;39m [38;2;3;15;20m [38;2;0;9;3m [38;2;0;8;3m [38;2;0;1;3m [38;2;144;201;221mO[38;2;32;36;38m.[38;2;32;35;41m.[38;2;136;161;197mx[38;2;53;65;69m.[38;2;54;66;66m.[38;2;28;39;40m.[38;2;0;2;5m [38;2;42;59;70m.[38;2;111;140;153ml[38;2;0;0;1m [38;2;5;26;23m [38;2;11;65;79m.[38;2;7;58;58m.[38;2;3;19;20m [38;2;9;54;52m.[38;2;6;40;41m.[38;2;4;37;34m [38;2;11;62;67m.[38;2;4;45;49m.[38;2;82;157;164mo[38;2;17;60;65m.[38;2;20;59;61m.[0m
[0m[38;2;21;58;63m.[38;2;10;55;65m.[38;2;8;43;44m.[38;2;9;19;21m [38;2;8;41;54m.[38;2;78;143;161ml[38;2;52;119;127m:[38;2;5;15;20m [38;2;2;11;13m [38;2;23;53;68m.[38;2;3;31;31m [38;2;9;29;36m [38;2;59;94;174m;[38;2;137;178;217mk[38;2;72;75;77m'[38;2;1;3;1m [38;2;0;2;1m [38;2;8;69;93m.[38;2;10;63;91m.[38;2;2;21;23m [38;2;97;117;119mc[38;2;174;201;210m0[38;2;163;192;202mO[38;2;152;193;198mO[38;2;164;198;199mO[38;2;153;188;190mk[38;2;151;183;195mk[38;2;135;167;177mx[38;2;130;142;160mo[38;2;112;150;149mo[38;2;115;157;170md[38;2;124;135;171mo[38;2;96;112;144mc[38;2;46;91;133m,[38;2;56;104;167m;[38;2;86;148;208mo[38;2;51;66;115m'[38;2;112;145;215mo[38;2;68;80;90m,[38;2;104;135;140ml[38;2;134;169;163mx[38;2;135;169;170mx[38;2;128;166;172md[38;2;122;170;173md[38;2;143;163;169mx[38;2;19;38;87m.[38;2;135;161;166md[38;2;112;138;125ml[38;2;71;108;131m:[38;2;91;114;139m:[38;2;65;83;111m,[38;2;111;140;156ml[38;2;35;47;57m.[38;2;4;28;21m [38;2;0;7;2m [38;2;0;12;8m [38;2;4;8;28m [38;2;131;170;181mx[38;2;97;114;109m:[38;2;60;83;87m,[38;2;148;185;228mk[38;2;53;66;70m.[38;2;49;63;60m.[38;2;59;77;77m'[38;2;103;118;133mc[38;2;133;163;188mx[38;2;9;15;18m [38;2;0;7;2m [38;2;9;27;29m [38;2;11;65;77m.[38;2;8;54;62m.[38;2;3;21;21m [38;2;8;63;70m.[38;2;13;64;79m.[38;2;0;4;5m [38;2;15;56;56m.[38;2;5;37;53m.[38;2;97;166;163mo[38;2;7;40;47m.[38;2;15;49;64m.[0m
[0m[38;2;28;56;65m.[38;2;8;55;66m.[38;2;6;44;41m.[38;2;12;23;29m [38;2;8;39;53m.[38;2;80;158;167mo[38;2;51;105;124m;[38;2;8;15;19m [38;2;3;22;22m [38;2;7;24;29m [38;2;6;50;57m.[38;2;4;35;40m [38;2;5;6;9m [38;2;31;70;121m'[38;2;146;187;236mO[38;2;123;141;155mo[38;2;34;39;48m.[38;2;5;49;59m.[38;2;4;56;76m.[38;2;2;40;44m.[38;2;1;21;18m [38;2;10;56;71m.[38;2;0;29;27m [38;2;3;23;21m [38;2;10;33;21m [38;2;4;26;23m [38;2;11;34;37m [38;2;15;47;53m.[38;2;15;49;61m.[38;2;7;44;46m.[38;2;11;49;61m.[38;2;9;41;52m.[38;2;4;27;24m [38;2;0;0;0m [38;2;44;97;155m;[38;2;140;169;203mx[38;2;84;106;149m:[38;2;71;97;162m;[38;2;67;92;141m;[38;2;4;27;39m [38;2;12;49;56m.[38;2;0;15;16m [38;2;0;6;5m [38;2;0;12;2m [38;2;7;21;19m [38;2;31;61;115m.[38;2;128;137;142mo[38;2;1;22;32m [38;2;0;7;7m [38;2;0;0;2m [38;2;3;3;6m [38;2;43;68;106m'[38;2;189;192;214m0[38;2;3;14;10m [38;2;6;14;14m [38;2;4;13;10m [38;2;32;44;78m.[38;2;120;131;132ml[38;2;11;20;22m [38;2;55;79;113m,[38;2;112;146;172mo[38;2;26;50;53m.[38;2;34;58;60m.[38;2;18;30;36m [38;2;77;101;144m:[38;2;114;139;156mo[38;2;0;0;1m [38;2;1;8;0m [38;2;11;25;31m [38;2;16;62;85m.[38;2;11;54;66m.[38;2;4;25;21m [38;2;12;55;72m.[38;2;28;63;72m.[38;2;0;0;1m [38;2;25;56;63m.[38;2;30;70;88m.[38;2;63;113;124m:[38;2;11;45;51m.[38;2;16;49;61m.[0m
[0m[38;2;24;57;63m.[38;2;11;55;61m.[38;2;12;52;47m.[38;2;8;18;22m [38;2;7;39;50m.[38;2;87;169;178md[38;2;47;101;103m,[38;2;0;15;17m [38;2;11;53;60m.[38;2;15;46;56m.[38;2;8;58;72m.[38;2;9;34;44m [38;2;5;14;13m [38;2;4;9;16m [38;2;12;32;48m [38;2;62;102;156m;[38;2;139;176;214mk[38;2;124;149;171mo[38;2;78;94;107m;[38;2;20;47;67m.[38;2;1;49;56m.[38;2;17;71;82m.[38;2;14;42;50m.[38;2;14;42;55m.[38;2;23;49;48m.[38;2;25;43;44m.[38;2;0;10;14m [38;2;31;75;87m.[38;2;15;63;73m.[38;2;16;48;61m.[38;2;21;58;76m.[38;2;39;69;91m.[38;2;25;68;89m.[38;2;46;69;99m'[38;2;57;114;195m:[38;2;160;185;191mk[38;2;51;84;76m'[38;2;18;45;54m.[38;2;115;146;220md[38;2;33;62;91m.[38;2;16;62;54m.[38;2;47;99;94m,[38;2;55;106;103m;[38;2;55;90;88m,[38;2;0;18;23m [38;2;33;64;125m.[38;2;150;171;169mx[38;2;49;99;94m,[38;2;45;83;92m'[38;2;75;145;143ml[38;2;43;81;81m'[38;2;2;17;33m [38;2;194;202;250mK[38;2;6;14;28m [38;2;54;109;109m;[38;2;49;94;93m,[38;2;50;70;106m'[38;2;128;142;145mo[38;2;46;103;102m,[38;2;97;141;179ml[38;2;22;50;62m.[38;2;84;156;162mo[38;2;97;190;185mx[38;2;59;97;134m;[38;2;121;137;158mo[38;2;119;145;156mo[38;2;5;7;18m [38;2;0;7;0m [38;2;13;28;30m [38;2;14;66;78m.[38;2;7;53;57m.[38;2;13;28;25m [38;2;13;59;66m.[38;2;14;61;73m.[38;2;0;0;0m [38;2;11;53;52m.[38;2;76;131;153mc[38;2;16;50;56m.[38;2;14;51;61m.[38;2;18;53;67m.[0m
[0m[38;2;23;49;52m.[38;2;31;82;99m'[38;2;58;119;110m:[38;2;3;17;20m [38;2;6;39;54m.[38;2;82;161;179mo[38;2;46;103;110m;[38;2;13;23;24m [38;2;52;100;99m,[38;2;49;100;104m,[38;2;53;104;111m;[38;2;60;120;126m:[38;2;44;93;97m,[38;2;26;59;82m.[38;2;27;70;79m.[38;2;19;62;58m.[38;2;7;20;33m [38;2;34;73;109m'[38;2;86;117;155mc[38;2;103;137;174ml[38;2;92;129;179ml[38;2;80;117;162mc[38;2;100;139;148ml[38;2;100;147;177mo[38;2;116;162;167md[38;2;137;165;167mx[38;2;111;128;131ml[38;2;117;150;171mo[38;2;124;154;171md[38;2;115;137;153ml[38;2;128;150;161md[38;2;121;160;180md[38;2;58;125;181mc[38;2;39;94;108m,[38;2;78;144;203ml[38;2;130;148;157mo[38;2;2;26;19m [38;2;1;42;36m [38;2;76;114;166m:[38;2;67;95;151m;[38;2;55;113;114m;[38;2;58;131;128m:[38;2;75;164;158mo[38;2;77;156;157ml[38;2;0;10;15m [38;2;54;91;182m;[38;2;135;143;143mo[38;2;66;127;128m:[38;2;26;59;82m.[38;2;82;163;161mo[38;2;56;112;112m;[38;2;2;12;29m [38;2;181;204;237m0[38;2;21;26;37m [38;2;10;57;68m.[38;2;39;70;76m.[38;2;57;82;117m,[38;2;124;128;128ml[38;2;19;32;61m.[38;2;102;142;158ml[38;2;9;26;30m [38;2;14;49;55m.[38;2;62;117;129m:[38;2;118;148;172mo[38;2;8;10;13m [38;2;73;100;111m;[38;2;44;62;85m.[38;2;0;1;0m [38;2;11;29;32m [38;2;13;66;78m.[38;2;10;47;57m.[38;2;12;35;29m [38;2;14;53;64m.[38;2;14;55;63m.[38;2;0;1;0m [38;2;24;66;64m.[38;2;68;120;130m:[38;2;7;30;42m [38;2;23;51;59m.[38;2;13;51;59m.[0m
[0m[38;2;39;77;84m'[38;2;92;192;199mx[38;2;23;58;53m.[38;2;9;20;26m [38;2;4;41;55m.[38;2;91;174;183md[38;2;49;93;106m,[38;2;33;47;54m.[38;2;99;196;205mk[38;2;80;175;167md[38;2;77;163;163mo[38;2;74;168;166mo[38;2;90;177;181md[38;2;19;51;67m.[38;2;9;49;62m.[38;2;7;52;62m.[38;2;0;21;33m [38;2;8;57;65m.[38;2;10;51;71m.[38;2;4;45;65m.[38;2;24;59;105m.[38;2;34;66;114m.[38;2;48;136;179mc[38;2;46;120;189m:[38;2;40;89;116m,[38;2;44;99;130m,[38;2;37;82;101m'[38;2;21;56;94m.[38;2;9;55;77m.[38;2;7;41;35m.[38;2;17;54;68m.[38;2;92;178;180md[38;2;71;162;158mo[38;2;47;117;100m;[38;2;99;152;209mo[38;2;128;128;131ml[38;2;1;28;34m [38;2;4;48;52m.[38;2;62;101;141m;[38;2;75;132;168mc[38;2;0;8;16m [38;2;40;98;95m,[38;2;61;116;125m:[38;2;60;121;124m:[38;2;3;11;21m [38;2;76;116;204mc[38;2;128;129;129ml[38;2;5;26;31m [38;2;69;135;131mc[38;2;17;46;61m.[38;2;51;85;88m'[38;2;0;6;18m [38;2;175;193;227m0[38;2;24;30;41m.[38;2;7;44;45m.[38;2;9;26;27m [38;2;40;63;88m.[38;2;106;129;134ml[38;2;87;108;129m:[38;2;46;85;92m'[38;2;27;49;42m.[38;2;13;33;32m [38;2;69;103;130m;[38;2;47;77;101m'[38;2;0;5;6m [38;2;67;100;113m;[38;2;49;73;91m'[38;2;0;6;0m [38;2;14;30;34m [38;2;18;68;74m.[38;2;11;40;54m.[38;2;18;35;35m.[38;2;5;41;43m.[38;2;9;57;65m.[38;2;0;0;1m [38;2;87;153;152ml[38;2;17;51;59m.[38;2;12;50;59m.[38;2;27;45;56m.[38;2;18;49;59m.[0m
[0m[38;2;96;171;151md[38;2;29;83;90m'[38;2;3;23;22m [38;2;9;21;33m [38;2;5;39;60m.[38;2;98;174;188md[38;2;48;103;95m,[38;2;28;51;61m.[38;2;92;188;189mx[38;2;74;158;163mo[38;2;71;160;161mo[38;2;75;155;166ml[38;2;83;166;167mo[38;2;75;155;154ml[38;2;15;53;63m.[38;2;9;49;53m.[38;2;0;26;38m [38;2;11;54;70m.[38;2;6;54;67m.[38;2;4;55;68m.[38;2;7;54;64m.[38;2;3;39;54m.[38;2;57;129;149m:[38;2;92;204;201mk[38;2;28;76;78m.[38;2;0;49;62m.[38;2;0;31;34m [38;2;6;56;68m.[38;2;4;56;62m.[38;2;8;55;64m.[38;2;3;50;59m.[38;2;30;78;97m'[38;2;67;144;148mc[38;2;30;72;77m.[38;2;126;163;211mx[38;2;127;130;128ml[38;2;3;17;20m [38;2;4;34;35m [38;2;63;101;141m;[38;2;77;137;189ml[38;2;11;21;32m [38;2;27;65;75m.[38;2;53;93;100m,[38;2;24;67;68m.[38;2;13;25;27m [38;2;73;131;206ml[38;2;128;131;142ml[38;2;21;54;57m.[38;2;28;68;64m.[38;2;35;74;74m.[38;2;64;107;108m;[38;2;0;4;7m [38;2;159;180;222mk[38;2;36;63;74m.[38;2;10;53;59m.[38;2;22;60;63m.[38;2;16;34;48m.[38;2;104;129;134ml[38;2;126;159;177md[38;2;1;22;25m [38;2;13;30;34m [38;2;21;44;41m.[38;2;122;148;160mo[38;2;3;10;8m [38;2;0;0;0m [38;2;122;144;150mo[38;2;19;25;37m [38;2;0;2;0m [38;2;7;35;30m [38;2;16;66;78m.[38;2;9;39;52m.[38;2;20;35;38m.[38;2;10;40;43m.[38;2;11;56;61m.[38;2;20;35;27m.[38;2;65;113;113m:[38;2;10;48;51m.[38;2;18;56;64m.[38;2;24;40;56m.[38;2;17;50;61m.[0m
[0m[38;2;41;83;76m'[38;2;7;51;69m.[38;2;4;31;25m [38;2;11;20;25m [38;2;3;39;57m.[38;2;90;175;191md[38;2;40;86;73m'[38;2;27;44;60m.[38;2;86;183;196md[38;2;72;156;161ml[38;2;72;156;162ml[38;2;76;159;167mo[38;2;74;170;162mo[38;2;70;150;142ml[38;2;62;133;140mc[38;2;13;53;56m.[38;2;1;22;32m [38;2;10;56;81m.[38;2;4;57;65m.[38;2;5;51;62m.[38;2;6;50;62m.[38;2;4;46;55m.[38;2;4;29;50m [38;2;51;113;111m;[38;2;62;128;136m:[38;2;19;61;54m.[38;2;25;56;67m.[38;2;6;30;35m [38;2;16;59;64m.[38;2;19;50;60m.[38;2;25;61;65m.[38;2;24;55;55m.[38;2;34;76;83m'[38;2;12;29;30m [38;2;130;165;223mx[38;2;129;137;139mo[38;2;11;20;22m [38;2;74;137;112mc[38;2;70;112;152m:[38;2;74;132;179mc[38;2;11;19;21m [38;2;20;59;75m.[38;2;23;40;63m.[38;2;74;85;80m,[38;2;119;115;71mc[38;2;169;184;106mk[38;2;198;189;109mO[38;2;118;112;66m:[38;2;102;108;65m:[38;2;54;75;60m'[38;2;61;70;53m'[38;2;31;14;7m [38;2;133;127;152ml[38;2;100;100;96m:[38;2;37;49;42m.[38;2;16;25;28m [38;2;40;26;14m [38;2;115;135;130ml[38;2;119;138;164mo[38;2;18;17;19m [38;2;9;18;20m [38;2;97;124;128mc[38;2;34;44;53m.[38;2;2;0;0m [38;2;10;19;27m [38;2;148;174;182mx[38;2;0;0;0m [38;2;0;9;0m [38;2;16;32;33m [38;2;13;64;77m.[38;2;11;37;43m.[38;2;16;29;34m [38;2;8;42;59m.[38;2;15;53;56m.[38;2;16;29;23m [38;2;14;44;53m.[38;2;14;46;53m.[38;2;14;51;49m.[38;2;19;48;54m.[38;2;9;42;48m.[0m
[0m[38;2;26;56;58m.[38;2;6;60;73m.[38;2;4;39;28m [38;2;8;14;20m [38;2;8;40;47m.[38;2;85;168;185md[38;2;33;76;76m.[38;2;22;34;49m.[38;2;65;134;143mc[38;2;52;110;110m;[38;2;50;111;112m;[38;2;54;109;113m;[38;2;53;114;105m;[38;2;73;128;122mc[38;2;46;91;105m,[38;2;48;89;94m,[38;2;43;86;78m'[38;2;1;16;23m [38;2;7;45;57m.[38;2;4;43;51m.[38;2;7;44;62m.[38;2;10;52;66m.[38;2;28;61;72m.[38;2;21;66;77m.[38;2;21;64;81m.[38;2;22;67;80m.[38;2;58;124;127m:[38;2;1;23;10m [38;2;7;60;67m.[38;2;9;54;70m.[38;2;2;54;66m.[38;2;3;52;61m.[38;2;6;52;71m.[38;2;0;21;28m [38;2;143;165;209mx[38;2;127;128;129ml[38;2;0;1;7m [38;2;74;171;160mo[38;2;72;89;147m;[38;2;107;133;156ml[38;2;115;102;58m:[38;2;171;167;93mx[38;2;215;208;115m0[38;2;255;252;133mW[38;2;255;249;105mN[38;2;255;255;105mW[38;2;255;253;106mN[38;2;255;254;102mN[38;2;255;254;105mN[38;2;255;255;107mW[38;2;255;239;85mX[38;2;235;216;100mK[38;2;229;209;93m0[38;2;253;234;100mX[38;2;237;226;118mX[38;2;214;178;84mk[38;2;227;180;99mO[38;2;255;237;108mN[38;2;226;216;95mK[38;2;173;164;101mx[38;2;136;114;86mc[38;2;148;167;131mx[38;2;84;75;46m'[38;2;23;23;25m [38;2;134;145;162mo[38;2;34;44;45m.[38;2;0;4;0m [38;2;0;7;3m [38;2;19;37;32m.[38;2;14;62;72m.[38;2;11;39;42m.[38;2;9;32;31m [38;2;10;44;50m.[38;2;9;34;36m [38;2;3;21;17m [38;2;15;56;57m.[38;2;11;40;48m.[38;2;10;37;43m.[38;2;16;43;45m.[38;2;53;94;103m,[0m
[0m[38;2;21;46;46m.[38;2;3;49;52m.[38;2;9;35;36m [38;2;8;35;49m [38;2;2;32;44m [38;2;73;154;181ml[38;2;48;101;97m,[38;2;0;6;14m [38;2;10;37;46m.[38;2;6;40;46m.[38;2;9;57;64m.[38;2;24;65;70m.[38;2;26;71;78m.[38;2;30;80;90m'[38;2;26;73;83m.[38;2;45;95;119m,[38;2;96;202;194mk[38;2;0;5;11m [38;2;7;58;71m.[38;2;2;53;60m.[38;2;6;52;69m.[38;2;8;53;69m.[38;2;7;55;56m.[38;2;10;54;62m.[38;2;10;55;71m.[38;2;10;56;69m.[38;2;17;68;90m.[38;2;22;48;53m.[38;2;8;61;74m.[38;2;10;55;75m.[38;2;6;57;73m.[38;2;4;57;78m.[38;2;6;51;72m.[38;2;0;28;41m [38;2;139;163;208mx[38;2;124;129;133ml[38;2;0;0;3m [38;2;145;177;152mx[38;2;230;214;110mK[38;2;255;246;125mN[38;2;248;228;87mX[38;2;239;210;86mK[38;2;239;197;78m0[38;2;204;143;48md[38;2;117;76;30m,[38;2;198;155;61mx[38;2;249;203;66m0[38;2;249;215;87mK[38;2;254;234;98mX[38;2;255;251;103mN[38;2;233;214;109mK[38;2;221;137;37md[38;2;255;250;116mN[38;2;255;253;97mN[38;2;255;254;95mN[38;2;255;255;103mN[38;2;255;254;104mN[38;2;255;254;92mN[38;2;255;255;93mN[38;2;255;255;84mN[38;2;255;249;99mN[38;2;251;214;79mK[38;2;255;251;114mN[38;2;209;195;98mO[38;2;163;136;77mo[38;2;102;96;63m;[38;2;26;22;6m [38;2;0;2;2m [38;2;16;37;42m.[38;2;16;59;65m.[38;2;11;46;53m.[38;2;13;24;23m [38;2;15;30;29m [38;2;8;29;30m [38;2;9;36;36m [38;2;16;43;52m.[38;2;53;97;101m,[38;2;70;110;120m:[38;2;68;135;149mc[38;2;60;111;131m;[0m
[0m[38;2;30;55;61m.[38;2;7;56;67m.[38;2;9;51;60m.[38;2;6;48;65m.[38;2;2;30;33m [38;2;71;140;172ml[38;2;60;117;111m:[38;2;0;15;25m [38;2;4;51;58m.[38;2;0;53;56m.[38;2;2;52;57m.[38;2;2;53;57m.[38;2;0;51;59m.[38;2;2;52;58m.[38;2;4;54;57m.[38;2;2;38;53m.[38;2;52;120;135m:[38;2;0;12;20m [38;2;9;55;77m.[38;2;2;54;70m.[38;2;9;52;68m.[38;2;7;54;62m.[38;2;1;53;65m.[38;2;9;52;68m.[38;2;11;55;77m.[38;2;9;60;78m.[38;2;8;58;85m.[38;2;52;78;77m'[38;2;14;56;72m.[38;2;9;39;60m.[38;2;7;39;47m.[38;2;3;29;40m [38;2;4;20;27m [38;2;0;8;9m [38;2;91;139;190ml[38;2;165;147;128md[38;2;178;150;72md[38;2;247;217;91mK[38;2;245;179;65mO[38;2;148;96;33m:[38;2;169;113;44ml[38;2;172;123;42ml[38;2;187;139;48mo[38;2;159;124;54ml[38;2;108;85;32m,[38;2;136;115;68mc[38;2;109;74;36m,[38;2;97;68;30m'[38;2;152;104;30m:[38;2;195;133;33mo[38;2;139;81;27m;[38;2;245;189;74m0[38;2;255;254;117mW[38;2;255;253;92mN[38;2;255;254;98mN[38;2;255;254;98mN[38;2;255;255;98mN[38;2;255;255;93mN[38;2;255;255;95mN[38;2;255;254;98mN[38;2;255;254;97mN[38;2;251;235;94mX[38;2;236;199;87m0[38;2;240;208;85mK[38;2;255;255;104mW[38;2;255;255;114mW[38;2;219;200;106m0[38;2;53;35;14m.[38;2;13;36;40m.[38;2;10;52;65m.[38;2;22;54;70m.[38;2;20;54;57m.[38;2;9;31;36m [38;2;26;64;60m.[38;2;37;79;85m'[38;2;50;90;96m,[38;2;39;88;87m'[38;2;17;52;63m.[38;2;9;46;52m.[38;2;10;45;51m.[0m
[0m[38;2;24;57;65m.[38;2;6;52;66m.[38;2;2;52;60m.[38;2;4;50;60m.[38;2;2;32;39m [38;2;70;123;171mc[38;2;65;133;125mc[38;2;0;7;14m [38;2;4;53;57m.[38;2;2;52;58m.[38;2;6;52;57m.[38;2;2;53;56m.[38;2;2;53;57m.[38;2;0;53;57m.[38;2;8;52;57m.[38;2;5;49;62m.[38;2;8;48;59m.[38;2;5;19;31m [38;2;7;59;79m.[38;2;8;53;67m.[38;2;7;51;61m.[38;2;7;44;48m.[38;2;4;40;50m.[38;2;2;32;42m [38;2;10;31;36m [38;2;3;23;27m [38;2;2;17;25m [38;2;12;25;24m [38;2;7;29;37m [38;2;0;4;2m [38;2;78;96;110m;[38;2;133;140;137mo[38;2;124;131;132ml[38;2;124;132;131ml[38;2;127;124;119ml[38;2;157;134;62ml[38;2;163;134;57mo[38;2;151;112;56mc[38;2;106;99;64m;[38;2;44;49;33m.[38;2;106;106;71m:[38;2;160;133;75mo[38;2;142;123;70ml[38;2;49;38;19m.[38;2;9;18;31m [38;2;170;200;230m0[38;2;22;33;55m.[38;2;58;73;67m'[38;2;198;153;57md[38;2;205;144;39md[38;2;118;73;28m,[38;2;239;193;79m0[38;2;255;254;98mN[38;2;255;253;89mN[38;2;255;255;95mN[38;2;255;253;96mN[38;2;255;254;93mN[38;2;255;255;97mN[38;2;255;255;99mN[38;2;255;255;99mN[38;2;255;255;99mN[38;2;255;253;92mN[38;2;255;254;101mN[38;2;247;219;79mK[38;2;247;204;92mK[38;2;240;196;78m0[38;2;255;255;111mW[38;2;233;230;101mX[38;2;128;113;68mc[38;2;26;45;50m.[38;2;12;50;60m.[38;2;13;26;34m [38;2;13;31;31m [38;2;26;50;49m.[38;2;10;41;52m.[38;2;14;55;76m.[38;2;13;53;62m.[38;2;12;53;64m.[38;2;16;53;71m.[38;2;13;42;54m.[0m
[0m[38;2;21;55;67m.[38;2;3;51;66m.[38;2;0;50;56m.[38;2;0;50;56m.[38;2;2;25;41m [38;2;70;124;175mc[38;2;70;149;125ml[38;2;0;14;18m [38;2;4;49;65m.[38;2;4;50;64m.[38;2;2;52;65m.[38;2;6;54;60m.[38;2;6;48;55m.[38;2;0;45;49m.[38;2;2;38;42m [38;2;2;31;37m [38;2;4;32;36m [38;2;6;12;13m [38;2;4;21;22m [38;2;2;12;16m [38;2;2;11;20m [38;2;6;21;19m [38;2;2;8;6m [38;2;0;10;0m [38;2;0;4;0m [38;2;0;3;1m [38;2;0;4;10m [38;2;21;67;81m.[38;2;14;64;80m.[38;2;0;9;6m [38;2;85;108;125m:[38;2;108;137;155ml[38;2;113;140;143ml[38;2;104;132;134ml[38;2;120;148;147mo[38;2;41;91;91m,[38;2;55;93;98m,[38;2;62;87;123m,[38;2;51;68;73m'[38;2;41;61;65m.[38;2;26;62;67m.[38;2;68;92;123m;[38;2;105;162;186md[38;2;84;138;166ml[38;2;59;88;145m,[38;2;133;189;214mk[38;2;1;7;10m [38;2;194;195;121mO[38;2;208;121;18mo[38;2;190;144;48md[38;2;85;57;20m.[38;2;178;151;56md[38;2;255;255;119mW[38;2;255;253;96mN[38;2;255;254;95mN[38;2;255;254;96mN[38;2;255;254;94mN[38;2;255;254;96mN[38;2;255;254;93mN[38;2;255;255;95mN[38;2;255;255;93mN[38;2;255;253;91mN[38;2;255;254;91mN[38;2;255;254;92mN[38;2;255;254;100mN[38;2;242;200;83m0[38;2;242;187;76mO[38;2;252;211;83mK[38;2;255;255;122mW[38;2;230;221;108mK[38;2;132;130;81ml[38;2;42;30;27m.[38;2;3;16;26m [38;2;13;27;29m [38;2;11;30;31m [38;2;14;39;53m.[38;2;17;46;57m.[38;2;19;48;49m.[38;2;18;48;64m.[38;2;8;28;49m [0m
[0m[38;2;28;59;71m.[38;2;4;49;65m.[38;2;0;45;56m.[38;2;2;42;63m.[38;2;1;27;41m [38;2;62;110;161m:[38;2;65;156;141ml[38;2;0;12;13m [38;2;4;28;39m [38;2;2;22;28m [38;2;0;18;22m [38;2;0;14;13m [38;2;0;8;4m [38;2;0;9;0m [38;2;0;7;0m [38;2;0;6;0m [38;2;0;26;39m [38;2;5;38;40m [38;2;8;40;55m.[38;2;4;48;63m.[38;2;5;53;72m.[38;2;13;69;69m.[38;2;2;9;15m [38;2;0;10;5m [38;2;0;6;9m [38;2;0;9;6m [38;2;0;14;16m [38;2;12;66;87m.[38;2;9;58;71m.[38;2;3;39;51m.[38;2;10;25;38m [38;2;11;42;54m.[38;2;6;23;29m [38;2;0;1;5m [38;2;18;30;61m.[38;2;194;208;212mK[38;2;53;43;28m.[38;2;178;128;56mo[38;2;219;202;98m0[38;2;228;192;88mO[38;2;204;204;107m0[38;2;184;174;84mx[38;2;144;156;106md[38;2;62;119;109m:[38;2;31;48;105m.[38;2;111;175;213mx[38;2;84;128;175mc[38;2;84;80;68m,[38;2;236;168;47mk[38;2;226;159;43mx[38;2;73;42;21m.[38;2;225;214;118mK[38;2;255;253;100mN[38;2;255;253;93mN[38;2;255;253;93mN[38;2;255;253;93mN[38;2;255;253;90mN[38;2;255;252;92mN[38;2;255;253;82mN[38;2;255;253;89mN[38;2;255;252;84mN[38;2;255;252;90mN[38;2;255;252;90mN[38;2;255;252;88mN[38;2;255;253;85mN[38;2;255;253;90mN[38;2;255;253;96mN[38;2;252;208;76mK[38;2;255;246;92mN[38;2;255;253;90mN[38;2;255;254;105mN[38;2;238;230;110mX[38;2;124;111;58m:[38;2;13;34;47m.[38;2;12;31;41m [38;2;0;12;11m [38;2;15;28;30m [38;2;18;43;43m.[38;2;28;48;60m.[38;2;29;42;45m.[0m
[0m[38;2;14;38;37m.[38;2;9;31;35m [38;2;9;25;22m [38;2;3;17;31m [38;2;13;40;67m.[38;2;58;99;154m;[38;2;76;164;158mo[38;2;3;11;3m [38;2;0;9;3m [38;2;18;23;24m [38;2;7;20;24m [38;2;12;27;30m [38;2;0;14;0m [38;2;4;13;0m [38;2;0;12;7m [38;2;3;11;2m [38;2;7;26;38m [38;2;15;57;71m.[38;2;9;57;69m.[38;2;12;49;74m.[38;2;11;59;73m.[38;2;16;63;79m.[38;2;0;19;14m [38;2;7;14;14m [38;2;0;20;12m [38;2;0;15;12m [38;2;2;18;31m [38;2;7;55;63m.[38;2;16;44;68m.[38;2;9;36;63m.[38;2;20;48;58m.[38;2;16;39;43m.[38;2;42;61;82m.[38;2;54;97;98m,[38;2;22;44;95m.[38;2;201;239;255mN[38;2;105;83;75m;[38;2;226;159;52mx[38;2;181;128;31ml[38;2;243;207;101mK[38;2;255;255;156mW[38;2;255;255;114mW[38;2;255;255;120mW[38;2;206;167;77mk[38;2;160;128;88ml[38;2;110;116;87mc[38;2;187;201;166m0[38;2;85;59;32m.[38;2;184;136;54mo[38;2;192;136;56mo[38;2;222;213;117mK[38;2;255;251;94mN[38;2;255;250;92mN[38;2;255;251;89mN[38;2;255;252;92mN[38;2;255;252;98mN[38;2;255;252;87mN[38;2;255;253;93mN[38;2;255;253;88mN[38;2;255;254;90mN[38;2;255;252;80mN[38;2;255;252;89mN[38;2;255;252;91mN[38;2;255;252;83mN[38;2;255;252;81mN[38;2;255;252;88mN[38;2;255;253;83mN[38;2;255;252;92mN[38;2;255;253;89mN[38;2;255;253;94mN[38;2;255;253;98mN[38;2;255;254;96mN[38;2;255;255;107mW[38;2;148;128;107ml[38;2;44;42;38m.[38;2;13;41;52m.[38;2;3;8;11m [38;2;9;12;6m [38;2;4;17;18m [38;2;5;11;2m [0m
