[0m[38;2;22;53;45m.[38;2;9;47;58m.[38;2;12;41;41m.[38;2;1;16;7m [38;2;6;36;51m [38;2;3;30;44m [38;2;88;154;139ml[38;2;17;38;33m.[38;2;0;8;1m [38;2;0;9;0m [38;2;6;11;4m [38;2;4;19;14m [38;2;8;24;18m [38;2;3;14;20m [38;2;126;168;198mx[38;2;100;109;122m:[38;2;3;10;9m [38;2;7;50;53m.[38;2;9;50;64m.[38;2;8;48;52m.[38;2;11;47;55m.[38;2;11;48;54m.[38;2;11;47;60m.[38;2;10;48;62m.[38;2;9;49;49m.[38;2;8;36;39m [38;2;79;168;162mo[38;2;17;26;29m [38;2;38;81;89m'[38;2;47;108;109m;[38;2;55;81;112m,[38;2;25;61;77m.[38;2;14;45;61m.[38;2;12;47;65m.[38;2;6;35;51m [38;2;65;119;134m:[38;2;46;70;71m.[38;2;73;168;189mo[38;2;50;100;125m;[38;2;8;45;54m.[38;2;8;42;43m.[38;2;31;53;119m.[38;2;140;155;161md[38;2;13;45;59m.[38;2;0;22;33m [38;2;15;41;105m.[38;2;189;238;255mX[38;2;42;98;128m,[38;2;53;101;139m;[38;2;33;74;140m'[38;2;13;34;176m.[38;2;21;110;226m;[38;2;1;60;206m.[38;2;9;65;199m.[38;2;8;63;192m.[38;2;6;48;174m.[38;2;14;53;145m.[38;2;3;16;68m [38;2;65;108;192m:[38;2;9;36;76m.[38;2;7;26;60m [38;2;8;36;46m [38;2;13;33;50m [38;2;11;44;70m.[38;2;2;39;54m.[38;2;18;42;56m.[38;2;7;26;42m [38;2;9;47;48m.[38;2;12;50;52m.[38;2;13;52;60m.[38;2;2;27;32m [38;2;15;47;50m.[38;2;8;46;45m.[38;2;1;4;6m [38;2;7;31;26m [38;2;8;37;43m [38;2;9;45;42m.[38;2;10;37;33m [38;2;9;46;46m.[38;2;4;42;44m.[0m
[0m[38;2;22;51;44m.[38;2;8;44;50m.[38;2;6;32;32m [38;2;0;13;10m [38;2;2;34;48m [38;2;1;29;37m [38;2;83;148;152ml[38;2;9;25;26m [38;2;1;5;5m [38;2;0;5;0m [38;2;0;1;0m [38;2;0;4;0m [38;2;0;3;0m [38;2;21;40;58m.[38;2;202;223;242mX[38;2;13;11;13m [38;2;3;14;13m [38;2;1;16;15m [38;2;3;21;26m [38;2;1;29;33m [38;2;7;36;44m [38;2;9;37;45m.[38;2;5;43;51m.[38;2;8;47;60m.[38;2;6;47;55m.[38;2;7;41;50m.[38;2;34;91;111m,[38;2;20;30;32m [38;2;11;44;55m.[38;2;6;42;58m.[38;2;9;40;64m.[38;2;18;53;70m.[38;2;15;47;73m.[38;2;23;53;84m.[38;2;18;56;71m.[38;2;46;82;90m'[38;2;39;63;63m.[38;2;76;153;174ml[38;2;80;152;198mo[38;2;15;52;65m.[38;2;5;24;33m [38;2;31;60;136m.[38;2;130;144;162mo[38;2;6;38;52m.[38;2;7;25;44m [38;2;15;35;115m.[38;2;198;243;255mN[38;2;8;15;65m [38;2;66;135;211ml[38;2;81;179;246mx[38;2;34;125;255mc[38;2;109;255;255mK[38;2;66;229;255mO[38;2;65;207;255mk[38;2;42;163;255mo[38;2;14;135;250mc[38;2;2;84;239m,[38;2;2;32;184m.[38;2;80;142;236mo[38;2;9;38;132m.[38;2;7;28;93m.[38;2;5;35;85m.[38;2;55;79;104m'[38;2;55;62;71m.[38;2;59;78;89m'[38;2;57;69;81m'[38;2;51;65;73m.[38;2;28;61;65m.[38;2;18;46;56m.[38;2;5;46;52m.[38;2;0;20;27m [38;2;13;45;48m.[38;2;7;29;35m [38;2;0;4;2m [38;2;2;30;29m [38;2;4;29;31m [38;2;6;32;36m [38;2;7;29;23m [38;2;13;39;45m.[38;2;5;35;42m [0m
[0m[38;2;23;49;51m.[38;2;9;44;56m.[38;2;15;33;36m [38;2;0;12;18m [38;2;3;39;47m.[38;2;0;33;38m [38;2;80;150;159ml[38;2;5;17;27m [38;2;4;25;31m [38;2;8;23;28m [38;2;7;24;32m [38;2;9;24;42m [38;2;1;2;10m [38;2;149;179;210mk[38;2;91;102;125m:[38;2;10;25;45m [38;2;3;29;48m [38;2;0;4;0m [38;2;0;6;0m [38;2;0;8;1m [38;2;0;5;0m [38;2;0;5;2m [38;2;2;8;6m [38;2;3;9;15m [38;2;7;22;23m [38;2;6;26;29m [38;2;6;36;47m [38;2;6;14;21m [38;2;15;47;54m.[38;2;16;47;77m.[38;2;13;48;78m.[38;2;9;46;76m.[38;2;8;44;76m.[38;2;11;46;75m.[38;2;8;35;69m.[38;2;71;127;156mc[38;2;34;56;68m.[38;2;26;56;82m.[38;2;39;92;121m,[38;2;37;81;106m'[38;2;12;21;34m [38;2;46;77;156m,[38;2;99;127;140mc[38;2;5;36;61m.[38;2;6;16;42m [38;2;15;35;106m.[38;2;206;249;255mN[38;2;1;9;79m [38;2;19;57;175m.[38;2;81;177;255mx[38;2;24;162;255ml[38;2;151;255;255mX[38;2;97;255;255mK[38;2;102;255;255mK[38;2;126;255;255mX[38;2;87;255;255mK[38;2;78;229;255mO[38;2;78;197;255mx[38;2;73;214;255mk[38;2;16;89;235m,[38;2;5;51;202m.[38;2;5;25;112m.[38;2;68;93;151m;[38;2;66;92;117m;[38;2;76;99;111m;[38;2;67;85;103m,[38;2;70;91;92m,[38;2;39;69;84m.[38;2;81;98;120m;[38;2;57;80;94m'[38;2;1;23;23m [38;2;12;25;21m [38;2;3;14;14m [38;2;3;34;35m [38;2;5;43;53m.[38;2;8;28;36m [38;2;16;40;43m.[38;2;9;25;23m [38;2;11;41;44m.[38;2;5;37;48m [0m
[0m[38;2;25;51;57m.[38;2;12;46;58m.[38;2;12;37;36m.[38;2;4;15;23m [38;2;8;42;59m.[38;2;4;28;51m [38;2;78;149;181ml[38;2;10;32;70m.[38;2;1;7;25m [38;2;14;38;96m.[38;2;3;19;46m [38;2;17;30;78m.[38;2;82;100;149m:[38;2;197;212;235mK[38;2;1;16;53m [38;2;11;45;95m.[38;2;8;31;60m [38;2;6;37;62m.[38;2;9;36;69m.[38;2;7;27;38m [38;2;7;16;16m [38;2;39;51;51m.[38;2;35;45;50m.[38;2;36;45;47m.[38;2;36;49;51m.[38;2;37;48;52m.[38;2;38;46;48m.[38;2;32;39;42m.[38;2;19;31;37m [38;2;38;45;52m.[38;2;25;35;47m.[38;2;9;21;35m [38;2;7;28;47m [38;2;12;36;59m.[38;2;12;40;73m.[38;2;30;67;96m.[38;2;25;39;58m.[38;2;15;53;78m.[38;2;14;46;99m.[38;2;11;45;88m.[38;2;0;14;32m [38;2;69;109;188m:[38;2;88;118;139mc[38;2;38;75;115m'[38;2;50;84;102m,[38;2;10;21;83m [38;2;217;254;255mW[38;2;7;16;71m [38;2;5;43;175m.[38;2;44;122;248mc[38;2;26;194;255md[38;2;125;255;255mX[38;2;92;255;255mK[38;2;77;255;255m0[38;2;91;255;255mK[38;2;95;255;255mK[38;2;80;255;255m0[38;2;145;255;255mX[38;2;44;240;255mO[38;2;102;254;255mK[38;2;4;154;255mc[38;2;4;56;233m.[38;2;6;41;134m.[38;2;7;32;83m.[38;2;14;49;102m.[38;2;11;37;59m.[38;2;3;40;55m.[38;2;7;42;53m.[38;2;6;29;41m [38;2;104;120;146mc[38;2;23;27;40m [38;2;4;22;24m [38;2;11;42;51m.[38;2;6;55;56m.[38;2;5;37;44m [38;2;2;5;6m [38;2;47;69;66m.[38;2;28;52;56m.[38;2;10;44;48m.[38;2;3;35;47m [0m
[0m[38;2;18;54;53m.[38;2;9;47;61m.[38;2;6;30;32m [38;2;8;20;29m [38;2;10;45;71m.[38;2;7;31;68m [38;2;84;146;199ml[38;2;9;49;158m.[38;2;21;81;198m,[38;2;1;66;190m.[38;2;2;43;198m.[38;2;21;54;200m.[38;2;205;239;255mN[38;2;52;63;182m'[38;2;5;53;179m.[38;2;11;46;170m.[38;2;3;30;116m.[38;2;11;47;127m.[38;2;16;52;109m.[38;2;5;18;28m [38;2;66;93;98m,[38;2;147;199;209mO[38;2;134;175;191mx[38;2;137;180;189mk[38;2;142;184;199mk[38;2;137;179;197mk[38;2;121;151;163mo[38;2;144;136;160mo[38;2;89;121;135mc[38;2;122;149;157mo[38;2;107;129;149ml[38;2;120;128;152ml[38;2;61;72;96m'[38;2;84;92;100m;[38;2;26;28;28m [38;2;2;8;14m [38;2;2;6;9m [38;2;8;26;47m [38;2;7;28;57m [38;2;8;31;57m [38;2;0;21;63m [38;2;120;154;228md[38;2;50;72;109m'[38;2;10;38;85m.[38;2;64;120;159m:[38;2;12;29;80m.[38;2;217;251;255mW[38;2;16;26;95m.[38;2;32;67;184m'[38;2;26;81;236m,[38;2;33;185;255md[38;2;105;230;255m0[38;2;102;255;255mK[38;2;94;255;255mK[38;2;86;255;255mK[38;2;86;255;255mK[38;2;89;255;255mK[38;2;111;255;255mK[38;2;35;242;255mO[38;2;117;254;255mK[38;2;14;210;255mx[38;2;5;71;241m'[38;2;10;52;163m.[38;2;51;102;156m;[38;2;9;42;70m.[38;2;9;27;47m [38;2;1;34;51m [38;2;2;36;47m [38;2;9;31;40m [38;2;39;57;92m.[38;2;66;82;113m,[38;2;7;46;45m.[38;2;9;46;65m.[38;2;8;37;44m.[38;2;31;45;44m.[38;2;32;59;58m.[38;2;23;53;59m.[38;2;9;43;55m.[38;2;6;45;58m.[38;2;9;37;41m [0m
[0m[38;2;22;48;56m.[38;2;9;47;66m.[38;2;10;30;32m [38;2;9;24;40m [38;2;13;45;88m.[38;2;5;36;104m.[38;2;79;153;242mo[38;2;3;79;250m,[38;2;119;255;255mK[38;2;99;241;255m0[38;2;85;214;255mO[38;2;80;185;255mx[38;2;97;210;255mO[38;2;78;168;253md[38;2;65;177;255md[38;2;64;164;252mo[38;2;2;97;238m,[38;2;17;80;213m,[38;2;14;46;149m.[38;2;5;31;83m.[38;2;7;16;34m [38;2;22;43;60m.[38;2;11;30;38m [38;2;11;24;26m [38;2;12;26;24m [38;2;11;25;25m [38;2;12;24;22m [38;2;15;38;57m.[38;2;11;28;51m [38;2;7;14;14m [38;2;10;30;45m [38;2;20;36;82m.[38;2;33;51;80m.[38;2;115;120;142mc[38;2;181;200;219m0[38;2;89;98;114m;[38;2;4;7;24m [38;2;1;16;52m [38;2;1;9;32m [38;2;1;9;28m [38;2;8;21;86m [38;2;146;190;253mO[38;2;6;12;24m [38;2;4;12;41m [38;2;13;30;62m [38;2;19;37;117m.[38;2;222;252;255mW[38;2;3;15;48m [38;2;17;41;130m.[38;2;15;52;169m.[38;2;39;102;224m;[38;2;3;66;226m'[38;2;8;133;252m:[38;2;31;174;255mo[38;2;61;187;255mx[38;2;50;218;255mk[38;2;80;234;255mO[38;2;113;255;255mK[38;2;50;243;255mO[38;2;122;243;255mK[38;2;22;208;255mx[38;2;41;116;241m:[38;2;7;42;143m.[38;2;21;65;128m.[38;2;7;40;73m.[38;2;9;25;38m [38;2;5;36;54m [38;2;12;46;55m.[38;2;2;24;31m [38;2;40;58;87m.[38;2;64;87;120m,[38;2;10;45;48m.[38;2;11;38;44m.[38;2;32;50;44m.[38;2;32;56;54m.[38;2;8;42;51m.[38;2;8;46;58m.[38;2;7;45;54m.[38;2;5;44;53m.[38;2;8;41;47m.[0m
[0m[38;2;23;49;59m.[38;2;10;50;61m.[38;2;6;22;40m [38;2;8;25;49m [38;2;16;46;111m.[38;2;9;44;123m.[38;2;81;159;254md[38;2;0;107;255m;[38;2;122;255;255mX[38;2;118;255;255mK[38;2;32;222;255mk[38;2;142;225;255mK[38;2;71;239;255mO[38;2;107;255;255mK[38;2;117;255;255mK[38;2;192;255;255mN[38;2;16;210;255mx[38;2;21;135;255mc[38;2;26;77;211m,[38;2;27;65;149m.[38;2;29;63;119m.[38;2;26;67;98m.[38;2;26;49;68m.[38;2;31;42;56m.[38;2;19;31;37m [38;2;19;28;34m [38;2;2;2;3m [38;2;9;45;79m.[38;2;14;44;90m.[38;2;7;20;39m [38;2;12;32;52m [38;2;8;36;65m.[38;2;12;47;91m.[38;2;0;0;14m [38;2;27;50;113m.[38;2;207;222;252mX[38;2;52;66;132m'[38;2;15;57;160m.[38;2;7;25;130m.[38;2;8;22;121m.[38;2;14;46;187m.[38;2;146;213;255m0[38;2;3;7;56m [38;2;12;47;130m.[38;2;5;15;81m [38;2;12;50;168m.[38;2;208;250;255mW[38;2;0;1;5m [38;2;0;18;44m [38;2;1;17;57m [38;2;4;21;84m [38;2;6;18;105m [38;2;5;37;150m.[38;2;10;48;169m.[38;2;10;55;190m.[38;2;13;74;221m'[38;2;1;65;221m'[38;2;15;107;233m;[38;2;53;167;244mo[38;2;61;136;235ml[38;2;27;133;224mc[38;2;50;119;198m:[38;2;7;40;107m.[38;2;7;40;81m.[38;2;3;32;43m [38;2;1;4;3m [38;2;5;15;21m [38;2;5;29;28m [38;2;3;23;32m [38;2;40;69;105m'[38;2;72;94;117m;[38;2;4;12;12m [38;2;28;48;53m.[38;2;11;31;38m [38;2;10;38;49m.[38;2;9;35;48m [38;2;10;46;53m.[38;2;5;39;48m.[38;2;5;38;47m [38;2;13;45;52m.[0m
[0m[38;2;25;53;60m.[38;2;12;48;63m.[38;2;6;29;42m [38;2;7;30;53m [38;2;18;49;113m.[38;2;7;43;134m.[38;2;82;166;254md[38;2;0;133;255m:[38;2;121;255;255mX[38;2;128;255;255mX[38;2;36;211;255mx[38;2;65;224;255mO[38;2;114;255;255mK[38;2;101;255;255mK[38;2;124;255;255mX[38;2;176;255;255mN[38;2;27;228;255mk[38;2;20;146;255mc[38;2;12;72;235m'[38;2;9;56;161m.[38;2;11;52;111m.[38;2;7;38;87m.[38;2;15;45;91m.[38;2;73;139;172ml[38;2;63;127;154mc[38;2;78;134;183ml[38;2;24;37;52m.[38;2;56;110;136m;[38;2;30;55;87m.[38;2;37;74;101m'[38;2;22;50;80m.[38;2;22;57;100m.[38;2;30;58;109m.[38;2;19;31;78m.[38;2;3;20;116m [38;2;153;184;254mO[38;2;111;144;230mo[38;2;8;97;245m;[38;2;2;93;228m,[38;2;7;75;242m'[38;2;32;118;249m:[38;2;168;229;255mK[38;2;5;30;188m.[38;2;10;71;221m'[38;2;8;30;149m.[38;2;5;37;180m.[38;2;209;245;255mN[38;2;0;4;30m [38;2;3;20;65m [38;2;15;36;83m.[38;2;10;34;73m.[38;2;4;20;65m [38;2;2;13;38m [38;2;1;7;34m [38;2;0;4;39m [38;2;4;11;51m [38;2;1;11;62m [38;2;4;17;56m [38;2;86;120;187mc[38;2;8;23;92m [38;2;9;25;66m [38;2;12;42;95m.[38;2;11;53;79m.[38;2;19;57;80m.[38;2;1;15;24m [38;2;0;9;0m [38;2;0;7;0m [38;2;0;5;0m [38;2;0;4;1m [38;2;68;88;118m,[38;2;46;58;76m.[38;2;14;32;36m [38;2;9;50;59m.[38;2;10;44;51m.[38;2;9;34;42m [38;2;13;35;42m.[38;2;9;36;41m [38;2;11;42;49m.[38;2;9;42;51m.[38;2;12;41;53m.[0m
[0m[38;2;18;57;59m.[38;2;16;49;66m.[38;2;7;26;39m [38;2;8;36;58m.[38;2;15;50;112m.[38;2;7;37;142m.[38;2;81;170;253md[38;2;0;134;255m:[38;2;130;255;255mX[38;2;91;248;255m0[38;2;62;210;255mk[38;2;84;241;255m0[38;2;99;255;255mK[38;2;108;255;255mK[38;2;122;255;255mX[38;2;185;255;255mN[38;2;27;224;255mk[38;2;39;195;255md[38;2;14;64;240m'[38;2;8;61;169m.[38;2;11;54;116m.[38;2;10;47;98m.[38;2;6;33;70m.[38;2;56;102;123m;[38;2;69;143;174ml[38;2;78;155;184mo[38;2;22;35;51m.[38;2;90;160;176mo[38;2;21;38;77m.[38;2;59;111;146m:[38;2;22;50;93m.[38;2;10;45;98m.[38;2;22;59;125m.[38;2;24;72;175m'[38;2;7;54;224m.[38;2;123;209;255mO[38;2;125;239;255mK[38;2;137;240;255mK[38;2;93;245;255m0[38;2;85;217;255mO[38;2;4;212;255md[38;2;107;233;255m0[38;2;53;162;255mo[38;2;15;177;255mo[38;2;3;123;247m:[38;2;0;71;244m'[38;2;168;224;255mK[38;2;0;2;37m [38;2;12;36;114m.[38;2;18;52;118m.[38;2;9;32;74m.[38;2;5;32;68m [38;2;22;37;43m.[38;2;102;127;136mc[38;2;99;119;123mc[38;2;91;119;129mc[38;2;79;100;106m;[38;2;44;65;64m.[38;2;88;111;123m:[38;2;36;50;65m.[38;2;42;53;60m.[38;2;26;31;34m.[38;2;2;12;13m [38;2;10;23;28m [38;2;1;12;8m [38;2;0;7;0m [38;2;0;6;0m [38;2;0;5;1m [38;2;0;3;0m [38;2;98;123;141mc[38;2;21;48;63m.[38;2;10;37;44m.[38;2;8;39;45m.[38;2;12;39;54m.[38;2;11;41;49m.[38;2;7;35;34m [38;2;12;40;46m.[38;2;9;45;56m.[38;2;11;44;49m.[38;2;9;42;49m.[0m
[0m[38;2;20;44;53m.[38;2;9;39;57m.[38;2;6;20;32m [38;2;8;29;52m [38;2;15;48;102m.[38;2;7;39;133m.[38;2;82;166;252md[38;2;2;143;255mc[38;2;162;255;255mN[38;2;53;209;255mx[38;2;95;232;255m0[38;2;101;255;255mK[38;2;104;255;255mK[38;2;112;255;255mK[38;2;121;255;255mX[38;2;190;255;255mN[38;2;0;233;255mx[38;2;57;202;255mx[38;2;33;95;226m;[38;2;8;53;153m.[38;2;12;55;112m.[38;2;9;50;102m.[38;2;7;40;88m.[38;2;26;56;81m.[38;2;68;162;184mo[38;2;85;158;181mo[38;2;2;10;18m [38;2;89;169;192md[38;2;74;129;174mc[38;2;13;30;67m.[38;2;66;118;153m:[38;2;12;44;102m.[38;2;12;58;137m.[38;2;24;72;207m'[38;2;11;84;249m,[38;2;131;230;255mK[38;2;102;255;255mK[38;2;207;255;255mW[38;2;150;255;255mX[38;2;172;255;255mN[38;2;23;252;255mO[38;2;69;254;255m0[38;2;229;255;255mW[38;2;190;255;255mN[38;2;53;240;255mO[38;2;2;150;255mc[38;2;163;226;255mK[38;2;6;31;144m.[38;2;7;44;131m.[38;2;8;57;112m.[38;2;4;25;62m [38;2;17;42;69m.[38;2;6;19;42m [38;2;9;24;32m [38;2;4;13;12m [38;2;1;12;14m [38;2;7;29;42m [38;2;2;20;33m [38;2;85;110;130m:[38;2;3;19;30m [38;2;6;11;18m [38;2;150;165;184mx[38;2;13;24;28m [38;2;13;32;39m [38;2;0;5;2m [38;2;2;5;2m [38;2;0;5;0m [38;2;0;6;1m [38;2;1;0;0m [38;2;125;165;202mx[38;2;6;28;33m [38;2;3;6;7m [38;2;18;47;55m.[38;2;14;43;56m.[38;2;15;48;55m.[38;2;18;47;49m.[38;2;10;28;44m [38;2;18;50;56m.[38;2;9;36;42m [38;2;8;47;50m.[0m
[0m[38;2;38;74;75m.[38;2;31;71;88m.[38;2;37;75;86m'[38;2;8;24;33m [38;2;13;47;91m.[38;2;9;35;97m.[38;2;84;154;213mo[38;2;7;67;199m'[38;2;77;162;225mo[38;2;27;130;247mc[38;2;131;211;255m0[38;2;74;193;250mx[38;2;72;219;255mk[38;2;75;221;255mO[38;2;87;233;255m0[38;2;140;238;255mK[38;2;14;207;255md[38;2;45;134;240mc[38;2;73;156;231mo[38;2;23;64;135m.[38;2;21;59;113m.[38;2;17;51;91m.[38;2;8;46;71m.[38;2;7;29;59m [38;2;68;134;148mc[38;2;88;162;177mo[38;2;6;9;22m [38;2;87;162;186mo[38;2;78;149;179ml[38;2;60;122;162m:[38;2;17;43;79m.[38;2;48;91;149m,[38;2;13;47;136m.[38;2;19;69;209m'[38;2;15;108;250m;[38;2;110;223;255m0[38;2;102;255;255mK[38;2;215;255;255mW[38;2;187;255;255mN[38;2;126;255;255mX[38;2;132;255;255mX[38;2;71;255;255m0[38;2;196;255;255mN[38;2;223;255;255mW[38;2;49;251;255m0[38;2;3;176;255mo[38;2;144;204;255m0[38;2;7;50;195m.[38;2;4;63;163m.[38;2;12;55;108m.[38;2;7;26;62m [38;2;43;79;102m'[38;2;18;53;84m.[38;2;42;86;96m'[38;2;60;113;131m:[38;2;40;73;75m.[38;2;9;24;35m [38;2;5;35;47m [38;2;116;146;200mo[38;2;17;41;41m.[38;2;0;10;3m [38;2;89;112;151m:[38;2;25;39;61m.[38;2;7;42;40m.[38;2;1;3;0m [38;2;0;6;2m [38;2;0;7;0m [38;2;1;5;0m [38;2;43;50;66m.[38;2;83;119;142mc[38;2;9;44;47m.[38;2;1;11;10m [38;2;14;42;51m.[38;2;8;29;35m [38;2;14;38;46m.[38;2;6;31;37m [38;2;10;35;44m [38;2;16;47;48m.[38;2;30;54;59m.[38;2;23;54;57m.[0m
[0m[38;2;17;54;51m.[38;2;12;48;60m.[38;2;13;49;56m.[38;2;1;18;31m [38;2;15;49;80m.[38;2;6;30;75m [38;2;81;142;177ml[38;2;0;12;55m [38;2;11;43;116m.[38;2;22;48;161m.[38;2;194;235;255mX[38;2;9;16;135m [38;2;6;51;187m.[38;2;48;124;241mc[38;2;15;81;202m'[38;2;12;72;209m'[38;2;55;141;226ml[38;2;6;21;105m [38;2;35;83;148m,[38;2;37;83;120m'[38;2;38;80;116m'[38;2;35;76;115m'[38;2;36;77;102m'[38;2;32;71;95m.[38;2;39;84;105m'[38;2;45;94;104m,[38;2;54;96;120m,[38;2;34;56;66m.[38;2;58;116;130m:[38;2;57;111;132m;[38;2;44;87;123m,[38;2;28;65;111m.[38;2;34;79;153m'[38;2;31;83;204m,[38;2;24;102;238m;[38;2;119;218;255m0[38;2;97;252;255mK[38;2;183;255;255mN[38;2;231;255;255mW[38;2;60;255;255m0[38;2;102;253;255mK[38;2;142;255;255mX[38;2;183;255;255mN[38;2;219;255;255mW[38;2;44;253;255mO[38;2;5;179;255mo[38;2;138;198;255mO[38;2;6;44;171m.[38;2;7;63;153m.[38;2;8;61;109m.[38;2;4;24;58m [38;2;99;155;186mo[38;2;14;48;69m.[38;2;10;29;56m [38;2;59;124;139m:[38;2;62;112;112m;[38;2;11;26;29m [38;2;1;21;37m [38;2;109;150;196mo[38;2;23;54;53m.[38;2;0;6;5m [38;2;90;121;168mc[38;2;21;50;59m.[38;2;46;101;102m,[38;2;1;4;0m [38;2;0;5;2m [38;2;0;7;1m [38;2;1;1;0m [38;2;139;164;186mx[38;2;18;42;46m.[38;2;11;44;51m.[38;2;1;13;11m [38;2;6;34;43m [38;2;33;81;91m'[38;2;17;51;91m.[38;2;27;68;88m.[38;2;8;29;30m [38;2;93;98;95m;[38;2;40;63;64m.[38;2;28;69;67m.[0m
[0m[38;2;17;50;51m.[38;2;10;48;59m.[38;2;12;51;56m.[38;2;1;26;34m [38;2;13;49;69m.[38;2;7;29;57m [38;2;86;154;180mo[38;2;10;30;51m [38;2;11;47;82m.[38;2;7;14;71m [38;2;183;213;250mK[38;2;25;40;73m.[38;2;4;43;95m.[38;2;16;61;121m.[38;2;73;131;180mc[38;2;6;22;83m [38;2;61;126;167mc[38;2;3;7;36m [38;2;19;50;98m.[38;2;10;48;81m.[38;2;10;52;83m.[38;2;9;47;76m.[38;2;11;47;72m.[38;2;11;46;72m.[38;2;10;48;71m.[38;2;6;43;68m.[38;2;45;94;112m,[38;2;19;26;37m [38;2;17;44;68m.[38;2;11;42;71m.[38;2;8;40;86m.[38;2;16;53;99m.[38;2;18;66;127m.[38;2;23;66;144m.[38;2;36;76;199m,[38;2;142;194;245mO[38;2;85;180;244mx[38;2;63;203;255mx[38;2;101;195;255mk[38;2;179;250;255mN[38;2;81;185;252mx[38;2;87;220;255mO[38;2;94;236;255m0[38;2;152;237;255mK[38;2;72;212;255mk[38;2;11;95;246m;[38;2;142;180;250mk[38;2;21;65;148m.[38;2;35;72;140m'[38;2;40;84;125m,[38;2;24;40;68m.[38;2;70;128;132mc[38;2;61;114;135m:[38;2;17;39;61m.[38;2;13;43;58m.[38;2;42;78;84m'[38;2;6;24;34m [38;2;28;44;63m.[38;2;104;134;144ml[38;2;5;39;39m [38;2;0;2;5m [38;2;96;131;175ml[38;2;5;24;24m [38;2;21;57;59m.[38;2;1;5;1m [38;2;2;5;1m [38;2;0;6;0m [38;2;35;45;58m.[38;2;108;134;152ml[38;2;7;37;43m [38;2;14;47;59m.[38;2;1;15;14m [38;2;11;37;39m.[38;2;25;47;42m.[38;2;18;32;41m [38;2;58;106;108m;[38;2;3;26;28m [38;2;132;148;143mo[38;2;55;90;82m,[38;2;23;67;73m.[0m
[0m[38;2;22;52;52m.[38;2;10;48;55m.[38;2;8;52;58m.[38;2;3;16;26m [38;2;15;50;64m.[38;2;0;29;50m [38;2;82;142;160ml[38;2;7;26;31m [38;2;8;48;71m.[38;2;6;19;48m [38;2;98;129;201ml[38;2;120;133;148ml[38;2;1;27;52m [38;2;5;40;74m.[38;2;40;83;119m'[38;2;48;100;123m,[38;2;60;117;138m:[38;2;5;10;23m [38;2;9;50;82m.[38;2;8;51;73m.[38;2;8;48;77m.[38;2;8;48;62m.[38;2;8;49;67m.[38;2;7;49;66m.[38;2;9;48;67m.[38;2;9;49;72m.[38;2;16;56;79m.[38;2;11;26;37m [38;2;17;50;79m.[38;2;15;46;79m.[38;2;11;49;81m.[38;2;6;37;80m.[38;2;29;53;81m.[38;2;48;67;92m'[38;2;124;137;164mo[38;2;189;196;217m0[38;2;56;60;99m.[38;2;53;96;168m;[38;2;77;114;203mc[38;2;195;204;222mK[38;2;54;85;174m,[38;2;58;96;192m;[38;2;69;126;214mc[38;2;133;163;228mx[38;2;136;152;197md[38;2;89;110;169mc[38;2;145;165;192mx[38;2;37;45;74m.[38;2;59;70;95m'[38;2;26;56;80m.[38;2;50;92;117m,[38;2;15;26;34m [38;2;30;64;85m.[38;2;32;63;77m.[38;2;31;61;75m.[38;2;50;89;94m,[38;2;7;15;25m [38;2;111;119;134mc[38;2;51;77;95m'[38;2;39;80;84m'[38;2;3;7;14m [38;2;111;151;167mo[38;2;23;45;57m.[38;2;33;75;74m.[38;2;4;11;10m [38;2;0;4;0m [38;2;2;7;8m [38;2;133;152;169md[38;2;10;20;17m [38;2;16;53;70m.[38;2;9;47;63m.[38;2;3;16;17m [38;2;6;30;34m [38;2;61;81;62m'[38;2;57;70;65m'[38;2;24;35;31m.[38;2;0;0;0m [38;2;136;143;142mo[38;2;30;51;51m.[38;2;22;56;55m.[0m
[0m[38;2;18;44;43m.[38;2;5;40;50m.[38;2;9;44;54m.[38;2;1;16;15m [38;2;10;41;50m.[38;2;50;94;125m,[38;2;56;110;109m;[38;2;5;8;15m [38;2;4;33;35m [38;2;4;22;26m [38;2;30;41;83m.[38;2;156;192;236mO[38;2;19;36;47m.[38;2;4;28;45m [38;2;0;26;32m [38;2;43;88;95m'[38;2;42;89;92m,[38;2;0;6;16m [38;2;9;36;40m [38;2;4;33;43m [38;2;5;36;46m [38;2;5;34;41m [38;2;4;34;44m [38;2;6;36;44m [38;2;5;32;42m [38;2;8;35;49m [38;2;9;37;50m.[38;2;5;15;22m [38;2;9;34;46m [38;2;11;34;50m [38;2;9;26;40m [38;2;49;55;60m.[38;2;71;85;69m,[38;2;59;67;65m'[38;2;72;81;94m,[38;2;164;171;198mk[38;2;17;22;36m [38;2;17;27;81m.[38;2;121;158;209md[38;2;101;99;113m:[38;2;48;60;88m.[38;2;32;46;80m.[38;2;54;69;99m'[38;2;86;93;114m;[38;2;101;95;101m;[38;2;124;120;102mc[38;2;197;191;182m0[38;2;84;72;46m'[38;2;118;95;85m:[38;2;72;88;79m,[38;2;81;78;75m,[38;2;42;44;27m.[38;2;35;41;50m.[38;2;11;33;42m [38;2;11;33;40m [38;2;15;39;46m.[38;2;0;6;10m [38;2;145;173;185mx[38;2;4;15;24m [38;2;13;33;34m [38;2;66;83;110m,[38;2;60;85;102m,[38;2;9;21;24m [38;2;16;49;62m.[38;2;5;14;18m [38;2;0;1;0m [38;2;97;119;139mc[38;2;48;57;60m.[38;2;8;18;14m [38;2;15;59;76m.[38;2;9;51;57m.[38;2;1;18;17m [38;2;17;38;43m.[38;2;28;54;56m.[38;2;32;47;47m.[38;2;9;31;29m [38;2;6;20;18m [38;2;84;99;99m;[38;2;21;48;49m.[38;2;24;55;58m.[0m
[0m[38;2;20;52;50m.[38;2;9;46;57m.[38;2;9;34;31m [38;2;3;19;24m [38;2;9;35;46m [38;2;65;120;129m:[38;2;48;110;118m;[38;2;3;7;13m [38;2;1;6;7m [38;2;4;18;23m [38;2;7;12;13m [38;2;52;87;172m,[38;2;120;155;185md[38;2;25;30;29m [38;2;0;2;1m [38;2;0;5;9m [38;2;2;4;4m [38;2;9;25;41m [38;2;6;25;43m [38;2;2;9;21m [38;2;15;28;33m [38;2;48;52;51m.[38;2;46;51;53m.[38;2;48;51;52m.[38;2;50;53;56m.[38;2;54;55;61m.[38;2;56;59;65m.[38;2;55;60;67m.[38;2;48;50;59m.[38;2;47;52;61m.[38;2;47;60;62m.[38;2;7;11;26m [38;2;1;4;7m [38;2;3;0;2m [38;2;30;57;113m.[38;2;180;230;255mX[38;2;10;9;11m [38;2;71;94;106m;[38;2;198;206;206mK[38;2;66;53;46m.[38;2;75;69;64m'[38;2;85;81;88m,[38;2;93;84;75m,[38;2;57;56;61m.[38;2;93;83;89m,[38;2;128;119;93mc[38;2;212;188;139mO[38;2;136;113;63mc[38;2;138;122;65mc[38;2;130;115;56mc[38;2;121;97;47m:[38;2;122;95;54m;[38;2;120;96;51m;[38;2;100;82;51m,[38;2;78;49;23m.[38;2;51;36;25m.[38;2;5;3;2m [38;2;130;160;169md[38;2;26;28;32m [38;2;27;31;36m.[38;2;127;156;187md[38;2;53;61;62m.[38;2;56;58;56m.[38;2;21;35;31m.[38;2;0;1;1m [38;2;45;56;66m.[38;2;96;124;143mc[38;2;0;1;0m [38;2;10;19;22m [38;2;16;54;71m.[38;2;12;45;49m.[38;2;7;22;20m [38;2;15;36;42m.[38;2;7;32;39m [38;2;9;32;31m [38;2;16;48;57m.[38;2;7;33;42m [38;2;81;135;142mc[38;2;16;54;65m.[38;2;20;47;59m.[0m
[0m[38;2;19;50;52m.[38;2;8;48;56m.[38;2;5;39;34m [38;2;8;17;19m [38;2;9;35;53m.[38;2;66;124;133m:[38;2;44;99;116m,[38;2;2;12;19m [38;2;1;8;17m [38;2;15;47;60m.[38;2;5;25;34m [38;2;7;25;36m [38;2;52;90;149m,[38;2;135;167;206mx[38;2;62;68;73m'[38;2;0;2;4m [38;2;1;6;6m [38;2;13;55;107m.[38;2;13;56;102m.[38;2;5;18;28m [38;2;85;120;147mc[38;2;151;194;222mO[38;2;146;192;200mk[38;2;144;191;206mk[38;2;156;199;208mO[38;2;144;185;204mk[38;2;137;180;195mk[38;2;123;153;176md[38;2;109;127;142ml[38;2;98;129;143mc[38;2;107;149;162mo[38;2;109;133;159ml[38;2;86;106;131m:[38;2;38;71;113m'[38;2;48;85;155m,[38;2;70;115;182m:[38;2;58;75;123m'[38;2;108;122;145mc[38;2;88;88;78m,[38;2;117;123;92mc[38;2;99;85;84m;[38;2;94;117;96m:[38;2;104;124;110mc[38;2;139;134;88ml[38;2;205;171;113mk[38;2;201;161;65mx[38;2;224;173;75mk[38;2;251;216;99mK[38;2;253;236;107mN[38;2;254;233;96mX[38;2;254;225;88mX[38;2;252;235;115mN[38;2;255;220;90mX[38;2;255;245;105mN[38;2;239;220;90mK[38;2;175;148;71md[38;2;95;57;20m'[38;2;175;149;101md[38;2;141;121;104ml[38;2;73;75;67m'[38;2;121;166;224mx[38;2;54;60;86m.[38;2;49;61;78m.[38;2;52;70;94m'[38;2;91;113;139m:[38;2;120;157;183md[38;2;5;9;12m [38;2;0;6;5m [38;2;12;25;25m [38;2;13;53;65m.[38;2;10;46;52m.[38;2;8;19;20m [38;2;16;50;53m.[38;2;14;51;67m.[38;2;0;1;0m [38;2;14;49;55m.[38;2;5;35;45m [38;2;87;138;138ml[38;2;9;33;39m [38;2;17;40;47m.[0m
[0m[38;2;22;49;54m.[38;2;8;46;57m.[38;2;6;37;36m [38;2;8;22;23m [38;2;7;32;40m [38;2;67;128;145mc[38;2;45;94;106m,[38;2;2;16;18m [38;2;1;16;20m [38;2;5;22;25m [38;2;4;42;60m.[38;2;2;30;39m [38;2;5;4;10m [38;2;28;63;125m.[38;2;127;167;236mx[38;2;119;136;150ml[38;2;34;37;54m.[38;2;5;44;107m.[38;2;15;51;147m.[38;2;11;34;111m.[38;2;7;24;98m [38;2;16;54;165m.[38;2;11;40;142m.[38;2;12;35;145m.[38;2;11;41;145m.[38;2;10;34;150m.[38;2;13;39;142m.[38;2;11;48;122m.[38;2;21;48;101m.[38;2;13;39;74m.[38;2;16;43;66m.[38;2;11;36;55m.[38;2;7;21;36m [38;2;0;0;0m [38;2;46;84;142m,[38;2;127;130;149ml[38;2;91;94;107m;[38;2;57;77;156m,[38;2;57;80;133m,[38;2;19;29;33m [38;2;73;85;66m,[38;2;42;56;43m.[38;2;83;67;39m'[38;2;205;168;78mk[38;2;192;139;57md[38;2;112;63;18m'[38;2;198;145;75md[38;2;226;177;88mO[38;2;242;171;62mk[38;2;237;159;49mk[38;2;239;160;52mk[38;2;205;122;28mo[38;2;250;193;77m0[38;2;252;208;76mK[38;2;255;244;96mN[38;2;255;241;89mN[38;2;254;232;98mX[38;2;252;212;84mK[38;2;225;176;75mk[38;2;211;173;81mk[38;2;176;164;132mx[38;2;107;106;122m:[38;2;100;103;186mc[38;2;102;117;202ml[38;2;43;119;223m:[38;2;88;122;156mc[38;2;0;1;8m [38;2;1;8;17m [38;2;6;27;29m [38;2;13;58;69m.[38;2;11;43;50m.[38;2;12;22;21m [38;2;10;52;63m.[38;2;18;51;56m.[38;2;0;1;1m [38;2;13;52;53m.[38;2;33;69;74m.[38;2;53;91;105m,[38;2;8;41;43m.[38;2;14;41;46m.[0m
[0m[38;2;23;50;53m.[38;2;10;47;58m.[38;2;8;39;44m.[38;2;7;17;20m [38;2;6;32;51m [38;2;79;146;159ml[38;2;41;89;84m'[38;2;1;11;19m [38;2;9;43;61m.[38;2;11;41;61m.[38;2;5;47;72m.[38;2;5;31;50m [38;2;3;13;20m [38;2;2;9;29m [38;2;12;28;69m [38;2;55;90;186m;[38;2;127;172;245mx[38;2;113;155;197md[38;2;75;106;196m:[38;2;33;68;222m'[38;2;14;105;242m;[38;2;5;140;249mc[38;2;4;151;253mc[38;2;20;158;255ml[38;2;33;171;255mo[38;2;48;158;252mo[38;2;15;134;250mc[38;2;28;104;230m;[38;2;17;67;177m'[38;2;12;53;114m.[38;2;19;46;82m.[38;2;30;63;97m.[38;2;31;54;82m.[38;2;39;60;88m.[38;2;54;105;154m;[38;2;159;169;173mx[38;2;53;71;69m'[38;2;20;39;47m.[38;2;93;124;205ml[38;2;28;48;77m.[38;2;12;37;48m.[38;2;34;59;58m.[38;2;131;127;85ml[38;2;88;58;23m.[38;2;87;69;47m'[38;2;97;86;49m,[38;2;239;188;87m0[38;2;251;192;72m0[38;2;239;172;54mk[38;2;247;179;54mO[38;2;244;175;59mO[38;2;229;168;53mk[38;2;225;152;40mx[38;2;221;143;48md[38;2;245;205;72m0[38;2;255;242;98mN[38;2;255;235;84mX[38;2;255;235;92mX[38;2;255;233;101mX[38;2;251;217;96mK[38;2;251;217;112mX[38;2;252;224;168mN[38;2;255;250;245mM[38;2;240;255;255mM[38;2;136;172;213mx[38;2;108;124;173ml[38;2;17;22;27m [38;2;1;12;10m [38;2;12;26;30m [38;2;10;53;66m.[38;2;10;39;48m.[38;2;12;30;21m [38;2;10;52;65m.[38;2;20;49;58m.[38;2;0;1;0m [38;2;7;41;47m.[38;2;74;117;128m:[38;2;14;41;50m.[38;2;10;46;51m.[38;2;14;48;51m.[0m
[0m[38;2;20;43;49m.[38;2;32;75;90m'[38;2;48;98;97m,[38;2;4;17;19m [38;2;5;34;46m [38;2;77;143;151ml[38;2;39;88;91m'[38;2;12;19;27m [38;2;43;87;101m'[38;2;41;79;100m'[38;2;44;91;110m,[38;2;47;109;131m;[38;2;36;80;112m'[38;2;26;60;124m.[38;2;28;70;175m'[38;2;24;82;221m,[38;2;2;145;252mc[38;2;117;226;255m0[38;2;117;242;255mK[38;2;92;222;255mO[38;2;75;231;255mO[38;2;92;248;255m0[38;2;100;250;255mK[38;2;126;253;255mX[38;2;154;254;255mX[38;2;181;254;255mN[38;2;119;243;255mK[38;2;99;185;255mx[38;2;119;154;229md[38;2;119;139;202mo[38;2;122;142;172mo[38;2;109;145;179mo[38;2;58;106;149m;[38;2;42;77;101m'[38;2;69;121;186mc[38;2;133;142;144mo[38;2;5;22;23m [38;2;5;33;41m [38;2;77;93;134m;[38;2;56;82;136m,[38;2;43;89;98m,[38;2;76;96;87m;[38;2;134;126;68ml[38;2;145;131;73ml[38;2;104;84;40m,[38;2;70;69;43m'[38;2;213;172;79mk[38;2;191;148;63md[38;2;147;119;62mc[38;2;178;145;86md[38;2;164;136;80mo[38;2;170;143;65mo[38;2;236;179;66mO[38;2;202;145;54md[38;2;211;131;31mo[38;2;251;206;86mK[38;2;250;211;74mK[38;2;255;237;91mX[38;2;255;232;98mX[38;2;255;233;106mX[38;2;255;238;111mN[38;2;253;224;99mX[38;2;254;223;138mX[38;2;239;216;153mX[38;2;68;60;75m'[38;2;178;163;126mx[38;2;100;89;52m;[38;2;71;65;35m.[38;2;109;85;42m;[38;2;24;49;53m.[38;2;14;28;40m [38;2;11;31;32m [38;2;13;48;53m.[38;2;19;47;53m.[38;2;0;4;2m [38;2;28;57;56m.[38;2;59;102;111m;[38;2;7;30;35m [38;2;19;47;54m.[38;2;8;45;52m.[0m
[0m[38;2;41;71;82m.[38;2;82;165;175mo[38;2;19;48;40m.[38;2;4;20;23m [38;2;2;34;51m [38;2;81;147;160ml[38;2;39;84;88m'[38;2;24;43;63m.[38;2;81;169;192md[38;2;67;143;172ml[38;2;64;135;167mc[38;2;61;148;172ml[38;2;69;154;188ml[38;2;15;59;132m.[38;2;14;65;214m'[38;2;13;102;254m;[38;2;0;226;255mx[38;2;192;255;255mN[38;2;156;255;255mX[38;2;158;255;255mN[38;2;119;255;255mK[38;2;106;251;255mK[38;2;94;249;255mK[38;2;94;249;255mK[38;2;109;249;255mK[38;2;120;248;255mK[38;2;64;217;255mk[38;2;20;143;255mc[38;2;10;71;235m'[38;2;2;45;154m.[38;2;16;57;112m.[38;2;71;155;184ml[38;2;58;132;146mc[38;2;37;89;97m'[38;2;83;128;175mc[38;2;127;129;132ml[38;2;7;24;29m [38;2;12;39;57m.[38;2;62;87;103m,[38;2;59;113;161m:[38;2;0;5;5m [38;2;60;78;58m'[38;2;87;103;83m;[38;2;39;76;71m'[38;2;35;25;23m [38;2;167;160;149mx[38;2;179;167;129mx[38;2;105;94;53m;[38;2;174;163;109mx[38;2;210;167;53mx[38;2;245;195;89m0[38;2;241;169;50mk[38;2;219;159;52mx[38;2;194;136;43mo[38;2;183;129;47mo[38;2;162;92;34m:[38;2;249;218;91mK[38;2;255;243;85mN[38;2;255;235;87mX[38;2;255;235;93mX[38;2;255;229;94mX[38;2;255;232;89mX[38;2;255;234;100mX[38;2;255;235;89mX[38;2;165;113;44mc[38;2;156;140;88mo[38;2;110;81;33m,[38;2;80;65;31m'[38;2;152;130;63ml[38;2;167;137;71mo[38;2;131;103;49m:[38;2;16;24;26m [38;2;0;39;36m [38;2;18;50;56m.[38;2;0;2;3m [38;2;81;131;127mc[38;2;10;45;49m.[38;2;14;45;50m.[38;2;21;42;43m.[38;2;16;41;51m.[0m
[0m[38;2;85;145;142ml[38;2;23;69;76m.[38;2;3;17;16m [38;2;6;21;26m [38;2;3;36;56m [38;2;79;148;170ml[38;2;41;85;85m'[38;2;23;40;58m.[38;2;79;159;181mo[38;2;63;131;171mc[38;2;60;137;165mc[38;2;55;138;167mc[38;2;68;146;182ml[38;2;64;135;188mc[38;2;16;67;212m'[38;2;10;99;255m;[38;2;0;227;255mx[38;2;165;255;255mN[38;2;130;255;255mX[38;2;135;255;255mX[38;2;134;255;255mX[38;2;138;255;255mX[38;2;164;255;255mN[38;2;173;255;255mN[38;2;171;255;255mN[38;2;188;255;255mN[38;2;81;251;255m0[38;2;15;173;255mo[38;2;15;88;242m,[38;2;2;54;165m.[38;2;40;69;121m'[38;2;88;116;116m:[38;2;100;119;112mc[38;2;121;130;101ml[38;2;169;176;160mk[38;2;169;154;124md[38;2;54;48;30m.[38;2;48;47;32m.[38;2;89;98;92m;[38;2;102;123;148mc[38;2;50;39;33m.[38;2;74;81;66m,[38;2;91;105;91m:[38;2;87;92;60m;[38;2;107;87;49m;[38;2;192;165;130mk[38;2;184;174;131mk[38;2;104;93;57m;[38;2;143;133;67ml[38;2;181;132;55mo[38;2;189;151;64md[38;2;129;92;31m;[38;2;185;169;122mk[38;2;108;98;53m;[38;2;129;99;43m:[38;2;177;98;36mc[38;2;255;243;89mN[38;2;255;233;83mX[38;2;255;233;86mX[38;2;255;232;83mX[38;2;255;230;91mX[38;2;255;231;88mX[38;2;255;228;87mX[38;2;255;239;84mX[38;2;250;206;69mK[38;2;206;150;85mx[38;2;98;59;19m'[38;2;82;61;26m.[38;2;145;123;60ml[38;2;159;143;78mo[38;2;126;104;44m:[38;2;105;93;55m;[38;2;10;25;21m [38;2;11;47;53m.[38;2;21;33;29m [38;2;53;99;92m,[38;2;6;42;50m.[38;2;20;46;60m.[38;2;24;42;47m.[38;2;17;41;45m.[0m
[0m[38;2;34;71;63m.[38;2;7;44;56m.[38;2;6;24;25m [38;2;8;17;24m [38;2;4;35;54m [38;2;76;147;169ml[38;2;33;77;72m.[38;2;24;40;55m.[38;2;76;161;165mo[38;2;60;137;173mc[38;2;59;136;169mc[38;2;59;134;170mc[38;2;63;138;174mc[38;2;59;128;183mc[38;2;61;120;223mc[38;2;17;87;251m,[38;2;5;186;255mo[38;2;155;255;255mX[38;2;124;255;255mX[38;2;125;255;255mX[38;2;127;255;255mX[38;2;130;255;255mX[38;2;121;255;255mX[38;2;120;252;255mK[38;2;123;253;255mK[38;2;112;245;255mK[38;2;42;225;255mk[38;2;3;101;250m;[38;2;15;68;223m'[38;2;13;40;135m.[38;2;93;112;125m:[38;2;76;94;82m;[38;2;65;74;69m'[38;2;62;78;58m'[38;2;166;174;149mk[38;2;149;130;79ml[38;2;77;61;27m.[38;2;173;163;94mx[38;2;166;165;114mx[38;2;181;176;156mk[38;2;102;93;44m;[38;2;143;132;86ml[38;2;128;121;80mc[38;2;115;115;80mc[38;2;86;77;33m'[38;2;196;184;150mO[38;2;175;170;134mx[38;2;108;99;64m;[38;2;122;119;75mc[38;2;121;118;78mc[38;2;132;127;77ml[38;2;77;63;20m.[38;2;188;181;138mk[38;2;185;145;81md[38;2;194;134;45mo[38;2;216;142;43md[38;2;255;243;83mN[38;2;255;230;84mX[38;2;255;230;84mX[38;2;255;232;83mX[38;2;255;231;82mX[38;2;255;231;82mX[38;2;255;229;77mX[38;2;255;231;80mX[38;2;255;242;96mN[38;2;233;181;60mO[38;2;104;53;20m'[38;2;99;71;31m'[38;2;173;144;75mo[38;2;161;137;81mo[38;2;111;87;33m;[38;2;138;117;53mc[38;2;139;117;55mc[38;2;33;33;28m.[38;2;15;27;27m [38;2;12;44;49m.[38;2;8;37;48m.[38;2;18;38;46m.[38;2;20;41;51m.[38;2;6;32;33m [0m
[0m[38;2;19;47;49m.[38;2;5;50;63m.[38;2;6;29;21m [38;2;8;15;20m [38;2;8;34;47m [38;2;77;146;163ml[38;2;26;61;59m.[38;2;20;33;43m.[38;2;56;119;120m:[38;2;42;95;110m,[38;2;41;92;117m,[38;2;44;95;118m,[38;2;50;97;124m,[38;2;59;118;154m:[38;2;39;83;164m,[38;2;41;92;207m;[38;2;35;119;251m:[38;2;22;126;237m:[38;2;18;164;255ml[38;2;6;162;255ml[38;2;6;170;255ml[38;2;9;161;253ml[38;2;3;160;255ml[38;2;6;154;253mc[38;2;18;134;249mc[38;2;14;111;241m;[38;2;35;131;237mc[38;2;4;28;168m.[38;2;13;65;160m.[38;2;7;49;107m.[38;2;17;47;78m.[38;2;23;52;69m.[38;2;10;48;50m.[38;2;21;36;37m.[38;2;139;152;136md[38;2;104;93;62m;[38;2;38;22;9m [38;2;139;138;84ml[38;2;118;120;84mc[38;2;118;110;81m:[38;2;92;79;30m,[38;2;107;97;60m;[38;2;148;133;79ml[38;2;138;122;80ml[38;2;114;93;40m;[38;2;191;166;122mk[38;2;159;140;107mo[38;2;75;68;40m'[38;2;80;73;44m'[38;2;84;67;33m'[38;2;80;65;28m'[38;2;42;37;16m.[38;2;159;129;86ml[38;2;186;137;77mo[38;2;194;158;68mx[38;2;254;236;91mX[38;2;255;232;80mX[38;2;255;227;80mX[38;2;255;227;83mX[38;2;255;229;81mX[38;2;255;230;81mX[38;2;255;228;77mX[38;2;255;228;79mX[38;2;255;233;84mX[38;2;246;217;80mK[38;2;240;203;87m0[38;2;218;176;97mk[38;2;219;184;113mO[38;2;235;204;132mK[38;2;236;195;128m0[38;2;215;178;99mO[38;2;179;146;80md[38;2;184;148;91md[38;2;178;153;114md[38;2;47;53;42m.[38;2;51;80;97m'[38;2;38;69;76m.[38;2;30;47;57m.[38;2;20;39;43m.[38;2;29;55;66m.[0m
[0m[38;2;20;39;41m.[38;2;12;44;55m.[38;2;5;32;28m [38;2;8;35;48m [38;2;5;27;43m [38;2;67;133;157mc[38;2;44;90;85m,[38;2;1;5;9m [38;2;7;33;48m [38;2;5;33;53m [38;2;9;48;65m.[38;2;21;55;86m.[38;2;22;62;96m.[38;2;26;71;106m.[38;2;23;62;107m.[38;2;39;89;151m,[38;2;76;165;223md[38;2;5;15;114m [38;2;16;72;190m'[38;2;11;67;194m'[38;2;2;73;194m'[38;2;13;64;191m.[38;2;9;67;190m.[38;2;6;68;173m.[38;2;6;61;163m.[38;2;8;58;143m.[38;2;12;61;148m.[38;2;18;48;94m.[38;2;12;52;107m.[38;2;8;48;89m.[38;2;9;47;88m.[38;2;8;48;77m.[38;2;8;48;64m.[38;2;2;22;40m [38;2;120;158;190md[38;2;109;122;125mc[38;2;3;4;3m [38;2;47;67;60m.[38;2;140;131;99ml[38;2;154;115;50mc[38;2;177;144;63mo[38;2;169;114;46ml[38;2;253;210;90mK[38;2;252;206;83mK[38;2;255;224;90mX[38;2;240;216;87mK[38;2;225;195;95m0[38;2;179;159;82md[38;2;184;163;81mx[38;2;185;161;73mx[38;2;186;166;73mx[38;2;194;169;78mx[38;2;221;198;91m0[38;2;253;235;95mX[38;2;255;235;93mX[38;2;255;232;89mX[38;2;255;229;85mX[38;2;255;227;80mX[38;2;255;227;81mX[38;2;255;226;79mX[38;2;255;229;79mX[38;2;255;235;82mX[38;2;240;200;68m0[38;2;230;183;82mO[38;2;215;163;93mk[38;2;222;181;117mO[38;2;224;189;121m0[38;2;222;181;115mO[38;2;218;172;95mk[38;2;225;194;127m0[38;2;239;210;144mK[38;2;245;228;159mX[38;2;255;247;194mW[38;2;255;252;198mW[38;2;158;141;107mo[38;2;60;96;117m;[38;2;114;168;176md[38;2;133;185;190mk[38;2;129;175;186mx[38;2;111;141;147ml[0m
[0m[38;2;21;46;51m.[38;2;10;47;68m.[38;2;7;43;53m.[38;2;4;44;57m.[38;2;4;25;39m [38;2;65;115;149m:[38;2;54;98;98m,[38;2;2;11;18m [38;2;5;47;62m.[38;2;3;44;62m.[38;2;3;44;64m.[38;2;3;43;67m.[38;2;5;44;69m.[38;2;8;44;70m.[38;2;8;46;72m.[38;2;5;34;71m.[38;2;45;103;149m;[38;2;3;13;41m [38;2;6;50;101m.[38;2;12;49;107m.[38;2;9;56;100m.[38;2;8;51;106m.[38;2;9;49;106m.[38;2;6;52;96m.[38;2;10;48;102m.[38;2;12;50;105m.[38;2;9;48;82m.[38;2;45;70;87m'[38;2;13;48;69m.[38;2;8;36;59m.[38;2;5;31;47m [38;2;5;28;39m [38;2;3;19;20m [38;2;2;7;8m [38;2;106;155;185mo[38;2;128;132;130ml[38;2;3;11;11m [38;2;21;37;59m.[38;2;106;144;157mo[38;2;51;62;36m.[38;2;80;98;75m;[38;2;35;34;24m.[38;2;108;91;52m;[38;2;174;145;77md[38;2;196;144;53md[38;2;224;179;78mO[38;2;251;215;118mK[38;2;245;212;112mK[38;2;245;222;104mX[38;2;248;224;116mX[38;2;253;232;111mX[38;2;255;231;105mX[38;2;255;226;96mX[38;2;253;224;93mX[38;2;249;211;81mK[38;2;252;207;73mK[38;2;249;202;73m0[38;2;252;210;68mK[38;2;254;221;76mK[38;2;255;226;78mX[38;2;255;240;81mN[38;2;243;198;52m0[38;2;221;162;86mk[38;2;211;183;128mO[38;2;220;183;119mO[38;2;215;187;126mO[38;2;223;180;111mO[38;2;216;181;103mO[38;2;241;227;167mX[38;2;255;245;185mW[38;2;255;241;183mW[38;2;255;239;173mN[38;2;255;239;170mN[38;2;255;241;173mN[38;2;255;250;188mW[38;2;162;155;136md[38;2;100;118;137mc[38;2;71;128;133mc[38;2;78;124;136mc[38;2;83;126;138mc[0m
[0m[38;2;19;48;51m.[38;2;5;46;58m.[38;2;4;43;56m.[38;2;3;44;55m.[38;2;5;28;45m [38;2;60;110;152m:[38;2;51;109;109m;[38;2;0;4;13m [38;2;5;43;62m.[38;2;5;43;57m.[38;2;5;44;56m.[38;2;5;44;57m.[38;2;5;44;60m.[38;2;4;45;60m.[38;2;5;45;65m.[38;2;4;43;63m.[38;2;5;42;65m.[38;2;4;20;39m [38;2;7;54;74m.[38;2;12;46;74m.[38;2;11;43;65m.[38;2;5;39;64m.[38;2;2;34;54m [38;2;5;31;43m [38;2;5;26;43m [38;2;4;19;35m [38;2;3;17;27m [38;2;9;20;34m [38;2;7;25;31m [38;2;0;6;11m [38;2;12;27;31m [38;2;6;29;36m [38;2;3;19;26m [38;2;1;0;0m [38;2;89;141;182ml[38;2;130;141;137mo[38;2;2;11;15m [38;2;53;81;124m,[38;2;91;156;229md[38;2;4;12;15m [38;2;23;61;64m.[38;2;9;25;36m [38;2;13;22;31m [38;2;12;29;44m [38;2;59;63;87m'[38;2;154;154;158md[38;2;143;173;194mx[38;2;182;204;224m0[38;2;191;193;221m0[38;2;218;188;194m0[38;2;207;172;144mk[38;2;237;197;136m0[38;2;240;194;100m0[38;2;241;185;91mO[38;2;243;186;76mO[38;2;238;174;79mO[38;2;234;165;57mk[38;2;240;165;59mk[38;2;245;170;55mk[38;2;242;174;56mO[38;2;250;216;78mK[38;2;211;153;51mx[38;2;220;184;137mO[38;2;211;176;118mO[38;2;216;181;122mO[38;2;216;178;115mO[38;2;201;166;99mk[38;2;250;242;178mN[38;2;255;242;189mW[38;2;255;240;175mN[38;2;255;240;179mN[38;2;255;239;170mN[38;2;255;242;176mW[38;2;251;239;167mN[38;2;219;215;158mK[38;2;195;215;199mK[38;2;138;168;164mx[38;2;131;175;187mx[38;2;99;138;151ml[38;2;62;103;111m;[0m
[0m[38;2;20;48;54m.[38;2;4;45;55m.[38;2;3;44;57m.[38;2;1;42;49m.[38;2;1;26;40m [38;2;60;109;162m:[38;2;55;123;110m:[38;2;0;12;18m [38;2;7;44;61m.[38;2;5;44;57m.[38;2;3;51;49m.[38;2;6;47;57m.[38;2;5;39;51m.[38;2;4;37;45m [38;2;3;35;51m [38;2;1;28;33m [38;2;6;26;40m [38;2;1;12;14m [38;2;2;18;19m [38;2;4;13;14m [38;2;26;31;38m.[38;2;52;51;53m.[38;2;51;51;52m.[38;2;51;53;51m.[38;2;52;53;51m.[38;2;52;52;55m.[38;2;46;45;45m.[38;2;51;68;88m'[38;2;33;64;71m.[38;2;36;28;37m.[38;2;15;27;29m [38;2;11;30;40m [38;2;5;17;21m [38;2;1;0;0m [38;2;56;96;146m;[38;2;173;198;204mO[38;2;0;2;0m [38;2;73;116;171m:[38;2;68;103;162m:[38;2;6;18;19m [38;2;5;37;56m.[38;2;8;28;52m [38;2;24;47;66m.[38;2;35;69;110m.[38;2;18;44;173m.[38;2;144;216;255m0[38;2;78;238;255m0[38;2;94;251;255mK[38;2;92;239;255m0[38;2;126;223;255m0[38;2;91;189;247mx[38;2;172;189;240mO[38;2;187;164;189mk[38;2;182;153;138mx[38;2;193;163;105mx[38;2;198;168;116mk[38;2;191;154;87mx[38;2;231;183;98mO[38;2;246;180;73mO[38;2;237;166;55mk[38;2;249;177;54mO[38;2;76;40;16m.[38;2;113;107;67m:[38;2;165;154;101md[38;2;220;184;123mO[38;2;221;181;118mO[38;2;215;194;129m0[38;2;255;245;186mW[38;2;254;239;187mW[38;2;255;238;179mN[38;2;255;241;181mW[38;2;246;237;161mN[38;2;208;199;159m0[38;2;178;193;172mO[38;2;156;195;204mO[38;2;159;206;218m0[38;2;164;206;215m0[38;2;140;190;193mk[38;2;176;210;219m0[38;2;193;213;218mK[0m
[0m[38;2;22;50;61m.[38;2;5;45;57m.[38;2;4;38;53m.[38;2;4;37;57m.[38;2;3;28;43m [38;2;55;98;150m;[38;2;54;125;121m:[38;2;0;11;13m [38;2;2;25;31m [38;2;3;24;23m [38;2;0;17;17m [38;2;0;15;10m [38;2;0;4;3m [38;2;0;3;2m [38;2;0;6;0m [38;2;0;5;0m [38;2;3;23;48m [38;2;5;29;39m [38;2;5;31;47m [38;2;0;4;9m [38;2;144;166;191mx[38;2;173;221;232mK[38;2;182;222;228mK[38;2;185;223;229mK[38;2;179;225;229mK[38;2;189;224;227mK[38;2;166;199;210mO[38;2;131;143;158mo[38;2;138;185;187mk[38;2;136;148;157md[38;2;91;115;132m:[38;2;125;148;161mo[38;2;102;106;109m:[38;2;16;19;18m [38;2;23;41;62m.[38;2;222;252;253mW[38;2;8;11;12m [38;2;90;141;202ml[38;2;105;118;130mc[38;2;3;22;27m [38;2;9;36;62m.[38;2;10;33;69m.[38;2;72;144;170ml[38;2;75;160;204mo[38;2;19;75;231m,[38;2;125;231;255m0[38;2;98;255;255mK[38;2;97;255;255mK[38;2;111;255;255mK[38;2;135;255;255mX[38;2;138;255;255mX[38;2;71;246;255m0[38;2;47;187;255md[38;2;73;122;222mc[38;2;95;169;209md[38;2;73;122;147mc[38;2;23;54;50m.[38;2;61;78;57m'[38;2;103;94;61m;[38;2;156;125;52ml[38;2;204;158;57mx[38;2;59;28;11m.[38;2;38;56;36m.[38;2;51;53;28m.[38;2;90;85;41m,[38;2;112;106;64m:[38;2;216;196;138m0[38;2;241;232;181mN[38;2;253;236;177mN[38;2;255;244;189mW[38;2;227;221;160mX[38;2;177;190;179mO[38;2;150;198;218mO[38;2;163;198;213mO[38;2;161;206;218m0[38;2;151;190;192mk[38;2;169;201;205m0[38;2;202;226;230mX[38;2;231;250;252mW[38;2;223;247;254mW[0m
[0m[38;2;18;29;36m [38;2;7;24;28m [38;2;9;20;18m [38;2;2;12;30m [38;2;11;35;54m.[38;2;49;84;134m,[38;2;66;145;137mc[38;2;2;12;3m [38;2;0;8;5m [38;2;14;22;22m [38;2;6;16;19m [38;2;9;23;28m [38;2;0;10;2m [38;2;3;6;3m [38;2;0;7;0m [38;2;5;6;0m [38;2;10;31;48m [38;2;12;42;67m.[38;2;12;53;71m.[38;2;3;14;34m [38;2;14;31;47m [38;2;15;49;87m.[38;2;20;47;107m.[38;2;19;49;101m.[38;2;18;58;117m.[38;2;32;69;142m'[38;2;28;56;119m.[38;2;28;46;91m.[38;2;29;52;72m.[38;2;22;42;47m.[38;2;8;18;35m [38;2;39;91;136m,[38;2;121;155;198md[38;2;174;191;200mO[38;2;15;24;26m [38;2;190;229;247mX[38;2;65;84;81m,[38;2;127;173;223mx[38;2;101;131;134ml[38;2;29;54;63m.[38;2;10;42;79m.[38;2;9;41;79m.[38;2;24;60;89m.[38;2;73;143;186ml[38;2;45;87;223m;[38;2;107;222;255m0[38;2;157;255;255mX[38;2;87;255;255mK[38;2;94;255;255mK[38;2;90;255;255mK[38;2;93;237;255m0[38;2;40;177;255mo[38;2;62;186;255mx[38;2;13;30;163m.[38;2;18;50;120m.[38;2;31;62;79m.[38;2;50;71;67m'[38;2;54;81;79m'[38;2;39;64;54m.[38;2;74;82;77m,[38;2;41;39;26m.[38;2;19;24;29m [38;2;16;38;32m.[38;2;37;42;30m.[38;2;19;30;17m [38;2;33;43;34m.[38;2;149;157;93md[38;2;128;129;68mc[38;2;209;178;100mk[38;2;173;163;124mx[38;2;75;87;78m,[38;2;150;187;194mk[38;2;173;212;220m0[38;2;165;202;213m0[38;2;154;199;209mO[38;2;165;196;194mO[38;2;241;254;253mM[38;2;228;248;252mW[38;2;227;249;252mW[38;2;230;249;254mW[0m
