[0m[38;2;26;54;42m.[38;2;12;47;45m.[38;2;13;41;29m.[38;2;1;14;7m [38;2;12;43;40m.[38;2;3;29;34m [38;2;79;144;145ml[38;2;21;46;35m.[38;2;1;4;1m [38;2;1;10;1m [38;2;4;14;10m [38;2;5;16;17m [38;2;10;25;22m [38;2;4;11;17m [38;2;121;167;187md[38;2;99;114;127mc[38;2;1;10;8m [38;2;15;46;58m.[38;2;16;48;72m.[38;2;16;48;86m.[38;2;14;48;95m.[38;2;11;52;105m.[38;2;14;56;126m.[38;2;18;54;140m.[38;2;11;70;161m.[38;2;14;61;184m.[38;2;64;180;236md[38;2;12;69;230m'[38;2;44;147;248ml[38;2;54;179;255md[38;2;71;218;255mk[38;2;60;246;255m0[38;2;87;255;255mK[38;2;98;255;255mK[38;2;86;255;255mK[38;2;141;255;255mX[38;2;24;215;255mx[38;2;64;171;255md[38;2;51;119;211m:[38;2;15;52;139m.[38;2;17;36;113m.[38;2;22;63;167m.[38;2;152;163;215mx[38;2;4;53;183m.[38;2;2;124;254m:[38;2;102;255;255mK[38;2;125;215;255m0[38;2;94;243;255m0[38;2;105;253;255mK[38;2;74;218;255mk[38;2;44;183;255md[38;2;7;137;253mc[38;2;7;89;233m,[38;2;10;75;228m'[38;2;19;68;221m'[38;2;7;48;169m.[38;2;18;57;142m.[38;2;6;16;69m [38;2;69;105;180m:[38;2;13;31;57m [38;2;8;27;53m [38;2;13;34;50m.[38;2;12;34;48m.[38;2;16;50;56m.[38;2;5;42;48m.[38;2;10;47;51m.[38;2;4;35;37m [38;2;14;52;44m.[38;2;10;48;58m.[38;2;18;55;68m.[38;2;5;30;40m [38;2;20;48;56m.[38;2;10;48;47m.[38;2;1;3;3m [38;2;14;34;32m [38;2;7;45;37m.[38;2;15;43;45m.[38;2;10;39;36m.[38;2;22;46;44m.[38;2;5;48;40m.[0m
[0m[38;2;22;49;47m.[38;2;9;43;43m.[38;2;9;35;30m [38;2;0;14;12m [38;2;5;38;42m [38;2;2;31;32m [38;2;79;146;149ml[38;2;12;29;28m [38;2;0;5;2m [38;2;0;6;2m [38;2;0;2;0m [38;2;0;2;0m [38;2;0;2;0m [38;2;21;40;58m.[38;2;199;227;236mX[38;2;17;13;21m [38;2;3;14;8m [38;2;4;18;14m [38;2;2;24;21m [38;2;8;27;35m [38;2;5;30;53m [38;2;7;37;69m.[38;2;10;42;80m.[38;2;12;47;98m.[38;2;15;51;109m.[38;2;11;46;113m.[38;2;41;94;161m,[38;2;19;34;129m.[38;2;26;59;181m.[38;2;14;64;199m'[38;2;7;67;220m'[38;2;13;109;234m;[38;2;16;123;245m:[38;2;35;156;254ml[38;2;51;188;254md[38;2;95;234;255m0[38;2;26;176;252mo[38;2;58;149;251mo[38;2;86;160;229md[38;2;16;59;134m.[38;2;2;26;108m [38;2;34;65;193m'[38;2;131;158;205md[38;2;11;51;201m.[38;2;7;134;255mc[38;2;115;255;255mK[38;2;99;208;255mO[38;2;71;247;255m0[38;2;112;255;255mK[38;2;108;255;255mK[38;2;135;255;255mX[38;2;67;254;255m0[38;2;72;240;255mO[38;2;67;213;255mk[38;2;46;172;255mo[38;2;11;120;248m:[38;2;2;72;229m'[38;2;4;23;141m.[38;2;85;135;225ml[38;2;10;33;82m.[38;2;10;27;66m [38;2;12;36;60m.[38;2;56;73;95m'[38;2;55;66;66m.[38;2;57;77;82m'[38;2;51;73;80m'[38;2;46;70;77m.[38;2;31;62;67m.[38;2;15;49;56m.[38;2;14;43;57m.[38;2;1;23;29m [38;2;17;44;46m.[38;2;10;35;37m [38;2;1;2;2m [38;2;9;32;35m [38;2;6;34;37m [38;2;11;35;36m [38;2;10;34;31m [38;2;9;41;50m.[38;2;6;41;42m.[0m
[0m[38;2;22;50;51m.[38;2;18;44;48m.[38;2;13;33;32m [38;2;2;10;14m [38;2;12;38;51m.[38;2;3;27;34m [38;2;80;146;148ml[38;2;5;21;25m [38;2;2;21;20m [38;2;7;23;27m [38;2;5;24;21m [38;2;10;24;31m [38;2;0;0;7m [38;2;141;175;199mx[38;2;97;111;126m:[38;2;4;24;35m [38;2;7;33;37m [38;2;0;2;0m [38;2;0;5;1m [38;2;0;4;2m [38;2;1;4;2m [38;2;0;4;6m [38;2;4;7;18m [38;2;6;12;23m [38;2;9;22;46m [38;2;12;25;69m [38;2;9;41;85m.[38;2;7;19;58m [38;2;24;49;124m.[38;2;19;55;141m.[38;2;18;56;152m.[38;2;15;55;161m.[38;2;15;59;175m.[38;2;18;64;181m.[38;2;15;53;196m.[38;2;57;129;213mc[38;2;22;61;167m.[38;2;28;58;169m.[38;2;47;98;169m;[38;2;41;84;150m,[38;2;16;33;91m.[38;2;41;85;193m,[38;2;97;133;183ml[38;2;10;51;204m.[38;2;10;138;255mc[38;2;132;255;255mX[38;2;106;219;255mO[38;2;76;249;255m0[38;2;91;255;255mK[38;2;109;255;255mK[38;2;96;255;255mK[38;2;95;255;255mK[38;2;90;255;255mK[38;2;99;255;255mK[38;2;127;255;255mX[38;2;114;255;255mK[38;2;7;125;255m:[38;2;22;70;212m'[38;2;111;169;250mx[38;2;6;30;73m [38;2;9;28;87m [38;2;8;28;53m [38;2;66;94;105m,[38;2;71;89;101m,[38;2;71;96;103m;[38;2;71;90;99m,[38;2;72;92;94m,[38;2;49;70;90m'[38;2;78;102;113m;[38;2;60;80;99m,[38;2;7;26;26m [38;2;11;26;30m [38;2;0;14;17m [38;2;3;35;41m [38;2;15;44;60m.[38;2;11;29;31m [38;2;22;47;51m.[38;2;9;27;27m [38;2;10;40;48m.[38;2;7;41;48m.[0m
[0m[38;2;23;53;55m.[38;2;22;44;57m.[38;2;15;37;35m.[38;2;6;14;19m [38;2;18;40;48m.[38;2;6;26;39m [38;2;79;148;149ml[38;2;13;35;47m.[38;2;1;5;6m [38;2;11;36;43m.[38;2;2;17;18m [38;2;14;28;29m [38;2;70;92;126m;[38;2;202;217;230mK[38;2;5;14;26m [38;2;17;44;61m.[38;2;3;28;42m [38;2;13;35;53m.[38;2;6;37;59m.[38;2;11;23;39m [38;2;6;13;16m [38;2;42;49;53m.[38;2;40;47;58m.[38;2;37;43;55m.[38;2;38;45;58m.[38;2;43;47;65m.[38;2;37;43;65m.[38;2;42;39;65m.[38;2;22;29;78m.[38;2;35;43;98m.[38;2;30;39;84m.[38;2;12;20;84m [38;2;11;32;104m.[38;2;18;35;112m.[38;2;20;39;123m.[38;2;31;66;139m'[38;2;21;47;108m.[38;2;17;50;122m.[38;2;17;54;126m.[38;2;16;51;102m.[38;2;0;10;70m [38;2;71;115;210mc[38;2;91;117;170mc[38;2;36;85;199m,[38;2;37;144;251ml[38;2;64;169;243md[38;2;147;236;255mK[38;2;80;246;255m0[38;2;96;255;255mK[38;2;82;255;255mK[38;2;81;255;255mK[38;2;91;255;255mK[38;2;91;255;255mK[38;2;78;255;255m0[38;2;89;255;255mK[38;2;114;255;255mK[38;2;2;141;255mc[38;2;62;141;250ml[38;2;102;162;242md[38;2;7;25;72m [38;2;16;35;87m.[38;2;11;42;69m.[38;2;5;36;70m.[38;2;4;25;51m [38;2;28;39;60m.[38;2;55;56;61m.[38;2;55;62;52m.[38;2;54;68;64m.[38;2;51;55;47m.[38;2;136;146;147mo[38;2;80;65;51m'[38;2;98;80;50m,[38;2;105;108;67m:[38;2;136;126;71ml[38;2;118;116;77mc[38;2;77;64;35m'[38;2;98;70;40m'[38;2;122;124;71mc[38;2;80;69;51m'[38;2;16;24;37m [0m
[0m[38;2;24;51;49m.[38;2;18;48;48m.[38;2;11;35;33m [38;2;6;15;20m [38;2;22;41;45m.[38;2;7;24;46m [38;2;77;150;157ml[38;2;21;37;43m.[38;2;13;35;40m [38;2;3;14;23m [38;2;9;22;26m [38;2;19;36;60m.[38;2;207;230;250mX[38;2;51;61;72m.[38;2;6;36;50m [38;2;9;44;62m.[38;2;2;29;28m [38;2;13;43;66m.[38;2;14;51;88m.[38;2;8;16;26m [38;2;65;85;87m,[38;2;161;196;209mO[38;2;150;181;204mk[38;2;136;175;200mx[38;2;140;173;204mx[38;2;143;177;214mk[38;2;130;155;189md[38;2;143;147;195md[38;2;98;123;183ml[38;2;114;154;199md[38;2;104;130;174ml[38;2;114;134;155ml[38;2;54;71;136m'[38;2;84;92;120m;[38;2;25;26;71m.[38;2;4;10;65m [38;2;1;11;62m [38;2;9;34;82m.[38;2;11;32;77m.[38;2;12;30;82m.[38;2;4;20;105m [38;2;111;159;237md[38;2;55;78;138m,[38;2;10;41;140m.[38;2;69;118;220mc[38;2;6;31;154m.[38;2;208;251;255mW[38;2;3;92;232m,[38;2;35;162;255mo[38;2;55;200;255mx[38;2;62;224;255mk[38;2;74;231;255mO[38;2;91;255;255mK[38;2;93;255;255mK[38;2;80;255;255m0[38;2;119;255;255mK[38;2;3;134;255m:[38;2;15;74;240m,[38;2;112;165;237mx[38;2;10;35;96m.[38;2;43;84;146m,[38;2;24;38;81m.[38;2;82;90;108m;[38;2;142;140;105mo[38;2;226;206;108m0[38;2;255;233;116mX[38;2;255;240;110mN[38;2;255;246;120mN[38;2;255;245;116mN[38;2;255;244;117mN[38;2;255;240;119mN[38;2;255;234;106mX[38;2;255;232;95mX[38;2;255;230;84mX[38;2;255;231;90mX[38;2;255;238;99mN[38;2;251;208;80mK[38;2;246;203;70m0[38;2;255;232;95mX[38;2;214;180;69mk[0m
[0m[38;2;16;50;49m.[38;2;16;47;58m.[38;2;12;28;30m [38;2;6;18;23m [38;2;15;43;47m.[38;2;2;28;39m [38;2;82;150;154ml[38;2;6;20;18m [38;2;37;69;76m.[38;2;36;63;77m.[38;2;17;28;45m [38;2;121;162;194md[38;2;117;130;152ml[38;2;22;41;43m.[38;2;24;51;56m.[38;2;32;58;77m.[38;2;4;17;29m [38;2;14;49;75m.[38;2;11;42;69m.[38;2;14;23;50m [38;2;2;15;24m [38;2;24;46;58m.[38;2;13;29;64m [38;2;13;31;52m [38;2;12;29;65m [38;2;14;31;99m.[38;2;16;32;100m.[38;2;23;48;155m.[38;2;19;49;159m.[38;2;10;31;145m.[38;2;14;45;172m.[38;2;24;60;188m'[38;2;31;61;182m'[38;2;107;126;203ml[38;2;181;206;235m0[38;2;94;103;139m:[38;2;3;14;74m [38;2;0;16;94m [38;2;1;15;64m [38;2;0;4;29m [38;2;11;26;115m.[38;2;136;181;249mk[38;2;11;19;41m [38;2;5;17;54m [38;2;19;33;89m.[38;2;10;31;134m.[38;2;215;255;255mW[38;2;1;19;106m [38;2;21;51;182m.[38;2;18;63;214m'[38;2;34;110;227m:[38;2;4;75;233m'[38;2;13;139;251mc[38;2;33;168;255mo[38;2;54;181;255md[38;2;86;206;255mk[38;2;2;70;237m'[38;2;11;53;195m.[38;2;79;118;190mc[38;2;87;96;129m;[38;2;169;167;134mx[38;2;220;198;118m0[38;2;226;202;108m0[38;2;214;170;57mk[38;2;174;122;43ml[38;2;198;138;43md[38;2;217;163;59mx[38;2;212;163;61mx[38;2;217;161;62mx[38;2;204;150;59md[38;2;192;121;39ml[38;2;253;221;82mK[38;2;255;219;82mK[38;2;255;223;84mX[38;2;255;224;87mX[38;2;255;223;88mX[38;2;255;224;84mX[38;2;255;221;83mX[38;2;255;221;85mX[38;2;255;226;85mX[0m
[0m[38;2;20;48;51m.[38;2;18;44;54m.[38;2;7;22;24m [38;2;10;20;22m [38;2;11;39;52m.[38;2;5;29;46m [38;2;79;151;162ml[38;2;0;8;9m [38;2;9;41;52m.[38;2;6;33;38m [38;2;28;43;100m.[38;2;177;202;222m0[38;2;4;11;19m [38;2;58;114;123m;[38;2;59;119;133m:[38;2;75;130;158mc[38;2;15;36;34m.[38;2;52;79;110m'[38;2;29;61;79m.[38;2;31;54;92m.[38;2;27;59;85m.[38;2;33;62;96m.[38;2;24;46;89m.[38;2;25;48;98m.[38;2;19;38;118m.[38;2;16;35;163m.[38;2;3;41;191m.[38;2;7;116;247m;[38;2;15;141;254mc[38;2;2;118;246m;[38;2;13;112;245m;[38;2;6;114;243m;[38;2;9;107;245m;[38;2;0;42;207m.[38;2;25;73;234m,[38;2;191;226;254mX[38;2;49;70;176m,[38;2;12;62;174m.[38;2;6;26;100m [38;2;9;18;75m [38;2;21;50;154m.[38;2;141;208;255m0[38;2;3;5;25m [38;2;21;46;102m.[38;2;6;13;65m [38;2;17;42;137m.[38;2;206;248;255mN[38;2;0;0;7m [38;2;4;10;58m [38;2;6;15;79m [38;2;6;19;91m [38;2;7;24;118m.[38;2;12;42;140m.[38;2;9;49;168m.[38;2;9;49;165m.[38;2;6;55;169m.[38;2;18;18;110m [38;2;100;120;144mc[38;2;169;151;128md[38;2;220;189;127mO[38;2;172;135;69mo[38;2;159;115;50mc[38;2;153;112;53mc[38;2;156;113;50mc[38;2;171;115;45ml[38;2;165;109;39mc[38;2;169;114;41ml[38;2;142;97;33m:[38;2;160;110;49mc[38;2;128;90;34m;[38;2;142;76;16m;[38;2;255;230;101mX[38;2;255;223;81mX[38;2;255;220;83mX[38;2;255;224;87mX[38;2;255;223;85mX[38;2;255;224;80mX[38;2;255;223;81mX[38;2;255;219;84mX[38;2;255;219;79mK[0m
[0m[38;2;28;46;49m.[38;2;15;44;59m.[38;2;6;26;25m [38;2;8;23;27m [38;2;9;43;47m.[38;2;4;29;39m [38;2;88;157;161mo[38;2;0;9;5m [38;2;11;44;56m.[38;2;8;23;36m [38;2;93;141;203mo[38;2;76;88;101m,[38;2;5;32;36m [38;2;22;45;60m.[38;2;72;150;159ml[38;2;80;140;169ml[38;2;16;31;38m [38;2;56;104;129m;[38;2;9;36;80m.[38;2;15;46;87m.[38;2;15;44;87m.[38;2;10;41;96m.[38;2;5;49;111m.[38;2;72;143;213ml[38;2;71;148;229mo[38;2;58;159;251mo[38;2;17;150;255ml[38;2;107;242;255mK[38;2;121;246;255mK[38;2;110;249;255mK[38;2;93;243;255m0[38;2;84;239;255m0[38;2;67;222;255mk[38;2;48;192;255md[38;2;28;158;255ml[38;2;97;211;255mO[38;2;107;142;232mo[38;2;11;61;221m'[38;2;9;26;127m.[38;2;12;23;105m.[38;2;36;85;202m,[38;2;164;217;250mK[38;2;4;13;46m [38;2;24;54;117m.[38;2;2;16;56m [38;2;13;32;112m.[38;2;203;243;255mN[38;2;23;26;29m [38;2;52;55;67m.[38;2;52;56;86m.[38;2;54;60;90m.[38;2;51;54;71m.[38;2;51;53;70m.[38;2;40;45;62m.[38;2;35;40;59m.[38;2;62;70;86m'[38;2;170;143;141md[38;2;208;176;107mk[38;2;164;117;59ml[38;2;125;99;53m:[38;2;104;84;70m;[38;2;102;81;44m,[38;2;137;104;53m:[38;2;133;99;52m:[38;2;108;79;32m,[38;2;64;47;24m.[38;2;162;124;63ml[38;2;179;123;45ml[38;2;116;93;48m;[38;2;71;57;30m.[38;2;64;38;18m.[38;2;253;222;112mX[38;2;255;226;80mX[38;2;255;221;83mX[38;2;255;223;85mX[38;2;255;222;82mX[38;2;255;223;82mX[38;2;255;222;80mX[38;2;255;220;78mX[38;2;255;219;72mK[0m
[0m[38;2;26;49;50m.[38;2;15;44;62m.[38;2;8;28;27m [38;2;9;24;27m [38;2;11;43;51m.[38;2;2;28;39m [38;2;88;157;161mo[38;2;0;7;11m [38;2;10;44;56m.[38;2;21;34;62m.[38;2;136;184;237mk[38;2;6;20;25m [38;2;9;46;53m.[38;2;2;29;36m [38;2;60;115;126m:[38;2;71;142;150mc[38;2;17;25;35m [38;2;91;160;176mo[38;2;6;32;69m [38;2;8;44;83m.[38;2;13;49;91m.[38;2;13;52;111m.[38;2;13;41;119m.[38;2;45;114;197m:[38;2;74;160;247mo[38;2;58;183;255md[38;2;4;202;255md[38;2;143;255;255mX[38;2;168;255;255mN[38;2;166;255;255mN[38;2;162;255;255mN[38;2;162;255;255mN[38;2;165;255;255mN[38;2;165;255;255mN[38;2;208;255;255mW[38;2;69;248;255m0[38;2;94;175;251mx[38;2;12;86;240m,[38;2;28;84;206m,[38;2;7;31;131m.[38;2;68;137;231ml[38;2;156;173;206mk[38;2;10;26;63m [38;2;19;48;104m.[38;2;10;20;50m [38;2;9;25;90m [38;2;180;219;244mK[38;2;37;38;39m.[38;2;88;97;110m;[38;2;89;111;127m:[38;2;101;110;114m:[38;2;105;114;117mc[38;2;104;118;120mc[38;2;101;128;146ml[38;2;77;96;106m;[38;2;117;146;154mo[38;2;109;146;149mo[38;2;105;123;131mc[38;2;81;101;108m;[38;2;76;87;92m,[38;2;98;101;113m:[38;2;21;24;25m [38;2;22;51;79m.[38;2;56;94;132m;[38;2;57;87;132m,[38;2;34;51;70m.[38;2;165;131;88mo[38;2;185;128;50mo[38;2;88;67;32m'[38;2;47;33;26m.[38;2;125;104;65m:[38;2;255;237;106mN[38;2;255;224;77mX[38;2;255;224;79mX[38;2;255;223;79mX[38;2;255;223;78mX[38;2;255;223;78mX[38;2;255;222;76mX[38;2;255;221;78mX[38;2;255;219;75mK[0m
[0m[38;2;19;43;40m.[38;2;11;37;46m.[38;2;12;24;25m [38;2;7;23;23m [38;2;9;45;54m.[38;2;3;30;37m [38;2;89;151;155ml[38;2;0;13;17m [38;2;6;40;44m.[38;2;26;53;95m.[38;2;160;204;241m0[38;2;2;21;15m [38;2;9;45;55m.[38;2;7;42;50m.[38;2;19;47;61m.[38;2;82;148;157ml[38;2;21;34;42m.[38;2;86;165;172mo[38;2;38;80;105m'[38;2;8;41;72m.[38;2;16;47;100m.[38;2;15;52;112m.[38;2;15;55;130m.[38;2;30;73;183m'[38;2;71;176;253md[38;2;66;183;255md[38;2;4;214;255md[38;2;182;255;255mN[38;2;173;255;255mN[38;2;169;255;255mN[38;2;169;255;255mN[38;2;164;255;255mN[38;2;150;255;255mX[38;2;155;255;255mX[38;2;209;255;255mW[38;2;96;251;255mK[38;2;70;209;255mk[38;2;40;129;249mc[38;2;17;57;204m.[38;2;3;43;160m.[38;2;141;201;251mO[38;2;123;135;156mo[38;2;48;97;143m;[38;2;78;137;177ml[38;2;3;5;21m [38;2;11;33;87m.[38;2;179;221;247mK[38;2;7;17;24m [38;2;10;34;62m.[38;2;11;47;81m.[38;2;7;20;33m [38;2;11;41;54m.[38;2;12;22;42m [38;2;17;33;44m.[38;2;2;5;6m [38;2;4;10;10m [38;2;4;18;35m [38;2;132;112;96mc[38;2;232;198;93m0[38;2;225;175;77mk[38;2;250;219;134mX[38;2;222;205;117m0[38;2;169;144;69mo[38;2;152;136;86mo[38;2;154;144;106mo[38;2;173;180;164mk[38;2;142;136;107mo[38;2;195;161;78mx[38;2;179;154;65md[38;2;224;195;102m0[38;2;255;238;95mN[38;2;255;225;84mX[38;2;255;224;81mX[38;2;255;225;79mX[38;2;255;223;79mX[38;2;255;222;79mX[38;2;255;222;81mX[38;2;255;223;78mX[38;2;255;222;80mX[38;2;255;220;79mK[0m
[0m[38;2;40;68;66m.[38;2;36;67;68m.[38;2;37;70;74m.[38;2;11;24;26m [38;2;9;47;54m.[38;2;3;33;43m [38;2;86;143;152ml[38;2;5;19;21m [38;2;28;57;59m.[38;2;27;50;100m.[38;2;159;188;209mO[38;2;22;45;47m.[38;2;31;63;73m.[38;2;26;63;77m.[38;2;27;56;67m.[38;2;67;115;127m:[38;2;38;61;64m.[38;2;54;111;118m;[38;2;79;142;166ml[38;2;27;50;97m.[38;2;19;56;100m.[38;2;20;51;114m.[38;2;11;48;136m.[38;2;15;47;159m.[38;2;71;159;245mo[38;2;70;196;255mx[38;2;0;220;255mx[38;2;209;255;255mW[38;2;188;255;255mN[38;2;177;255;255mN[38;2;172;255;255mN[38;2;172;255;255mN[38;2;164;255;255mN[38;2;151;255;255mX[38;2;192;255;255mN[38;2;75;243;255m0[38;2;74;190;255mx[38;2;63;171;252md[38;2;41;90;200m;[38;2;26;64;178m'[38;2;247;255;255mM[38;2;42;66;119m'[38;2;13;35;101m.[38;2;79;153;185mo[38;2;0;10;29m [38;2;5;27;81m [38;2;164;201;228m0[38;2;7;22;39m [38;2;10;49;79m.[38;2;16;47;89m.[38;2;9;27;43m [38;2;41;75;98m'[38;2;21;48;78m.[38;2;48;81;94m'[38;2;58;113;125m;[38;2;42;76;81m'[38;2;4;22;47m [38;2;22;43;64m.[38;2;122;124;155ml[38;2;86;67;68m'[38;2;191;160;134mx[38;2;183;163;154mx[38;2;239;219;201mX[38;2;242;231;176mN[38;2;255;232;164mN[38;2;255;239;142mN[38;2;253;215;97mK[38;2;255;233;108mX[38;2;255;225;102mX[38;2;255;225;94mX[38;2;255;223;87mX[38;2;255;223;87mX[38;2;255;222;83mX[38;2;255;224;81mX[38;2;255;224;82mX[38;2;255;222;79mX[38;2;255;222;79mX[38;2;255;222;80mX[38;2;255;221;79mX[38;2;255;222;83mX[0m
[0m[38;2;21;50;51m.[38;2;16;45;53m.[38;2;15;45;50m.[38;2;5;19;33m [38;2;12;50;54m.[38;2;4;29;36m [38;2;80;138;149ml[38;2;0;11;19m [38;2;7;40;45m.[38;2;24;35;77m.[38;2;200;239;242mN[38;2;0;9;16m [38;2;2;31;43m [38;2;52;98;108m,[38;2;18;54;59m.[38;2;16;46;58m.[38;2;64;118;138m:[38;2;5;16;25m [38;2;34;78;94m'[38;2;36;83;108m'[38;2;38;77;113m'[38;2;41;75;134m'[38;2;30;82;129m'[38;2;30;75;154m'[38;2;37;106;207m;[38;2;38;130;241mc[38;2;19;188;255md[38;2;103;220;255mO[38;2;101;243;255m0[38;2;104;249;255mK[38;2;128;253;255mX[38;2;117;253;255mK[38;2;125;255;255mX[38;2;124;253;255mK[38;2;131;247;255mK[38;2;79;222;255mO[38;2;65;168;255md[38;2;59;151;240mo[38;2;62;125;204mc[38;2;98;127;205ml[38;2;201;233;249mX[38;2;2;20;63m [38;2;10;42;100m.[38;2;36;70;118m'[38;2;3;22;45m [38;2;6;31;73m [38;2;156;197;221mO[38;2;6;27;37m [38;2;11;49;79m.[38;2;10;51;85m.[38;2;9;24;35m [38;2;88;155;165mo[38;2;17;43;67m.[38;2;9;32;59m [38;2;55;113;138m;[38;2;61;115;133m:[38;2;11;28;44m [38;2;4;27;58m [38;2;100;151;227mo[38;2;19;55;156m.[38;2;6;84;239m,[38;2;76;225;255mO[38;2;114;229;255m0[38;2;162;230;255mK[38;2;87;188;255mx[38;2;126;144;242md[38;2;199;174;163mO[38;2;224;184;90mO[38;2;224;183;80mO[38;2;234;191;79mO[38;2;237;193;72m0[38;2;245;208;83mK[38;2;252;219;79mK[38;2;255;225;85mX[38;2;255;234;87mX[38;2;255;235;90mX[38;2;255;232;82mX[38;2;255;227;86mX[38;2;255;231;89mX[38;2;255;226;84mX[0m
[0m[38;2;23;49;50m.[38;2;10;45;58m.[38;2;17;45;54m.[38;2;2;17;35m [38;2;12;49;53m.[38;2;4;31;40m [38;2;81;147;152ml[38;2;9;31;42m [38;2;15;46;45m.[38;2;6;13;33m [38;2;184;215;243mK[38;2;33;43;51m.[38;2;4;35;46m [38;2;23;58;72m.[38;2;71;135;137mc[38;2;4;28;41m [38;2;66;114;135m:[38;2;1;11;13m [38;2;19;47;68m.[38;2;16;50;74m.[38;2;11;48;82m.[38;2;14;49;87m.[38;2;18;48;109m.[38;2;16;51;123m.[38;2;14;52;144m.[38;2;12;61;180m.[38;2;29;105;223m;[38;2;23;89;229m,[38;2;8;115;240m;[38;2;9;126;249m:[38;2;10;142;251mc[38;2;8;150;254mc[38;2;8;149;252mc[38;2;11;148;253mc[38;2;10;137;252mc[38;2;116;190;254mk[38;2;25;74;208m'[38;2;18;77;177m'[38;2;18;39;139m.[38;2;176;204;246m0[38;2;33;70;112m.[38;2;16;47;94m.[38;2;27;65;107m.[38;2;41;80;123m'[38;2;18;40;57m.[38;2;7;23;77m [38;2;146;177;210mk[38;2;24;49;63m.[38;2;31;67;104m.[38;2;35;75;107m'[38;2;25;43;55m.[38;2;68;116;130m:[38;2;61;110;133m;[38;2;15;35;71m.[38;2;11;41;61m.[38;2;45;82;106m'[38;2;10;25;42m [38;2;22;36;94m.[38;2;112;141;183mo[38;2;11;55;209m.[38;2;30;146;255ml[38;2;61;228;255mO[38;2;181;255;255mN[38;2;210;255;255mW[38;2;0;225;255mx[38;2;1;59;251m.[38;2;99;171;251mx[38;2;83;77;129m,[38;2;137;111;83mc[38;2;191;136;53mo[38;2;196;137;51md[38;2;207;122;25mo[38;2;195;125;32mo[38;2;208;130;32mo[38;2;210;143;38md[38;2;213;148;45md[38;2;205;154;44mx[38;2;214;156;43mx[38;2;196;134;42mo[38;2;193;129;36mo[0m
[0m[38;2;22;51;51m.[38;2;11;46;58m.[38;2;12;49;53m.[38;2;2;16;25m [38;2;12;49;55m.[38;2;6;30;38m [38;2;77;134;144mc[38;2;3;30;33m [38;2;11;46;46m.[38;2;1;21;28m [38;2;98;130;185ml[38;2;123;140;149mo[38;2;5;27;33m [38;2;10;35;57m.[38;2;43;85;98m'[38;2;52;102;108m;[38;2;59;114;125m:[38;2;4;10;22m [38;2;17;48;69m.[38;2;13;47;71m.[38;2;12;48;70m.[38;2;16;48;79m.[38;2;17;46;96m.[38;2;13;48;95m.[38;2;14;49;105m.[38;2;14;52;117m.[38;2;12;70;144m.[38;2;13;35;122m.[38;2;17;64;167m.[38;2;15;67;175m'[38;2;17;68;187m'[38;2;13;72;193m'[38;2;15;70;190m'[38;2;8;58;180m.[38;2;29;83;209m,[38;2;129;192;250mO[38;2;8;34;98m.[38;2;1;41;111m.[38;2;32;56;154m.[38;2;170;193;217mO[38;2;0;1;45m [38;2;8;47;109m.[38;2;14;50;103m.[38;2;19;60;107m.[38;2;31;60;82m.[38;2;13;21;88m [38;2;146;165;195mx[38;2;10;25;47m [38;2;15;50;86m.[38;2;20;59;95m.[38;2;55;85;125m,[38;2;12;24;44m [38;2;29;60;94m.[38;2;28;60;92m.[38;2;25;66;91m.[38;2;50;86;110m,[38;2;4;16;55m [38;2;98;115;154mc[38;2;61;88;131m,[38;2;34;88;192m,[38;2;20;68;224m'[38;2;72;209;253mk[38;2;119;211;255mO[38;2;121;231;255m0[38;2;0;142;248mc[38;2;16;77;238m,[38;2;141;191;249mO[38;2;82;105;177m:[38;2;9;20;39m [38;2;28;55;80m.[38;2;71;70;65m'[38;2;87;63;24m'[38;2;87;67;32m'[38;2;117;96;55m;[38;2;118;80;34m,[38;2;122;80;24m,[38;2;136;92;28m;[38;2;157;102;27m:[38;2;149;98;27m:[38;2;109;88;38m;[0m
[0m[38;2;22;45;39m.[38;2;9;39;43m.[38;2;11;46;55m.[38;2;0;11;11m [38;2;6;44;52m.[38;2;54;100;110m;[38;2;55;104;100m;[38;2;0;12;12m [38;2;6;30;35m [38;2;3;22;24m [38;2;29;41;74m.[38;2;161;194;226mO[38;2;22;38;40m.[38;2;4;26;32m [38;2;3;26;33m [38;2;45;88;92m'[38;2;46;91;86m,[38;2;0;6;6m [38;2;11;32;42m [38;2;4;34;44m [38;2;7;35;43m [38;2;6;34;42m [38;2;8;35;50m [38;2;9;29;54m [38;2;9;32;53m [38;2;8;35;67m.[38;2;12;37;82m.[38;2;3;20;51m [38;2;10;37;89m.[38;2;12;38;87m.[38;2;16;33;106m.[38;2;9;33;95m.[38;2;8;39;98m.[38;2;10;26;82m [38;2;29;74;176m'[38;2;150;208;253m0[38;2;2;16;52m [38;2;6;25;87m [38;2;126;173;235mx[38;2;82;96;130m;[38;2;0;21;69m [38;2;12;36;88m.[38;2;17;39;87m.[38;2;17;41;92m.[38;2;14;31;59m.[38;2;25;34;123m.[38;2;136;157;180md[38;2;7;20;42m [38;2;9;32;63m [38;2;8;36;63m.[38;2;21;39;63m.[38;2;9;20;34m [38;2;13;38;63m.[38;2;9;35;53m.[38;2;13;36;54m.[38;2;16;40;60m.[38;2;0;14;39m [38;2;141;167;198mx[38;2;6;20;55m [38;2;6;36;78m.[38;2;59;78;165m,[38;2;74;95;169m;[38;2;15;44;156m.[38;2;25;78;192m'[38;2;3;22;112m [38;2;152;170;229mk[38;2;140;165;227mx[38;2;36;43;73m.[38;2;10;19;28m [38;2;14;57;79m.[38;2;17;47;64m.[38;2;5;17;17m [38;2;12;35;48m.[38;2;31;49;56m.[38;2;36;42;49m.[38;2;12;24;29m [38;2;5;23;21m [38;2;62;76;73m'[38;2;22;38;53m.[38;2;28;58;64m.[0m
[0m[38;2;18;48;56m.[38;2;9;49;61m.[38;2;7;36;40m [38;2;0;17;18m [38;2;10;37;49m.[38;2;62;118;127m:[38;2;55;103;116m;[38;2;2;8;16m [38;2;0;6;3m [38;2;6;19;19m [38;2;5;14;13m [38;2;56;91;145m,[38;2;126;157;186md[38;2;22;31;26m [38;2;2;2;0m [38;2;0;6;0m [38;2;0;5;1m [38;2;11;24;30m [38;2;6;26;33m [38;2;5;14;15m [38;2;8;16;20m [38;2;5;18;20m [38;2;4;16;13m [38;2;2;2;10m [38;2;0;2;8m [38;2;2;2;18m [38;2;4;10;20m [38;2;12;25;55m [38;2;8;30;55m [38;2;5;18;54m [38;2;3;10;40m [38;2;4;19;55m [38;2;8;23;47m [38;2;2;4;19m [38;2;37;72;180m'[38;2;174;236;255mX[38;2;0;3;40m [38;2;33;75;185m'[38;2;174;216;244mK[38;2;41;59;109m.[38;2;66;91;120m,[38;2;68;86;124m,[38;2;75;94;124m;[38;2;77;90;117m;[38;2;84;99;129m;[38;2;21;38;123m.[38;2;134;152;174md[38;2;71;84;92m,[38;2;37;47;65m.[38;2;9;17;30m [38;2;0;2;9m [38;2;9;22;33m [38;2;6;20;42m [38;2;3;15;26m [38;2;2;4;11m [38;2;0;4;17m [38;2;0;1;19m [38;2;138;177;219mk[38;2;21;33;36m.[38;2;26;34;40m.[38;2;123;147;193md[38;2;53;64;97m'[38;2;45;59;89m.[38;2;21;39;88m.[38;2;31;37;66m.[38;2;227;242;254mW[38;2;47;69;122m'[38;2;2;0;1m [38;2;11;24;35m [38;2;18;53;80m.[38;2;15;44;55m.[38;2;8;22;21m [38;2;18;37;45m.[38;2;7;30;41m [38;2;11;28;33m [38;2;17;45;53m.[38;2;5;37;43m [38;2;74;124;129m:[38;2;20;50;63m.[38;2;24;51;55m.[0m
[0m[38;2;18;49;52m.[38;2;9;51;58m.[38;2;9;36;40m [38;2;2;16;19m [38;2;8;36;57m.[38;2;72;129;127mc[38;2;45;101;109m,[38;2;4;14;28m [38;2;0;10;8m [38;2;13;49;54m.[38;2;5;25;37m [38;2;11;24;35m [38;2;51;85;142m,[38;2;134;165;204mx[38;2;64;71;75m'[38;2;1;2;0m [38;2;0;2;0m [38;2;14;58;78m.[38;2;13;53;70m.[38;2;1;22;22m [38;2;19;45;52m.[38;2;5;29;39m [38;2;2;21;21m [38;2;0;8;5m [38;2;0;6;8m [38;2;0;5;14m [38;2;4;15;25m [38;2;11;52;86m.[38;2;11;51;95m.[38;2;3;23;40m [38;2;6;30;53m [38;2;3;24;54m [38;2;13;33;76m.[38;2;0;2;29m [38;2;33;76;201m,[38;2;171;207;245m0[38;2;15;38;134m.[38;2;132;186;247mk[38;2;65;88;180m;[38;2;86;139;228ml[38;2;101;168;242mx[38;2;117;172;238mx[38;2;114;176;235mx[38;2;111;171;230mx[38;2;120;167;223mx[38;2;18;45;152m.[38;2;122;156;201md[38;2;98;127;171ml[38;2;70;97;140m;[38;2;81;99;142m;[38;2;57;81;119m,[38;2;100;127;152ml[38;2;31;46;58m.[38;2;9;22;33m [38;2;2;1;11m [38;2;0;19;32m [38;2;5;9;40m [38;2;117;157;193md[38;2;88;107;137m:[38;2;66;83;161m,[38;2;116;181;246mk[38;2;53;85;189m;[38;2;49;82;203m,[38;2;50;78;216m,[38;2;153;179;217mk[38;2;146;178;224mk[38;2;1;5;21m [38;2;2;4;16m [38;2;5;23;43m [38;2;14;55;88m.[38;2;12;44;66m.[38;2;5;20;22m [38;2;14;44;59m.[38;2;13;48;59m.[38;2;0;1;0m [38;2;21;41;48m.[38;2;5;30;41m [38;2;86;132;140mc[38;2;10;30;42m [38;2;22;46;54m.[0m
[0m[38;2;18;50;56m.[38;2;7;46;55m.[38;2;7;33;37m [38;2;10;23;25m [38;2;8;34;52m [38;2;72;129;135mc[38;2;40;92;97m,[38;2;3;16;24m [38;2;1;15;17m [38;2;7;23;25m [38;2;14;41;56m.[38;2;11;31;37m [38;2;2;4;7m [38;2;31;54;98m.[38;2;136;176;218mk[38;2;125;134;147ml[38;2;35;37;36m.[38;2;7;37;56m.[38;2;6;53;68m.[38;2;6;33;41m [38;2;9;25;27m [38;2;17;46;56m.[38;2;0;15;18m [38;2;0;6;1m [38;2;0;6;3m [38;2;0;6;7m [38;2;2;14;19m [38;2;14;52;72m.[38;2;9;50;89m.[38;2;12;45;71m.[38;2;5;24;61m [38;2;10;44;92m.[38;2;11;32;90m.[38;2;0;0;62m [38;2;41;95;236m;[38;2;155;187;246mO[38;2;99;145;238mo[38;2;87;163;254md[38;2;3;123;242m:[38;2;15;141;247mc[38;2;2;142;253mc[38;2;4;132;252m:[38;2;3;131;252m:[38;2;0;111;245m;[38;2;3;95;240m,[38;2;21;82;237m,[38;2;124;141;200mo[38;2;2;33;128m.[38;2;0;4;58m [38;2;0;3;26m [38;2;2;8;27m [38;2;38;68;118m'[38;2;178;179;208mO[38;2;3;11;18m [38;2;6;12;41m [38;2;6;14;31m [38;2;28;40;90m.[38;2;96;132;178ml[38;2;12;30;114m.[38;2;48;111;231m:[38;2;80;223;255mO[38;2;77;197;255mx[38;2;91;208;255mk[38;2;51;162;253mo[38;2;196;252;255mN[38;2;67;106;202m:[38;2;0;3;72m [38;2;0;8;37m [38;2;9;28;50m [38;2;15;53;89m.[38;2;14;44;68m.[38;2;7;22;24m [38;2;16;49;68m.[38;2;16;45;53m.[38;2;0;0;5m [38;2;16;43;44m.[38;2;24;58;64m.[38;2;53;95;98m,[38;2;8;37;47m.[38;2;22;44;53m.[0m
[0m[38;2;29;52;61m.[38;2;8;47;61m.[38;2;9;41;43m.[38;2;4;17;17m [38;2;4;39;50m.[38;2;69;139;149mc[38;2;40;82;89m'[38;2;3;11;16m [38;2;10;44;56m.[38;2;7;41;55m.[38;2;6;45;58m.[38;2;5;32;39m [38;2;2;11;16m [38;2;2;8;8m [38;2;12;28;40m [38;2;63;87;128m,[38;2;133;162;197mx[38;2;113;144;158mo[38;2;80;91;96m;[38;2;18;42;54m.[38;2;6;38;47m.[38;2;17;55;63m.[38;2;15;34;43m.[38;2;18;34;35m.[38;2;20;37;36m.[38;2;18;38;37m.[38;2;0;13;16m [38;2;32;72;84m.[38;2;21;51;77m.[38;2;20;45;77m.[38;2;16;44;86m.[38;2;31;61;113m.[38;2;30;49;117m.[38;2;40;68;174m'[38;2;49;122;248mc[38;2;148;219;255m0[38;2;83;221;255mO[38;2;94;232;255m0[38;2;101;249;255mK[38;2;116;250;255mK[38;2;128;253;255mX[38;2;135;253;255mX[38;2;146;252;255mX[38;2;148;251;255mX[38;2;45;234;255mO[38;2;16;163;255ml[38;2;114;174;241mx[38;2;40;103;215m;[38;2;30;83;165m,[38;2;65;129;166mc[38;2;37;70;100m.[38;2;5;16;58m [38;2;166;178;233mO[38;2;3;12;45m [38;2;49;93;153m,[38;2;45;79;98m'[38;2;39;58;119m.[38;2;108;152;205md[38;2;42;117;244m:[38;2;64;203;255mx[38;2;111;253;255mK[38;2;217;255;255mW[38;2;235;255;255mW[38;2;110;255;255mK[38;2;83;167;255md[38;2;81;165;255md[38;2;4;7;108m [38;2;1;13;44m [38;2;7;27;55m [38;2;18;49;89m.[38;2;15;44;53m.[38;2;9;23;23m [38;2;12;49;68m.[38;2;16;47;52m.[38;2;0;1;3m [38;2;10;40;44m.[38;2;67;111;120m:[38;2;14;41;53m.[38;2;11;46;57m.[38;2;20;45;55m.[0m
[0m[38;2;18;44;53m.[38;2;27;68;81m.[38;2;52;106;98m;[38;2;1;15;16m [38;2;5;36;49m [38;2;76;142;149ml[38;2;36;87;88m'[38;2;11;22;21m [38;2;39;83;90m'[38;2;40;80;88m'[38;2;41;84;87m'[38;2;48;103;108m;[38;2;37;76;87m'[38;2;21;54;61m.[38;2;23;62;64m.[38;2;22;49;50m.[38;2;6;17;23m [38;2;26;68;93m.[38;2;82;104;148m:[38;2;97;126;161mc[38;2;86;123;149mc[38;2;72;107;135m:[38;2;101;125;136mc[38;2;96;133;142ml[38;2;106;139;154ml[38;2;108;149;157mo[38;2;100;124;130mc[38;2;114;138;152ml[38;2;117;147;162mo[38;2;115;132;163ml[38;2;113;149;172mo[38;2;106;144;186mo[38;2;55;105;197m:[38;2;40;96;219m;[38;2;47;148;254ml[38;2;127;233;255mK[38;2;68;239;255mO[38;2;210;255;255mW[38;2;177;255;255mN[38;2;183;255;255mN[38;2;197;255;255mN[38;2;201;255;255mW[38;2;203;255;255mW[38;2;222;255;255mW[38;2;61;254;255m0[38;2;6;203;255md[38;2;105;174;253mx[38;2;57;136;242ml[38;2;20;68;159m'[38;2;66;142;191ml[38;2;51;101;127m;[38;2;0;12;56m [38;2;164;189;234mO[38;2;18;28;66m.[38;2;13;56;101m.[38;2;34;60;88m.[38;2;45;65;123m'[38;2;110;136;195mo[38;2;13;66;217m'[38;2;72;215;255mk[38;2;105;247;255mK[38;2;208;255;255mW[38;2;153;255;255mX[38;2;85;229;255mO[38;2;0;57;246m.[38;2;47;100;224m;[38;2;38;50;133m.[38;2;0;5;42m [38;2;13;30;50m [38;2;11;57;84m.[38;2;10;43;56m.[38;2;12;27;27m [38;2;7;48;59m.[38;2;10;46;61m.[38;2;0;4;1m [38;2;20;54;59m.[38;2;62;105;112m;[38;2;4;27;35m [38;2;18;42;48m.[38;2;15;50;59m.[0m
[0m[38;2;38;64;77m.[38;2;81;159;173mo[38;2;24;55;40m.[38;2;5;20;21m [38;2;5;41;53m.[38;2;79;144;154ml[38;2;34;81;76m'[38;2;25;39;47m.[38;2;86;170;171mo[38;2;63;146;144mc[38;2;62;138;128mc[38;2;62;144;141mc[38;2;68;151;142ml[38;2;19;50;57m.[38;2;4;44;57m.[38;2;6;46;53m.[38;2;2;18;26m [38;2;8;46;55m.[38;2;8;44;54m.[38;2;5;38;49m.[38;2;19;52;74m.[38;2;23;52;83m.[38;2;52;107;138m;[38;2;45;97;131m,[38;2;33;71;107m.[38;2;35;83;118m'[38;2;32;63;87m.[38;2;24;62;92m.[38;2;12;43;77m.[38;2;7;31;63m [38;2;13;44;89m.[38;2;67;148;170ml[38;2;69;142;194ml[38;2;51;117;224m:[38;2;49;154;254mo[38;2;116;227;255m0[38;2;70;236;255mO[38;2;211;255;255mW[38;2;171;255;255mN[38;2;174;255;255mN[38;2;174;255;255mN[38;2;180;255;255mN[38;2;194;255;255mN[38;2;212;255;255mW[38;2;48;251;255mO[38;2;25;203;255md[38;2;101;156;250md[38;2;5;55;213m.[38;2;63;125;198mc[38;2;14;51;107m.[38;2;40;73;101m'[38;2;0;6;39m [38;2;160;189;230mO[38;2;21;35;68m.[38;2;9;37;72m.[38;2;11;27;56m [38;2;32;43;89m.[38;2;88;123;173mc[38;2;69;100;178m:[38;2;41;108;220m:[38;2;31;151;245ml[38;2;59;158;247mo[38;2;111;220;255m0[38;2;45;98;218m;[38;2;2;11;143m [38;2;58;79;162m,[38;2;42;59;103m.[38;2;0;5;14m [38;2;14;27;47m [38;2;12;61;82m.[38;2;7;43;49m.[38;2;16;29;28m [38;2;4;33;41m [38;2;13;51;56m.[38;2;0;0;1m [38;2;68;130;128mc[38;2;15;46;49m.[38;2;9;43;56m.[38;2;19;36;38m.[38;2;9;45;53m.[0m
[0m[38;2;81;144;138ml[38;2;22;72;82m.[38;2;2;17;20m [38;2;4;19;24m [38;2;5;40;60m.[38;2;75;143;150ml[38;2;34;97;91m,[38;2;22;36;50m.[38;2;72;160;160mo[38;2;61;136;134mc[38;2;60;137;130mc[38;2;59;137;139mc[38;2;62;143;138mc[38;2;67;131;128mc[38;2;14;47;56m.[38;2;7;45;52m.[38;2;0;21;31m [38;2;8;44;54m.[38;2;7;48;62m.[38;2;8;49;59m.[38;2;8;48;62m.[38;2;4;34;46m [38;2;53;109;109m;[38;2;73;171;160mo[38;2;28;70;70m.[38;2;7;47;59m.[38;2;1;22;40m [38;2;13;52;67m.[38;2;16;49;78m.[38;2;12;47;82m.[38;2;8;43;86m.[38;2;32;73;115m'[38;2;60;128;183mc[38;2;32;77;182m,[38;2;83;157;252md[38;2;125;201;254mO[38;2;44;201;255mx[38;2;164;249;255mX[38;2;117;254;255mK[38;2;121;255;255mX[38;2;110;255;255mK[38;2;108;255;255mK[38;2;109;254;255mK[38;2;97;246;255m0[38;2;14;194;255md[38;2;36;183;255md[38;2;120;148;226md[38;2;19;51;176m.[38;2;22;65;144m.[38;2;34;67;110m.[38;2;54;105;132m;[38;2;1;2;32m [38;2;156;174;207mk[38;2;33;56;97m.[38;2;14;48;85m.[38;2;13;54;92m.[38;2;12;23;57m [38;2;79;120;155mc[38;2;111;132;191ml[38;2;5;22;67m [38;2;17;40;136m.[38;2;16;24;128m.[38;2;176;209;233m0[38;2;3;7;66m [38;2;0;1;24m [38;2;105;129;152ml[38;2;15;25;47m [38;2;2;2;2m [38;2;12;28;37m [38;2;10;63;80m.[38;2;10;34;49m [38;2;16;31;34m [38;2;2;37;45m [38;2;14;48;67m.[38;2;15;29;22m [38;2;53;101;103m,[38;2;6;42;54m.[38;2;11;47;56m.[38;2;21;42;52m.[38;2;11;43;56m.[0m
[0m[38;2;35;74;66m.[38;2;3;42;58m.[38;2;2;27;25m [38;2;2;15;21m [38;2;3;36;41m [38;2;75;144;153ml[38;2;33;81;74m'[38;2;20;32;52m.[38;2;71;156;156ml[38;2;57;137;134mc[38;2;57;137;133mc[38;2;55;131;133m:[38;2;57;148;132mc[38;2;57;131;124m:[38;2;59;114;127m:[38;2;8;47;48m.[38;2;1;19;25m [38;2;10;45;52m.[38;2;9;46;55m.[38;2;6;44;50m.[38;2;6;41;53m.[38;2;6;40;50m.[38;2;10;24;33m [38;2;41;88;93m'[38;2;56;107;105m;[38;2;25;53;65m.[38;2;20;42;50m.[38;2;9;27;34m [38;2;21;47;57m.[38;2;21;48;67m.[38;2;20;56;73m.[38;2;27;48;76m.[38;2;34;65;109m.[38;2;8;30;102m.[38;2;100;168;239md[38;2;123;152;224md[38;2;4;69;217m'[38;2;41;195;255md[38;2;9;146;245mc[38;2;11;150;252mc[38;2;6;149;252mc[38;2;14;139;249mc[38;2;7;133;248m:[38;2;9;116;241m;[38;2;0;58;226m.[38;2;70;138;242ml[38;2;125;140;192mo[38;2;5;43;136m.[38;2;13;53;133m.[38;2;20;54;119m.[38;2;21;65;109m.[38;2;0;5;21m [38;2;136;159;209mx[38;2;70;96;115m;[38;2;8;27;51m [38;2;9;30;58m [38;2;0;8;22m [38;2;91;132;192ml[38;2;105;133;191ml[38;2;12;16;25m [38;2;9;15;29m [38;2;103;114;127mc[38;2;99;111;125m:[38;2;0;0;0m [38;2;9;15;20m [38;2;126;170;185mx[38;2;0;1;2m [38;2;1;5;3m [38;2;14;29;30m [38;2;6;63;73m.[38;2;11;32;43m [38;2;9;26;28m [38;2;9;41;51m.[38;2;14;45;54m.[38;2;12;25;23m [38;2;9;45;50m.[38;2;7;38;53m.[38;2;9;40;48m.[38;2;22;42;54m.[38;2;9;35;51m.[0m
[0m[38;2;17;47;49m.[38;2;7;46;58m.[38;2;7;30;21m [38;2;5;14;18m [38;2;7;31;43m [38;2;75;136;155mc[38;2;30;74;59m.[38;2;16;27;35m [38;2;59;113;116m;[38;2;44;92;89m,[38;2;39;95;91m,[38;2;42;90;94m,[38;2;47;98;93m,[38;2;55;109;112m;[38;2;44;82;85m'[38;2;39;75;77m'[38;2;35;72;72m.[38;2;4;15;17m [38;2;7;42;50m.[38;2;6;39;46m.[38;2;9;39;48m.[38;2;12;40;50m.[38;2;23;51;60m.[38;2;19;55;62m.[38;2;23;54;63m.[38;2;24;61;73m.[38;2;52;99;111m,[38;2;1;20;13m [38;2;12;53;67m.[38;2;8;50;64m.[38;2;6;51;73m.[38;2;6;47;78m.[38;2;7;50;88m.[38;2;4;16;58m [38;2;103;166;227md[38;2;121;128;156ml[38;2;0;2;75m [38;2;94;172;241mx[38;2;38;84;178m,[38;2;14;61;175m.[38;2;16;71;202m'[38;2;17;72;176m'[38;2;12;64;177m.[38;2;14;57;156m.[38;2;5;20;126m [38;2;88;147;228mo[38;2;121;130;148ml[38;2;3;17;67m [38;2;9;22;81m [38;2;6;20;66m [38;2;2;13;51m [38;2;0;1;26m [38;2;106;148;208mo[38;2;88;121;138mc[38;2;9;22;62m [38;2;19;58;115m.[38;2;3;23;71m [38;2;86;117;153mc[38;2;93;127;165mc[38;2;69;89;98m,[38;2;37;51;66m.[38;2;189;209;221mK[38;2;20;24;40m [38;2;15;22;30m [38;2;119;139;147mo[38;2;33;42;46m.[38;2;0;7;2m [38;2;2;6;1m [38;2;13;32;32m [38;2;6;62;68m.[38;2;15;29;45m [38;2;8;30;29m [38;2;4;39;44m.[38;2;7;26;35m [38;2;7;19;17m [38;2;7;45;51m.[38;2;15;36;51m.[38;2;7;33;40m [38;2;14;40;46m.[38;2;42;83;93m'[0m
[0m[38;2;18;40;40m.[38;2;11;38;49m.[38;2;6;31;29m [38;2;8;31;40m [38;2;5;29;37m [38;2;65;125;148m:[38;2;40;92;77m'[38;2;1;3;7m [38;2;6;33;33m [38;2;5;32;36m [38;2;13;47;51m.[38;2;22;53;59m.[38;2;23;63;66m.[38;2;24;67;74m.[38;2;28;65;71m.[38;2;41;79;91m'[38;2;87;168;162mo[38;2;2;5;7m [38;2;10;47;56m.[38;2;7;45;57m.[38;2;8;44;59m.[38;2;7;44;53m.[38;2;8;45;55m.[38;2;9;46;59m.[38;2;8;44;59m.[38;2;8;46;59m.[38;2;14;57;69m.[38;2;22;39;44m.[38;2;12;52;63m.[38;2;9;48;61m.[38;2;8;48;67m.[38;2;9;47;67m.[38;2;9;46;84m.[38;2;3;21;53m [38;2;109;159;204md[38;2;114;131;140ml[38;2;0;1;21m [38;2;61;114;146m:[38;2;45;86;111m,[38;2;9;27;73m [38;2;5;28;83m [38;2;2;25;73m [38;2;2;13;60m [38;2;0;15;59m [38;2;0;4;53m [38;2;111;155;225md[38;2;87;120;134mc[38;2;10;28;101m.[38;2;0;19;83m [38;2;1;18;91m [38;2;0;12;96m [38;2;0;1;85m [38;2;73;129;230ml[38;2;95;127;181ml[38;2;5;33;157m.[38;2;20;66;180m'[38;2;7;39;154m.[38;2;16;30;113m.[38;2;128;160;205md[38;2;70;74;77m'[38;2;15;27;64m [38;2;173;203;223m0[38;2;84;95;104m;[38;2;109;144;169mo[38;2;25;28;30m [38;2;2;5;0m [38;2;0;8;0m [38;2;2;6;3m [38;2;16;32;36m [38;2;8;56;62m.[38;2;12;38;55m.[38;2;11;19;20m [38;2;15;23;27m [38;2;5;26;30m [38;2;9;32;33m [38;2;10;39;48m.[38;2;44;81;86m'[38;2;54;100;103m,[38;2;65;118;127m:[38;2;47;95;102m,[0m
[0m[38;2;22;46;47m.[38;2;11;45;55m.[38;2;9;43;54m.[38;2;9;43;55m.[38;2;4;30;33m [38;2;63;116;143m:[38;2;51;103;92m,[38;2;0;10;18m [38;2;8;43;51m.[38;2;4;43;48m.[38;2;6;43;47m.[38;2;6;44;47m.[38;2;5;43;50m.[38;2;7;43;50m.[38;2;9;43;48m.[38;2;4;31;43m [38;2;58;106;107m;[38;2;3;12;10m [38;2;11;46;50m.[38;2;7;45;54m.[38;2;6;44;53m.[38;2;8;44;57m.[38;2;6;44;48m.[38;2;12;42;54m.[38;2;9;45;56m.[38;2;14;46;51m.[38;2;13;51;52m.[38;2;44;61;63m.[38;2;18;51;62m.[38;2;5;38;44m [38;2;5;30;43m [38;2;5;28;29m [38;2;4;18;27m [38;2;2;7;13m [38;2;102;144;196mo[38;2;128;133;140ml[38;2;4;14;24m [38;2;7;23;42m [38;2;6;15;27m [38;2;2;20;47m [38;2;19;62;107m.[38;2;3;29;53m [38;2;0;6;36m [38;2;0;12;52m [38;2;2;12;61m [38;2;137;171;241mk[38;2;55;89;152m,[38;2;8;50;186m.[38;2;1;44;188m.[38;2;9;56;200m.[38;2;2;75;217m'[38;2;0;64;218m.[38;2;42;173;254mo[38;2;89;174;245mx[38;2;81;166;252md[38;2;105;195;255mk[38;2;0;141;254mc[38;2;17;75;197m'[38;2;52;99;212m;[38;2;91;105;146m:[38;2;113;134;172ml[38;2;118;144;153mo[38;2;47;83;94m'[38;2;60;99;133m;[38;2;1;1;0m [38;2;0;7;1m [38;2;0;5;0m [38;2;0;6;3m [38;2;16;35;39m.[38;2;7;52;65m.[38;2;12;49;63m.[38;2;9;43;46m.[38;2;6;29;25m [38;2;19;56;62m.[38;2;27;66;76m.[38;2;41;80;92m'[38;2;36;73;88m.[38;2;13;46;59m.[38;2;8;43;53m.[38;2;7;43;53m.[0m
[0m[38;2;25;45;49m.[38;2;9;44;58m.[38;2;5;43;51m.[38;2;5;43;51m.[38;2;3;29;36m [38;2;58;103;140m;[38;2;52;117;105m;[38;2;0;9;13m [38;2;10;43;54m.[38;2;3;43;50m.[38;2;2;44;46m.[38;2;6;43;48m.[38;2;6;43;48m.[38;2;6;43;50m.[38;2;6;43;50m.[38;2;6;42;48m.[38;2;9;47;53m.[38;2;2;19;26m [38;2;15;50;54m.[38;2;13;44;49m.[38;2;8;40;47m.[38;2;6;36;40m [38;2;6;34;31m [38;2;8;28;30m [38;2;5;25;23m [38;2;5;18;14m [38;2;2;18;11m [38;2;8;19;18m [38;2;8;23;26m [38;2;1;8;7m [38;2;13;25;23m [38;2;9;27;37m [38;2;4;18;18m [38;2;0;0;0m [38;2;87;133;176ml[38;2;133;150;155md[38;2;8;27;44m [38;2;7;31;50m [38;2;7;13;20m [38;2;8;24;52m [38;2;19;68;106m.[38;2;7;31;61m [38;2;0;5;33m [38;2;0;12;79m [38;2;11;24;125m.[38;2;147;185;254mO[38;2;28;119;241m:[38;2;33;159;253ml[38;2;54;184;255md[38;2;83;215;255mO[38;2;117;231;255m0[38;2;71;239;255mO[38;2;92;247;255m0[38;2;39;244;255mO[38;2;194;255;255mN[38;2;195;255;255mN[38;2;2;212;255md[38;2;4;82;248m,[38;2;75;152;245mo[38;2;2;12;63m [38;2;164;183;227mO[38;2;45;75;121m'[38;2;6;29;39m [38;2;54;95;138m;[38;2;0;3;0m [38;2;2;7;2m [38;2;0;5;2m [38;2;0;4;0m [38;2;16;37;38m.[38;2;9;50;72m.[38;2;11;46;59m.[38;2;5;24;24m [38;2;4;24;31m [38;2;14;47;49m.[38;2;9;37;49m.[38;2;7;47;58m.[38;2;10;45;58m.[38;2;9;45;59m.[38;2;14;49;61m.[38;2;8;39;52m.[0m
[0m[38;2;18;45;54m.[38;2;8;43;55m.[38;2;8;38;53m.[38;2;8;42;49m.[38;2;4;25;43m [38;2;62;105;151m;[38;2;52;124;112m:[38;2;0;11;16m [38;2;9;44;57m.[38;2;9;46;52m.[38;2;4;47;49m.[38;2;5;44;54m.[38;2;6;40;46m.[38;2;5;35;39m [38;2;5;34;35m [38;2;4;28;28m [38;2;3;27;39m [38;2;2;9;9m [38;2;3;19;16m [38;2;5;11;11m [38;2;26;31;31m.[38;2;51;51;51m..[38;2;51;52;51m.[38;2;51;53;50m.[38;2;51;52;51m.[38;2;45;45;43m.[38;2;47;68;76m.[38;2;34;54;55m.[38;2;32;35;31m.[38;2;18;29;32m [38;2;11;25;34m [38;2;4;19;23m [38;2;0;0;0m [38;2;56;88;133m,[38;2;177;196;209m0[38;2;4;14;21m [38;2;10;40;57m.[38;2;15;32;47m [38;2;20;33;61m.[38;2;11;43;69m.[38;2;7;28;64m [38;2;21;47;83m.[38;2;32;71;139m'[38;2;23;61;199m'[38;2;151;225;255mK[38;2;74;227;255mO[38;2;136;255;255mX[38;2;150;255;255mX[38;2;148;255;255mX[38;2;165;255;255mN[38;2;86;255;255mK[38;2;82;248;255m0[38;2;14;240;255mk[38;2;164;255;255mN[38;2;167;255;255mN[38;2;4;201;255md[38;2;3;73;242m'[38;2;69;123;225mc[38;2;0;3;45m [38;2;208;233;252mN[38;2;58;100;150m;[38;2;6;24;31m [38;2;55;95;132m,[38;2;0;3;0m [38;2;0;6;2m [38;2;0;6;1m [38;2;0;3;1m [38;2;7;41;36m.[38;2;13;55;74m.[38;2;5;25;38m [38;2;9;37;41m.[38;2;4;19;25m [38;2;4;25;26m [38;2;4;25;31m [38;2;8;30;39m [38;2;6;39;54m.[38;2;7;36;49m [38;2;10;41;55m.[38;2;6;28;32m [0m
[0m[38;2;24;48;58m.[38;2;9;45;46m.[38;2;6;36;52m.[38;2;10;41;55m.[38;2;4;28;44m [38;2;55;92;133m,[38;2;54;131;114m:[38;2;1;10;11m [38;2;3;24;30m [38;2;2;22;24m [38;2;0;16;16m [38;2;0;16;11m [38;2;0;7;4m [38;2;0;1;0m [38;2;0;6;0m [38;2;0;5;0m [38;2;5;22;31m [38;2;9;28;37m [38;2;12;34;32m [38;2;0;6;4m [38;2;146;161;168mx[38;2;190;224;225mK[38;2;175;220;221mK[38;2;181;222;220mK[38;2;184;220;218mK[38;2;190;224;221mK[38;2;168;192;191mO[38;2;133;144;146mo[38;2;145;174;169mx[38;2;132;151;144mo[38;2;94;118;127mc[38;2;124;146;157mo[38;2;100;107;107m:[38;2;19;22;21m [38;2;19;34;62m.[38;2;222;251;255mW[38;2;21;34;34m.[38;2;14;41;49m.[38;2;11;39;55m.[38;2;6;43;60m.[38;2;9;41;67m.[38;2;7;31;69m [38;2;72;134;168mc[38;2;76;159;199mo[38;2;19;76;220m'[38;2;142;228;255mK[38;2;90;255;255mK[38;2;99;255;255mK[38;2;109;255;255mK[38;2;122;255;255mX[38;2;146;255;255mX[38;2;95;255;255mK[38;2;58;239;255mO[38;2;24;196;255md[38;2;109;219;255mO[38;2;70;191;255mx[38;2;4;116;249m;[38;2;6;64;216m'[38;2;37;71;161m'[38;2;14;41;116m.[38;2;137;146;185md[38;2;97;123;186ml[38;2;14;35;46m.[38;2;72;99;130m;[38;2;1;4;0m [38;2;0;6;0m [38;2;0;9;2m [38;2;0;4;1m [38;2;14;41;38m.[38;2;11;55;74m.[38;2;0;8;11m [38;2;12;44;53m.[38;2;9;51;62m.[38;2;8;47;50m.[38;2;7;25;37m [38;2;3;12;17m [38;2;2;25;28m [38;2;10;36;40m [38;2;23;39;47m.[38;2;17;34;33m [0m
[0m[38;2;16;32;35m [38;2;9;24;23m [38;2;11;22;18m [38;2;1;15;24m [38;2;13;36;49m.[38;2;48;79;123m'[38;2;63;141;134mc[38;2;3;10;2m [38;2;0;7;5m [38;2;13;20;23m [38;2;7;13;16m [38;2;13;27;23m [38;2;0;9;0m [38;2;0;5;0m [38;2;1;7;0m [38;2;0;4;0m [38;2;15;26;38m [38;2;13;47;54m.[38;2;18;49;47m.[38;2;3;19;22m [38;2;14;26;27m [38;2;29;51;51m.[38;2;21;50;40m.[38;2;22;53;44m.[38;2;24;49;48m.[38;2;28;59;57m.[38;2;26;38;42m.[38;2;26;42;38m.[38;2;33;54;55m.[38;2;19;39;27m.[38;2;5;20;31m [38;2;45;87;133m,[38;2;126;149;192md[38;2;172;192;194mO[38;2;18;25;36m [38;2;195;218;245mK[38;2;84;134;143mc[38;2;65;115;126m:[38;2;18;48;58m.[38;2;32;74;97m'[38;2;11;47;74m.[38;2;13;40;76m.[38;2;23;66;107m.[38;2;69;148;198ml[38;2;37;82;223m,[38;2;126;201;255mO[38;2;105;255;255mK[38;2;87;255;255mK[38;2;86;255;255mK[38;2;101;255;255mK[38;2;122;255;255mX[38;2;32;209;255mx[38;2;45;196;255mx[38;2;16;86;240m,[38;2;20;84;230m,[38;2;8;53;219m.[38;2;11;47;169m.[38;2;5;57;129m.[38;2;25;45;111m.[38;2;54;94;179m;[38;2;128;128;135ml[38;2;105;149;176mo[38;2;35;59;69m.[38;2;73;101;121m;[38;2;4;3;4m [38;2;0;7;7m [38;2;9;9;0m [38;2;3;4;3m [38;2;21;45;48m.[38;2;6;44;51m.[38;2;1;9;3m [38;2;16;41;55m.[38;2;9;32;51m [38;2;15;49;68m.[38;2;15;51;64m.[38;2;18;48;58m.[38;2;0;7;15m [38;2;1;11;1m [38;2;6;15;14m [38;2;0;7;10m [0m
