[0m[38;2;21;50;46m.[38;2;10;45;55m.[38;2;11;39;32m.[38;2;1;16;3m [38;2;6;37;46m [38;2;3;25;38m [38;2;72;154;153ml[38;2;15;39;38m.[38;2;0;4;0m [38;2;0;10;0m [38;2;2;12;4m [38;2;5;20;14m [38;2;7;24;25m [38;2;2;13;19m [38;2;125;166;196mx[38;2;102;111;121m:[38;2;1;8;14m [38;2;9;47;51m.[38;2;11;46;64m.[38;2;7;45;62m.[38;2;6;49;67m.[38;2;8;48;66m.[38;2;9;48;70m.[38;2;9;48;72m.[38;2;9;44;73m.[38;2;8;35;63m.[38;2;87;161;199mo[38;2;15;23;35m [38;2;39;78;102m'[38;2;45;100;135m;[38;2;55;85;111m,[38;2;24;63;89m.[38;2;9;41;77m.[38;2;7;48;76m.[38;2;10;37;66m.[38;2;60;110;151m:[38;2;43;66;84m.[38;2;71;154;189ml[38;2;52;101;130m;[38;2;8;42;67m.[38;2;7;41;39m.[38;2;29;48;115m.[38;2;133;157;162md[38;2;11;38;68m.[38;2;0;22;35m [38;2;19;35;95m.[38;2;188;244;255mN[38;2;37;83;108m'[38;2;53;102;117m;[38;2;37;73;90m'[38;2;11;23;35m [38;2;15;45;71m.[38;2;7;31;46m [38;2;19;37;61m.[38;2;7;42;66m.[38;2;6;36;52m [38;2;13;45;65m.[38;2;2;17;26m [38;2;60;95;157m;[38;2;11;34;55m.[38;2;0;28;57m [38;2;2;34;67m [38;2;9;34;66m.[38;2;10;45;86m.[38;2;4;41;67m.[38;2;13;39;57m.[38;2;3;33;45m [38;2;13;47;57m.[38;2;6;45;52m.[38;2;11;52;64m.[38;2;0;29;28m [38;2;11;46;50m.[38;2;7;46;43m.[38;2;1;3;5m [38;2;3;30;27m [38;2;8;37;41m [38;2;7;41;43m.[38;2;7;37;32m [38;2;11;43;42m.[38;2;4;47;39m.[0m
[0m[38;2;23;45;45m.[38;2;6;43;47m.[38;2;10;31;26m [38;2;0;10;12m [38;2;4;37;43m [38;2;2;28;27m [38;2;78;147;155ml[38;2;9;24;26m [38;2;1;5;5m [38;2;0;4;2m [38;2;0;3;0m  [38;2;0;1;0m [38;2;26;44;65m.[38;2;196;224;241mX[38;2;12;13;19m [38;2;3;12;15m [38;2;6;18;21m [38;2;3;19;36m [38;2;1;26;40m [38;2;2;30;60m [38;2;3;37;62m.[38;2;5;42;82m.[38;2;12;45;89m.[38;2;10;46;91m.[38;2;8;40;89m.[38;2;41;89;135m,[38;2;15;28;51m [38;2;13;43;99m.[38;2;5;41;94m.[38;2;14;45;92m.[38;2;20;55;101m.[38;2;18;52;98m.[38;2;26;50;97m.[38;2;23;57;97m.[38;2;43;78;115m'[38;2;35;62;78m.[38;2;71;149;174ml[38;2;80;149;176ml[38;2;17;40;83m.[38;2;1;24;35m [38;2;34;67;140m'[38;2;117;141;154mo[38;2;9;38;58m.[38;2;3;23;42m [38;2;16;35;110m.[38;2;188;233;255mX[38;2;5;17;21m [38;2;63;130;162mc[38;2;78;161;191mo[38;2;35;76;100m'[38;2;40;73;111m'[38;2;9;28;48m [38;2;37;71;100m'[38;2;8;32;44m [38;2;2;22;43m [38;2;9;39;61m.[38;2;1;15;39m [38;2;87;123;192mc[38;2;8;34;57m [38;2;8;24;65m [38;2;4;32;65m [38;2;50;75;107m'[38;2;55;64;79m.[38;2;56;76;100m'[38;2;52;67;87m'[38;2;45;65;72m.[38;2;32;57;64m.[38;2;15;46;60m.[38;2;4;44;54m.[38;2;0;25;25m [38;2;7;46;47m.[38;2;3;33;34m [38;2;0;5;3m [38;2;2;32;32m [38;2;1;32;35m [38;2;6;34;39m [38;2;7;31;30m [38;2;11;40;43m.[38;2;3;40;40m [0m
[0m[38;2;26;48;54m.[38;2;10;43;53m.[38;2;15;33;32m [38;2;1;10;16m [38;2;5;39;51m.[38;2;2;27;33m [38;2;80;151;154ml[38;2;1;13;23m [38;2;9;20;27m [38;2;7;23;30m [38;2;7;22;26m [38;2;10;22;39m [38;2;0;2;13m [38;2;154;181;206mk[38;2;90;104;127m:[38;2;4;25;47m [38;2;8;31;55m [38;2;1;2;7m [38;2;0;5;22m [38;2;1;6;26m [38;2;0;3;22m [38;2;0;4;29m [38;2;0;12;48m [38;2;7;17;52m [38;2;5;26;58m [38;2;6;28;76m [38;2;11;40;94m.[38;2;5;11;56m [38;2;20;49;117m.[38;2;21;51;117m.[38;2;14;56;114m.[38;2;18;53;123m.[38;2;11;49;110m.[38;2;11;47;111m.[38;2;7;38;97m.[38;2;72;124;185mc[38;2;33;59;81m.[38;2;32;59;94m.[38;2;37;93;136m,[38;2;36;74;122m'[38;2;16;30;63m.[38;2;46;77;153m,[38;2;93;126;139mc[38;2;5;33;64m [38;2;5;17;45m [38;2;10;28;105m.[38;2;205;245;255mN[38;2;0;8;27m [38;2;16;51;80m.[38;2;87;167;194md[38;2;33;58;85m.[38;2;74;132;175mc[38;2;5;20;67m [38;2;48;94;132m,[38;2;77;160;191mo[38;2;16;41;64m.[38;2;26;47;78m.[38;2;23;50;86m.[38;2;115;169;235mx[38;2;6;27;83m [38;2;13;32;134m.[38;2;4;22;108m [38;2;61;92;185m;[38;2;69;92;146m;[38;2;65;94;139m;[38;2;66;85;127m,[38;2;64;88;111m,[38;2;47;68;90m'[38;2;80;98;120m;[38;2;49;78;104m'[38;2;4;24;28m [38;2;6;20;27m [38;2;2;11;13m [38;2;4;30;43m [38;2;8;45;56m.[38;2;8;29;35m [38;2;19;41;42m.[38;2;8;27;26m [38;2;19;42;45m.[38;2;5;37;42m [0m
[0m[38;2;27;51;57m.[38;2;12;43;62m.[38;2;8;33;38m [38;2;7;15;18m [38;2;9;40;54m.[38;2;2;25;42m [38;2;84;144;161ml[38;2;10;32;42m [38;2;2;5;6m [38;2;18;38;47m.[38;2;2;16;23m [38;2;13;27;46m [38;2;78;98;142m;[38;2;192;212;230mK[38;2;2;12;53m [38;2;9;45;95m.[38;2;3;30;74m [38;2;7;41;84m.[38;2;14;41;107m.[38;2;7;25;83m [38;2;9;20;59m [38;2;39;52;89m.[38;2;37;46;94m.[38;2;33;46;88m.[38;2;34;50;87m.[38;2;32;43;91m.[38;2;34;46;87m.[38;2;33;38;82m.[38;2;21;32;98m.[38;2;33;48;96m.[38;2;24;41;81m.[38;2;10;22;74m [38;2;10;33;84m.[38;2;10;39;98m.[38;2;10;42;107m.[38;2;30;61;135m.[38;2;23;35;83m.[38;2;16;51;106m.[38;2;17;56;117m.[38;2;14;47;103m.[38;2;0;11;48m [38;2;71;107;189m:[38;2;86;109;136m:[38;2;38;76;103m'[38;2;43;81;91m'[38;2;9;18;69m [38;2;217;254;255mW[38;2;6;14;30m [38;2;3;24;70m [38;2;57;109;147m;[38;2;44;70;88m'[38;2;40;83;121m'[38;2;36;71;126m'[38;2;8;26;70m [38;2;80;150;182ml[38;2;18;42;62m.[38;2;16;31;87m.[38;2;57;128;186mc[38;2;107;153;216md[38;2;5;24;179m.[38;2;54;134;248ml[38;2;74;187;255mx[38;2;51;164;251mo[38;2;8;108;236m;[38;2;3;68;212m'[38;2;12;44;161m.[38;2;6;42;83m.[38;2;9;39;82m.[38;2;6;31;46m [38;2;96;122;157mc[38;2;20;29;41m [38;2;7;22;25m [38;2;6;42;52m.[38;2;9;49;62m.[38;2;6;36;45m [38;2;1;3;4m [38;2;45;66;67m.[38;2;29;56;57m.[38;2;13;41;47m.[38;2;10;35;47m.[0m
[0m[38;2;23;49;52m.[38;2;10;44;54m.[38;2;8;29;29m [38;2;7;16;21m [38;2;7;42;58m.[38;2;3;24;47m [38;2;79;142;163ml[38;2;19;34;52m.[38;2;11;32;54m [38;2;4;15;31m [38;2;8;21;36m [38;2;19;40;81m.[38;2;210;235;253mN[38;2;44;55;95m.[38;2;13;39;101m.[38;2;14;52;124m.[38;2;1;27;112m.[38;2;13;56;148m.[38;2;14;61;185m.[38;2;5;18;142m [38;2;54;99;179m;[38;2;143;208;243m0[38;2;136;185;240mk[38;2;132;183;236mk[38;2;136;174;231mk[38;2;131;186;236mk[38;2;114;159;222md[38;2;142;148;218md[38;2;87;129;206ml[38;2;110;164;218md[38;2;108;137;182mo[38;2;111;132;178ml[38;2;52;74;136m'[38;2;86;93;130m;[38;2;22;26;75m.[38;2;4;9;66m [38;2;0;10;53m [38;2;10;28;79m [38;2;11;33;78m.[38;2;9;35;72m.[38;2;2;22;70m [38;2;115;147;228md[38;2;49;70;99m'[38;2;12;41;74m.[38;2;64;110;139m:[38;2;11;21;66m [38;2;210;252;255mW[38;2;13;27;44m [38;2;28;54;90m.[38;2;32;62;94m.[38;2;47;84;103m'[38;2;14;30;64m.[38;2;61;108;149m:[38;2;7;33;66m [38;2;36;79;105m'[38;2;23;50;73m.[38;2;8;41;93m.[38;2;16;66;143m.[38;2;117;160;230md[38;2;7;62;239m'[38;2;86;196;255mk[38;2;109;255;255mK[38;2;98;255;255mK[38;2;123;255;255mX[38;2;7;165;255ml[38;2;1;53;232m.[38;2;11;40;133m.[38;2;1;36;78m.[38;2;11;37;55m.[38;2;44;53;96m.[38;2;65;90;121m,[38;2;8;46;59m.[38;2;10;44;65m.[38;2;11;34;45m [38;2;32;41;42m.[38;2;30;55;58m.[38;2;21;51;53m.[38;2;8;44;51m.[38;2;9;43;57m.[38;2;12;34;41m [0m
[0m[38;2;20;46;48m.[38;2;10;44;61m.[38;2;8;29;26m [38;2;6;20;25m [38;2;6;41;61m.[38;2;3;26;42m [38;2;79;146;168ml[38;2;8;18;27m [38;2;33;71;93m.[38;2;34;64;90m.[38;2;16;29;76m.[38;2;124;164;207mx[38;2;109;124;159ml[38;2;22;45;88m.[38;2;22;63;142m.[38;2;23;74;190m'[38;2;5;75;227m'[38;2;13;125;242m:[38;2;5;134;246m:[38;2;5;119;240m;[38;2;3;103;244m;[38;2;13;120;242m:[38;2;10;100;243m;[38;2;9;78;231m'[38;2;8;74;230m'[38;2;7;78;232m'[38;2;3;63;225m.[38;2;14;73;218m'[38;2;5;68;213m'[38;2;4;43;202m.[38;2;5;62;203m.[38;2;15;67;213m'[38;2;25;66;196m'[38;2;107;126;218ml[38;2;182;208;237mK[38;2;89;97;144m:[38;2;0;12;73m [38;2;2;21;80m [38;2;0;16;58m [38;2;0;7;23m [38;2;9;39;102m.[38;2;140;190;251mO[38;2;7;13;18m [38;2;4;12;23m [38;2;16;32;51m.[38;2;15;33;96m.[38;2;215;254;255mW[38;2;0;11;25m [38;2;7;41;79m.[38;2;9;39;85m.[38;2;48;89;127m,[38;2;14;31;46m [38;2;21;61;99m.[38;2;22;56;93m.[38;2;21;58;89m.[38;2;28;52;93m.[38;2;13;36;86m.[38;2;13;48;112m.[38;2;110;155;224md[38;2;13;92;253m;[38;2;77;207;255mk[38;2;120;255;255mX[38;2;87;255;255mK[38;2;119;255;255mX[38;2;1;186;255mo[38;2;1;71;254m'[38;2;9;40;154m.[38;2;8;47;107m.[38;2;1;24;47m [38;2;41;64;111m.[38;2;65;88;133m,[38;2;7;47;52m.[38;2;13;38;45m.[38;2;31;49;46m.[38;2;33;54;59m.[38;2;8;40;48m.[38;2;8;44;53m.[38;2;7;44;54m.[38;2;6;40;51m.[38;2;7;39;47m.[0m
[0m[38;2;20;45;51m.[38;2;8;48;56m.[38;2;5;24;26m [38;2;3;23;29m [38;2;7;43;56m.[38;2;3;27;42m [38;2;84;141;176ml[38;2;0;5;24m [38;2;6;43;76m.[38;2;5;35;66m.[38;2;27;52;144m.[38;2;175;198;221m0[38;2;4;13;43m [38;2;54;117;188m:[38;2;57;143;207ml[38;2;59;143;252ml[38;2;6;189;255mo[38;2;161;255;255mN[38;2;99;249;255mK[38;2;98;245;255m0[38;2;92;245;255m0[38;2;78;241;255m0[38;2;78;235;255mO[38;2;71;217;255mk[38;2;52;215;255mk[38;2;30;189;255md[38;2;4;172;255ml[38;2;7;177;255mo[38;2;3;165;255ml[38;2;4;144;254mc[38;2;4;129;255m:[38;2;4;120;253m:[38;2;3;107;252m;[38;2;1;54;224m.[38;2;21;83;243m,[38;2;186;230;255mX[38;2;40;65;176m'[38;2;12;68;190m'[38;2;3;25;106m [38;2;4;22;66m [38;2;16;48;149m.[38;2;142;207;255m0[38;2;1;7;22m [38;2;11;48;95m.[38;2;1;11;49m [38;2;8;47;134m.[38;2;206;244;255mN[38;2;0;0;0m [38;2;0;10;19m [38;2;4;9;24m [38;2;5;16;27m [38;2;6;18;34m [38;2;6;30;62m [38;2;8;35;65m.[38;2;9;38;75m.[38;2;15;51;97m.[38;2;5;21;54m [38;2;30;66;124m.[38;2;77;125;205mc[38;2;20;74;233m,[38;2;54;187;255md[38;2;100;238;255m0[38;2;102;255;255mK[38;2;136;255;255mX[38;2;5;176;255mo[38;2;0;41;222m.[38;2;6;11;103m [38;2;9;30;78m.[38;2;4;26;47m [38;2;39;67;111m.[38;2;70;89;122m,[38;2;5;11;8m [38;2;27;45;52m.[38;2;10;33;38m [38;2;10;34;48m [38;2;8;38;46m.[38;2;9;44;55m.[38;2;8;40;45m.[38;2;6;35;49m [38;2;11;43;53m.[0m
[0m[38;2;17;50;53m.[38;2;7;47;57m.[38;2;4;24;26m [38;2;4;26;31m [38;2;6;43;54m.[38;2;1;26;45m [38;2;87;149;171ml[38;2;0;3;20m [38;2;12;44;72m.[38;2;3;22;64m [38;2;96;135;212ml[38;2;66;82;111m,[38;2;2;44;92m.[38;2;18;62;166m.[38;2;70;160;241mo[38;2;52;184;255md[38;2;0;204;255md[38;2;181;255;255mN[38;2;113;255;255mK[38;2;121;255;255mX[38;2;120;255;255mX[38;2;123;255;255mX[38;2;145;255;255mX[38;2;175;255;255mN[38;2;179;255;255mN[38;2;178;255;255mN[38;2;104;255;255mK[38;2;122;251;255mK[38;2;112;249;255mK[38;2;107;252;255mK[38;2;92;242;255m0[38;2;87;240;255m0[38;2;64;225;255mO[38;2;44;206;255mx[38;2;13;176;255mo[38;2;89;231;255mO[38;2;91;157;245md[38;2;9;80;246m,[38;2;4;30;176m.[38;2;4;28;140m.[38;2;33;93;194m,[38;2;160;210;244m0[38;2;1;13;46m [38;2;15;60;124m.[38;2;6;16;64m [38;2;7;35;125m.[38;2;195;243;255mN[38;2;0;3;9m [38;2;3;22;53m [38;2;11;35;81m.[38;2;7;30;67m [38;2;5;20;43m [38;2;0;7;20m [38;2;0;3;9m [38;2;1;2;7m [38;2;2;9;20m [38;2;1;8;18m [38;2;4;16;36m [38;2;89;114;187mc[38;2;9;31;114m.[38;2;10;43;167m.[38;2;6;83;220m,[38;2;5;121;230m:[38;2;33;139;232mc[38;2;4;65;198m.[38;2;0;15;114m [38;2;0;6;46m [38;2;1;8;17m [38;2;0;4;5m [38;2;61;84;118m,[38;2;42;58;87m.[38;2;18;33;40m.[38;2;14;49;58m.[38;2;10;42;53m.[38;2;8;39;42m.[38;2;8;36;41m [38;2;5;37;41m [38;2;9;41;49m.[38;2;10;44;51m.[38;2;8;43;52m.[0m
[0m[38;2;16;55;51m.[38;2;9;45;61m.[38;2;7;22;29m [38;2;12;24;33m [38;2;7;43;58m.[38;2;4;24;46m [38;2;91;152;178mo[38;2;0;6;31m [38;2;8;46;72m.[38;2;20;42;99m.[38;2;125;183;237mk[38;2;6;17;45m [38;2;11;50;128m.[38;2;4;38;166m.[38;2;50;131;246mc[38;2;52;192;255mx[38;2;0;212;255md[38;2;192;255;255mN[38;2;139;255;255mX[38;2;125;255;255mX[38;2;132;255;255mX[38;2;139;255;255mX[38;2;144;255;255mX[38;2;150;255;255mX[38;2;160;255;255mN[38;2;167;255;255mN[38;2;124;255;255mX[38;2;164;255;255mN[38;2;157;255;255mX[38;2;159;255;255mN[38;2;165;255;255mN[38;2;171;255;255mN[38;2;161;255;255mN[38;2;167;255;255mN[38;2;158;255;255mX[38;2;199;255;255mW[38;2;38;230;255mk[38;2;23;156;255ml[38;2;14;96;244m;[38;2;1;29;174m.[38;2;73;135;232ml[38;2;145;168;202mx[38;2;11;28;77m [38;2;15;58;145m.[38;2;5;41;161m.[38;2;2;47;190m.[38;2;156;225;255mK[38;2;1;25;136m.[38;2;11;73;195m'[38;2;10;67;195m'[38;2;5;37;157m.[38;2;9;27;109m.[38;2;25;40;68m.[38;2;102;127;139mc[38;2;92;119;120mc[38;2;94;116;115m:[38;2;82;104;106m;[38;2;47;69;72m.[38;2;88;117;125m:[38;2;37;52;64m.[38;2;38;51;85m.[38;2;23;28;60m.[38;2;0;11;46m [38;2;2;29;72m [38;2;0;13;59m [38;2;2;8;24m [38;2;0;6;24m [38;2;4;4;13m [38;2;3;2;2m [38;2;100;123;147mc[38;2;19;44;63m.[38;2;9;39;46m.[38;2;6;37;45m [38;2;8;40;52m.[38;2;11;46;53m.[38;2;5;30;37m [38;2;5;40;44m.[38;2;8;44;50m.[38;2;9;44;49m.[38;2;7;42;49m.[0m
[0m[38;2;16;40;41m.[38;2;10;37;50m.[38;2;5;22;24m [38;2;8;28;31m [38;2;7;44;58m.[38;2;1;27;41m [38;2;88;152;166mo[38;2;0;14;24m [38;2;10;36;58m.[38;2;27;49;127m.[38;2;145;208;241m0[38;2;1;19;55m [38;2;10;51;117m.[38;2;6;53;173m.[38;2;15;79;238m,[38;2;76;194;255mx[38;2;0;219;255mx[38;2;211;255;255mW[38;2;148;255;255mX[38;2;141;255;255mX[38;2;136;255;255mX[38;2;140;255;255mX[38;2;145;255;255mX[38;2;148;255;255mX[38;2;164;255;255mN[38;2;169;255;255mN[38;2;126;255;255mX[38;2;190;255;255mN[38;2;179;255;255mN[38;2;168;255;255mN[38;2;170;255;255mN[38;2;168;255;255mN[38;2;152;255;255mX[38;2;160;255;255mN[38;2;161;255;255mN[38;2;222;255;255mW[38;2;35;250;255mO[38;2;17;194;255md[38;2;0;83;252m,[38;2;2;54;217m.[38;2;136;209;255m0[38;2;116;132;158ml[38;2;49;109;175m:[38;2;47;139;230ml[38;2;12;158;254ml[38;2;103;229;255m0[38;2;74;231;255mO[38;2;100;207;255mO[38;2;95;231;255m0[38;2;92;224;255mO[38;2;49;185;255md[38;2;5;104;242m;[38;2;3;32;174m.[38;2;7;20;57m [38;2;4;11;14m [38;2;4;13;12m [38;2;13;37;55m.[38;2;1;22;44m [38;2;85;115;148m:[38;2;1;24;46m [38;2;4;17;64m [38;2;142;167;199mx[38;2;18;29;61m.[38;2;8;36;80m.[38;2;0;18;47m [38;2;1;12;25m [38;2;0;8;17m [38;2;1;6;10m [38;2;1;0;1m [38;2;129;163;206mx[38;2;3;30;32m [38;2;1;6;5m [38;2;19;44;54m.[38;2;11;43;54m.[38;2;13;45;54m.[38;2;11;47;48m.[38;2;7;30;41m [38;2;24;48;51m.[38;2;10;36;45m.[38;2;11;43;51m.[0m
[0m[38;2;35;71;69m.[38;2;32;66;73m.[38;2;33;70;79m.[38;2;7;19;29m [38;2;11;46;57m.[38;2;4;28;48m [38;2;85;146;177ml[38;2;6;14;29m [38;2;26;54;76m.[38;2;28;58;118m.[38;2;151;186;211mk[38;2;25;45;73m.[38;2;31;66;103m.[38;2;27;74;156m'[38;2;29;83;221m,[38;2;57;161;250mo[38;2;8;208;255md[38;2;156;247;255mX[38;2;142;255;255mX[38;2;133;255;255mX[38;2;140;255;255mX[38;2;161;255;255mN[38;2;171;255;255mN[38;2;173;255;255mN[38;2;191;255;255mN[38;2;208;255;255mW[38;2;126;255;255mX[38;2;215;255;255mW[38;2;181;255;255mN[38;2;174;255;255mN[38;2;170;255;255mN[38;2;169;255;255mN[38;2;156;255;255mX[38;2;159;255;255mN[38;2;171;255;255mN[38;2;232;255;255mW[38;2;11;238;255mk[38;2;41;200;255mx[38;2;54;119;244mc[38;2;80;118;230mc[38;2;212;239;214mN[38;2;135;130;154mo[38;2;94;114;169mc[38;2;96;163;231md[38;2;97;191;253mk[38;2;160;250;255mX[38;2;67;221;255mk[38;2;183;255;255mN[38;2;169;255;255mN[38;2;188;255;255mN[38;2;166;255;255mN[38;2;8;209;255md[38;2;18;92;250m;[38;2;47;97;185m;[38;2;60;112;158m:[38;2;40;77;90m'[38;2;8;30;64m [38;2;8;37;71m.[38;2;111;149;216md[38;2;7;47;133m.[38;2;32;74;196m,[38;2;52;158;238mo[38;2;44;121;220m:[38;2;11;120;222m:[38;2;0;61;186m.[38;2;0;28;139m.[38;2;0;7;65m [38;2;0;7;24m [38;2;39;48;68m.[38;2;88;122;141mc[38;2;9;46;52m.[38;2;1;12;11m [38;2;11;44;50m.[38;2;5;29;30m [38;2;11;37;44m.[38;2;4;29;35m [38;2;8;36;38m [38;2;18;45;48m.[38;2;29;53;61m.[38;2;20;54;57m.[0m
[0m[38;2;13;52;52m.[38;2;8;46;54m.[38;2;10;45;54m.[38;2;1;20;33m [38;2;13;47;63m.[38;2;1;29;48m [38;2;82;136;164ml[38;2;1;10;23m [38;2;11;37;63m.[38;2;23;36;100m.[38;2;203;232;241mX[38;2;2;8;37m [38;2;0;34;70m [38;2;51;95;155m;[38;2;14;61;130m.[38;2;17;60;190m.[38;2;44;144;243ml[38;2;8;107;243m;[38;2;9;160;255ml[38;2;4;167;255ml[38;2;12;187;255mo[38;2;34;201;255mx[38;2;47;216;255mk[38;2;52;219;255mk[38;2;64;225;255mO[38;2;66;229;255mO[38;2;47;243;255mO[38;2;100;235;255m0[38;2;95;246;255m0[38;2;105;246;255mK[38;2;107;249;255mK[38;2;164;255;255mN[38;2;202;255;255mW[38;2;208;254;255mW[38;2;222;253;255mW[38;2;233;250;255mW[38;2;186;234;253mX[38;2;227;224;240mN[38;2;254;235;219mW[38;2;255;235;177mN[38;2;255;237;152mN[38;2;255;233;137mN[38;2;255;234;138mN[38;2;255;232;140mN[38;2;253;214;169mX[38;2;255;229;206mN[38;2;246;235;224mN[38;2;232;241;243mW[38;2;238;244;252mW[38;2;240;246;255mW[38;2;213;246;250mN[38;2;153;219;240m0[38;2;129;142;216md[38;2;30;45;116m.[38;2;61;116;189m:[38;2;57;123;141m:[38;2;14;37;84m.[38;2;10;28;112m.[38;2;112;154;233md[38;2;18;106;233m;[38;2;112;187;255mk[38;2;109;232;255m0[38;2;147;255;255mX[38;2;184;255;255mN[38;2;0;213;255md[38;2;1;74;249m'[38;2;0;15;143m [38;2;0;2;41m [38;2;128;175;205mx[38;2;17;48;59m.[38;2;7;47;63m.[38;2;1;13;11m [38;2;12;37;48m.[38;2;32;75;93m'[38;2;17;54;92m.[38;2;26;62;97m.[38;2;8;27;36m [38;2;90;98;94m;[38;2;43;63;58m.[38;2;25;67;61m.[0m
[0m[38;2;16;46;48m.[38;2;7;45;53m.[38;2;10;46;52m.[38;2;1;24;33m [38;2;12;46;57m.[38;2;2;30;43m [38;2;87;149;168ml[38;2;9;27;43m [38;2;12;45;70m.[38;2;8;13;48m [38;2;187;215;250mK[38;2;25;34;60m.[38;2;6;41;75m.[38;2;25;60;103m.[38;2;64;132;166mc[38;2;2;30;84m [38;2;58;123;190mc[38;2;7;32;128m.[38;2;7;68;195m'[38;2;1;69;199m.[38;2;12;79;219m'[38;2;14;83;234m,[38;2;16;99;236m;[38;2;5;94;243m,[38;2;13;112;246m;[38;2;4;106;250m;[38;2;18;131;249mc[38;2;12;102;244m;[38;2;67;163;255mo[38;2;125;206;246mO[38;2;190;240;250mX[38;2;233;225;241mN[38;2;209;214;242mX[38;2;237;222;245mN[38;2;232;226;235mN[38;2;239;221;233mN[38;2;237;224;212mN[38;2;212;184;179m0[38;2;213;190;156m0[38;2;255;233;180mN[38;2;250;222;149mX[38;2;255;221;152mX[38;2;255;220;160mX[38;2;255;226;115mX[38;2;255;224;118mX[38;2;255;225;124mX[38;2;255;223;119mX[38;2;255;223;136mX[38;2;255;222;151mX[38;2;255;225;153mX[38;2;255;223;145mX[38;2;255;219;124mX[38;2;255;232;127mN[38;2;230;214;91mK[38;2;129;113;81mc[38;2;52;85;105m,[38;2;13;28;87m.[38;2;31;53;132m.[38;2;113;150;202mo[38;2;6;76;240m'[38;2;104;187;255mk[38;2;34;244;255mO[38;2;210;255;255mW[38;2;201;255;255mW[38;2;0;231;255mx[38;2;1;87;255m,[38;2;0;16;141m [38;2;35;49;106m.[38;2;103;139;165ml[38;2;4;41;62m.[38;2;10;51;68m.[38;2;3;15;16m [38;2;7;38;43m.[38;2;26;44;48m.[38;2;19;30;39m [38;2;51;103;107m;[38;2;2;23;24m [38;2;137;145;143mo[38;2;56;94;85m,[38;2;22;68;74m.[0m
[0m[38;2;17;49;48m.[38;2;7;44;54m.[38;2;10;47;58m.[38;2;3;17;29m [38;2;10;45;51m.[38;2;1;29;44m [38;2;79;136;150mc[38;2;6;29;35m [38;2;9;49;67m.[38;2;4;17;30m [38;2;98;127;198ml[38;2;121;135;146ml[38;2;6;30;45m [38;2;6;39;76m.[38;2;41;86;119m,[38;2;50;94;133m,[38;2;55;118;160m:[38;2;5;16;45m [38;2;7;51;104m.[38;2;8;51;109m.[38;2;3;56;114m.[38;2;17;54;146m.[38;2;7;55;144m.[38;2;6;56;151m.[38;2;9;63;163m.[38;2;1;46;170m.[38;2;92;117;186mc[38;2;198;200;201m0[38;2;225;208;197mK[38;2;208;189;181m0[38;2;201;171;179mO[38;2;171;130;179md[38;2;70;78;136m,[38;2;136;108;150mc[38;2;150;122;139ml[38;2;144;103;118mc[38;2;136;108;122mc[38;2;54;43;54m.[38;2;204;173;130mk[38;2;253;229;168mN[38;2;248;205;117mK[38;2;255;217;131mX[38;2;255;220;117mX[38;2;255;227;110mX[38;2;255;224;108mX[38;2;255;226;103mX[38;2;255;226;106mX[38;2;255;227;108mX[38;2;255;226;102mX[38;2;255;226;103mX[38;2;255;225;102mX[38;2;255;217;89mK[38;2;254;212;82mK[38;2;253;223;93mX[38;2;255;237;110mN[38;2;230;218;103mK[38;2;136;129;73ml[38;2;108;117;114mc[38;2;56;82;158m,[38;2;41;102;209m;[38;2;22;98;229m;[38;2;50;218;255mk[38;2;113;219;255m0[38;2;149;234;255mK[38;2;1;158;250mc[38;2;0;46;217m.[38;2;1;9;81m [38;2;119;154;184md[38;2;9;22;31m [38;2;12;55;81m.[38;2;13;52;67m.[38;2;6;16;20m [38;2;7;29;32m [38;2;66;82;69m,[38;2;58;71;63m'[38;2;24;33;27m.[38;2;0;4;2m [38;2;128;138;136mo[38;2;33;53;49m.[38;2;20;55;60m.[0m
[0m[38;2;21;43;46m.[38;2;4;39;48m.[38;2;11;41;47m.[38;2;2;16;14m [38;2;8;38;46m.[38;2;53;94;121m,[38;2;48;106;102m;[38;2;2;10;20m [38;2;7;36;43m [38;2;5;24;27m [38;2;28;42;90m.[38;2;144;194;229mO[38;2;19;31;39m [38;2;4;25;46m [38;2;4;22;38m [38;2;45;86;100m,[38;2;42;86;103m'[38;2;0;6;17m [38;2;10;34;66m.[38;2;6;31;65m [38;2;9;37;68m.[38;2;9;30;74m [38;2;7;31;71m [38;2;4;32;67m [38;2;54;67;99m'[38;2;122;117;141mc[38;2;226;213;156mK[38;2;143;115;86mc[38;2;124;96;88m:[38;2;150;113;105ml[38;2;151;115;92ml[38;2;133;100;86m:[38;2;117;103;113m:[38;2;118;99;89m:[38;2;80;83;117m,[38;2;115;148;192mo[38;2;98;84;76m;[38;2;63;51;37m.[38;2;159;135;116mo[38;2;254;233;156mN[38;2;255;218;116mX[38;2;255;220;110mX[38;2;255;212;97mK[38;2;255;221;106mX[38;2;255;223;106mX[38;2;255;225;103mX[38;2;255;224;103mX[38;2;255;223;95mX[38;2;255;224;102mX[38;2;255;225;99mX[38;2;255;223;102mX[38;2;255;224;98mX[38;2;255;226;100mX[38;2;252;212;85mK[38;2;245;194;79m0[38;2;254;228;105mX[38;2;255;235;105mX[38;2;242;222;94mK[38;2;132;114;91mc[38;2;32;39;75m.[38;2;59;91;176m;[38;2;64;104;164m:[38;2;12;62;163m.[38;2;18;71;179m'[38;2;2;26;125m.[38;2;0;3;60m [38;2;90;117;169mc[38;2;43;54;60m.[38;2;9;20;28m [38;2;16;56;78m.[38;2;18;46;61m.[38;2;9;18;22m [38;2;12;37;48m.[38;2;33;48;54m.[38;2;26;44;48m.[38;2;15;29;31m [38;2;5;26;26m [38;2;76;92;95m;[38;2;21;49;51m.[38;2;27;58;67m.[0m
[0m[38;2;23;44;53m.[38;2;6;42;61m.[38;2;5;30;31m [38;2;2;18;20m [38;2;8;32;46m [38;2;64;115;126m:[38;2;43;103;108m,[38;2;2;9;12m [38;2;1;7;5m [38;2;5;17;19m [38;2;4;13;19m [38;2;56;89;160m;[38;2;122;150;182md[38;2;20;28;26m [38;2;0;1;3m [38;2;0;4;8m [38;2;2;4;10m [38;2;8;23;37m [38;2;11;27;44m [38;2;3;8;25m [38;2;11;16;18m [38;2;65;70;77m'[38;2;66;69;76m'[38;2;124;119;123mc[38;2;215;185;129mO[38;2;188;158;87mx[38;2;118;97;60m:[38;2;98;92;98m;[38;2;95;79;80m,[38;2;123;104;90m:[38;2;122;113;86mc[38;2;91;76;76m,[38;2;3;10;25m [38;2;0;1;4m [38;2;29;61;131m.[38;2;132;202;233mO[38;2;114;85;61m;[38;2;185;138;66mo[38;2;49;48;36m.[38;2;188;164;116mx[38;2;255;242;121mN[38;2;255;221;122mX[38;2;255;217;113mX[38;2;255;219;107mX[38;2;255;224;103mX[38;2;255;224;104mX[38;2;255;225;103mX[38;2;255;222;103mX[38;2;255;222;93mX[38;2;255;224;92mX[38;2;255;224;99mX[38;2;255;222;96mX[38;2;255;226;88mX[38;2;255;225;92mX[38;2;248;216;92mK[38;2;238;192;94m0[38;2;243;196;83m0[38;2;255;230;103mX[38;2;255;241;104mN[38;2;209;186;90mO[38;2;120;120;105mc[38;2;50;57;77m.[38;2;25;36;60m.[38;2;9;15;36m [38;2;0;7;19m [38;2;40;53;75m.[38;2;92;125;148mc[38;2;0;0;0m [38;2;11;25;27m [38;2;18;49;69m.[38;2;9;38;53m.[38;2;13;23;28m [38;2;13;36;45m.[38;2;7;32;41m [38;2;6;29;31m [38;2;13;46;54m.[38;2;6;34;35m [38;2;79;128;139mc[38;2;19;47;63m.[38;2;24;44;47m.[0m
[0m[38;2;20;46;46m.[38;2;6;44;55m.[38;2;4;38;30m [38;2;7;15;15m [38;2;9;31;51m [38;2;63;120;126m:[38;2;43;91;107m,[38;2;3;14;20m [38;2;0;8;8m [38;2;11;44;53m.[38;2;1;23;32m [38;2;6;28;35m [38;2;52;82;147m,[38;2;131;165;206mx[38;2;58;69;69m'[38;2;1;2;1m [38;2;0;2;3m [38;2;10;54;86m.[38;2;12;53;80m.[38;2;1;14;21m [38;2;83;109;117m:[38;2;167;195;205mO[38;2;154;187;191mk[38;2;84;125;137mc[38;2;47;69;93m'[38;2;20;53;92m.[38;2;23;65;95m.[38;2;45;79;125m'[38;2;25;29;57m.[38;2;13;38;76m.[38;2;38;71;124m'[38;2;97;125;173ml[38;2;72;98;161m;[38;2;78;101;146m:[38;2;61;98;157m;[38;2;99;141;204mo[38;2;87;100;144m:[38;2;145;120;117ml[38;2;55;47;22m.[38;2;204;177;108mk[38;2;253;230;117mX[38;2;254;220;98mX[38;2;255;218;90mK[38;2;255;226;105mX[38;2;255;225;102mX[38;2;255;225;94mX[38;2;255;225;98mX[38;2;255;224;96mX[38;2;255;224;94mX[38;2;255;225;88mX[38;2;255;227;96mX[38;2;255;225;88mX[38;2;255;226;94mX[38;2;255;224;92mX[38;2;255;225;93mX[38;2;255;231;90mX[38;2;240;194;72m0[38;2;254;222;90mX[38;2;255;233;92mX[38;2;235;218;87mK[38;2;162;159;65md[38;2;109;116;110mc[38;2;86;122;135mc[38;2;101;137;137ml[38;2;82;107;120m:[38;2;83;113;116m:[38;2;59;72;77m'[38;2;107;108;108m:[38;2;113;124;130mc[38;2;105;119;122mc[38;2;102;110;113m:[38;2;83;97;103m;[38;2;62;78;88m'[38;2;58;73;82m'[38;2;19;29;28m [38;2;7;34;35m [38;2;2;22;24m [38;2;71;115;124m:[38;2;9;25;32m [38;2;13;35;40m [0m
[0m[38;2;18;46;52m.[38;2;7;44;52m.[38;2;5;31;31m [38;2;10;21;24m [38;2;4;32;44m [38;2;66;124;144m:[38;2;42;83;82m'[38;2;5;16;18m [38;2;2;12;14m [38;2;1;19;26m [38;2;8;38;56m.[38;2;2;27;33m [38;2;4;6;9m [38;2;31;52;110m.[38;2;128;170;208mx[38;2;116;133;139ml[38;2;31;34;36m.[38;2;3;38;55m.[38;2;6;47;68m.[38;2;6;33;45m [38;2;5;15;28m [38;2;19;51;70m.[38;2;10;25;39m [38;2;10;22;40m [38;2;66;70;89m'[38;2;154;144;113mo[38;2;183;161;136mx[38;2;158;142;100mo[38;2;208;194;146m0[38;2;195;174;131mk[38;2;146;144;125mo[38;2;69;60;76m'[38;2;54;55;84m.[38;2;51;49;40m.[38;2;76;87;133m;[38;2;114;123;149ml[38;2;101;105;127m:[38;2;171;179;182mk[38;2;195;175;85mk[38;2;255;232;96mX[38;2;253;215;91mK[38;2;255;227;108mX[38;2;255;227;106mX[38;2;255;226;96mX[38;2;255;225;102mX[38;2;255;224;97mX[38;2;255;222;95mX[38;2;255;225;95mX[38;2;255;225;91mX[38;2;255;225;92mX[38;2;255;225;91mX[38;2;255;225;91mX[38;2;255;224;92mX[38;2;255;225;88mX[38;2;255;226;93mX[38;2;255;225;89mX[38;2;255;229;85mX[38;2;234;215;88mK[38;2;161;143;83mo[38;2;105;123;121mc[38;2;97;141;152ml[38;2;110;151;155mo[38;2;110;149;159mo[38;2;92;128;132mc[38;2;123;142;150mo[38;2;173;188;192mO[38;2;228;248;251mW[38;2;229;247;248mW[38;2;227;246;248mW[38;2;228;246;248mW[38;2;229;246;248mW[38;2;231;248;249mW[38;2;233;248;249mW[38;2;235;249;250mW[38;2;204;228;228mX[38;2;195;207;207mK[38;2;191;200;201m0[38;2;178;193;195mO[38;2;150;165;163mx[38;2;146;154;155md[0m
[0m[38;2;27;47;55m.[38;2;8;43;56m.[38;2;7;39;38m.[38;2;5;17;21m [38;2;4;32;49m [38;2;74;141;147mc[38;2;37;80;81m'[38;2;4;11;19m [38;2;12;40;53m.[38;2;6;36;53m [38;2;6;44;58m.[38;2;5;30;38m [38;2;3;11;10m [38;2;1;8;8m [38;2;10;27;44m [38;2;58;94;133m;[38;2;131;163;204mx[38;2;114;140;160mo[38;2;77;91;99m;[38;2;15;39;56m.[38;2;6;37;56m.[38;2;19;56;83m.[38;2;12;32;46m [38;2;17;30;57m.[38;2;73;91;110m;[38;2;105;116;92m:[38;2;150;166;138mx[38;2;165;155;137md[38;2;194;186;183mO[38;2;231;210;173mK[38;2;252;242;203mW[38;2;255;241;200mW[38;2;252;245;188mW[38;2;255;239;174mN[38;2;255;223;166mN[38;2;255;225;146mX[38;2;255;241;139mN[38;2;255;235;117mN[38;2;255;229;104mX[38;2;255;227;110mX[38;2;255;220;95mX[38;2;255;227;108mX[38;2;255;226;103mX[38;2;255;226;98mX[38;2;255;222;97mX[38;2;255;222;99mX[38;2;255;223;88mX[38;2;255;226;90mX[38;2;255;225;94mX[38;2;255;226;92mX[38;2;255;226;90mX[38;2;255;225;95mX[38;2;255;226;93mX[38;2;255;225;83mX[38;2;255;226;83mX[38;2;255;226;81mX[38;2;255;243;85mN[38;2;137;93;53m:[38;2;100;153;159mo[38;2;110;149;144mo[38;2;111;143;156mo[38;2;109;146;156mo[38;2;80;124;131mc[38;2;142;161;161md[38;2;230;249;250mW[38;2;219;244;245mN[38;2;224;241;244mN[38;2;222;242;244mN[38;2;222;241;244mN[38;2;220;241;244mN[38;2;220;241;243mN[38;2;221;241;243mN[38;2;222;242;244mN[38;2;218;241;243mN[38;2;218;240;243mN[38;2;218;241;243mN[38;2;218;241;242mN[38;2;217;241;242mN[38;2;216;242;243mN[38;2;218;242;244mN[0m
[0m[38;2;18;40;48m.[38;2;30;71;93m.[38;2;44;91;83m,[38;2;5;18;17m [38;2;3;33;48m [38;2;73;141;147mc[38;2;35;84;92m'[38;2;15;23;26m [38;2;41;80;88m'[38;2;37;81;85m'[38;2;42;85;91m'[38;2;44;106;110m;[38;2;32;70;77m.[38;2;20;56;55m.[38;2;24;57;73m.[38;2;19;45;50m.[38;2;7;16;35m [38;2;30;69;97m.[38;2;80;106;141m:[38;2;97;120;163mc[38;2;81;120;154mc[38;2;71;100;145m;[38;2;96;124;146mc[38;2;97;135;171ml[38;2;96;140;183ml[38;2;99;125;172ml[38;2;112;150;213md[38;2;137;195;236mO[38;2;119;171;237mx[38;2;106;193;248mk[38;2;138;214;252m0[38;2;135;214;251m0[38;2;143;222;246m0[38;2;168;217;240mK[38;2;203;204;234mK[38;2;205;199;187m0[38;2;184;157;129mx[38;2;238;219;154mX[38;2;251;222;144mX[38;2;254;223;125mX[38;2;255;228;116mX[38;2;255;233;109mX[38;2;255;230;104mX[38;2;255;231;99mX[38;2;255;229;100mX[38;2;255;232;102mX[38;2;255;230;99mX[38;2;255;225;96mX[38;2;251;219;86mK[38;2;241;207;76m0[38;2;238;196;77m0[38;2;226;185;70mO[38;2;222;179;64mk[38;2;219;179;60mk[38;2;225;182;62mO[38;2;238;206;70m0[38;2;190;150;51md[38;2;99;137;124ml[38;2;102;145;139ml[38;2;108;146;131ml[38;2;107;146;150mo[38;2;94;132;131mc[38;2;121;147;143mo[38;2;227;247;248mW[38;2;213;240;242mN[38;2;216;241;242mN[38;2;218;241;243mN[38;2;219;241;243mN[38;2;220;241;243mN[38;2;216;241;242mN[38;2;217;241;243mN[38;2;215;240;241mN[38;2;218;241;243mN[38;2;217;240;242mN[38;2;217;240;242mN[38;2;218;241;243mN[38;2;217;240;242mN[38;2;217;241;242mN[38;2;215;240;242mN[38;2;215;240;242mN[0m
[0m[38;2;39;67;78m.[38;2;74;157;169mo[38;2;18;42;35m.[38;2;4;20;21m [38;2;4;32;52m [38;2;77;143;154ml[38;2;34;80;87m'[38;2;28;47;53m.[38;2;74;163;170mo[38;2;59;140;142mc[38;2;56;134;135mc[38;2;52;143;148mc[38;2;70;143;143mc[38;2;12;45;52m.[38;2;6;39;55m.[38;2;6;42;50m.[38;2;1;23;33m [38;2;6;47;65m.[38;2;11;42;56m.[38;2;5;35;57m [38;2;21;52;84m.[38;2;23;53;102m.[38;2;46;104;153m;[38;2;48;91;176m;[38;2;29;81;203m,[38;2;39;113;251m:[38;2;17;205;255md[38;2;100;236;255m0[38;2;126;252;255mX[38;2;113;248;255mK[38;2;148;253;255mX[38;2;154;255;255mX[38;2;154;255;255mX[38;2;160;254;255mX[38;2;41;222;255mk[38;2;101;149;242md[38;2;113;137;180mo[38;2;136;152;119mo[38;2;158;140;102mo[38;2;164;134;74mo[38;2;162;133;70mo[38;2;170;137;69mo[38;2;188;149;73md[38;2;186;143;59md[38;2;191;146;65md[38;2;190;144;56md[38;2;182;131;51mo[38;2;171;127;37ml[38;2;159;116;38mc[38;2;156;113;32mc[38;2;160;112;38mc[38;2;149;110;43mc[38;2;189;116;28ml[38;2;185;133;38mo[38;2;176;122;36ml[38;2;194;132;34mo[38;2;75;49;15m.[38;2;105;147;135ml[38;2;120;150;139mo[38;2;102;136;128ml[38;2;90;125;131mc[38;2;52;78;82m'[38;2;230;244;242mW[38;2;211;238;237mN[38;2;211;237;239mN[38;2;215;240;241mN[38;2;215;240;243mN[38;2;215;240;242mN[38;2;219;240;242mN[38;2;216;240;243mN[38;2;215;240;243mN[38;2;215;240;243mN[38;2;216;240;243mN[38;2;215;240;241mN[38;2;216;240;242mN[38;2;217;241;242mN[38;2;216;240;242mN[38;2;215;240;241mN[38;2;214;240;241mN[38;2;216;240;242mN[0m
[0m[38;2;77;139;129mc[38;2;22;66;69m.[38;2;2;15;17m [38;2;4;20;24m [38;2;3;36;54m [38;2;72;140;161ml[38;2;38;81;81m'[38;2;28;44;50m.[38;2;74;149;160ml[38;2;58;131;133m:[38;2;56;133;140mc[38;2;57;133;141mc[38;2;60;142;152mc[38;2;58;125;124m:[38;2;12;44;58m.[38;2;4;42;46m.[38;2;0;21;29m [38;2;6;47;65m.[38;2;7;44;60m.[38;2;6;47;63m.[38;2;7;47;69m.[38;2;7;33;65m [38;2;50;108;140m;[38;2;72;164;184mo[38;2;31;75;207m,[38;2;10;102;254m;[38;2;1;231;255mx[38;2;205;255;255mW[38;2;150;255;255mX[38;2;157;255;255mX[38;2;167;255;255mN[38;2;183;255;255mN[38;2;188;255;255mN[38;2;229;255;255mW[38;2;57;244;255mO[38;2;106;149;251md[38;2;16;35;190m.[38;2;49;69;115m'[38;2;109;123;137mc[38;2;104;117;99mc[38;2;88;83;44m,[38;2;95;98;75m;[38;2;96;95;67m;[38;2;93;87;55m,[38;2;112;90;47m;[38;2;118;101;70m:[38;2;141;109;52mc[38;2;125;94;35m;[38;2;132;102;38m:[38;2;142;106;48mc[38;2;155;112;42mc[38;2;109;78;23m,[38;2;123;106;75m:[38;2;82;67;41m'[38;2;98;75;36m,[38;2;142;115;49mc[38;2;37;26;6m [38;2;6;13;17m [38;2;43;55;62m.[38;2;54;77;74m'[38;2;78;102;100m;[38;2;49;71;74m'[38;2;170;193;193mO[38;2;202;235;228mX[38;2;207;234;232mX[38;2;216;242;243mN[38;2;215;240;242mN[38;2;214;240;241mN[38;2;215;240;241mN[38;2;215;240;242mN[38;2;214;240;242mN[38;2;215;240;242mN[38;2;214;240;242mN[38;2;215;240;242mN[38;2;216;240;242mN[38;2;215;240;243mN[38;2;216;240;242mN[38;2;214;240;242mN[38;2;214;240;241mN[38;2;214;239;243mN[0m
[0m[38;2;33;64;59m.[38;2;6;43;55m.[38;2;3;21;22m [38;2;4;15;20m [38;2;1;35;47m [38;2;79;146;167ml[38;2;30;77;63m.[38;2;28;42;55m.[38;2;75;152;163ml[38;2;54;134;138mc[38;2;58;135;142mc[38;2;57;130;137m:[38;2;54;144;143mc[38;2;52;119;124m:[38;2;58;109;116m;[38;2;6;43;45m.[38;2;1;16;19m [38;2;5;47;55m.[38;2;7;43;60m.[38;2;4;41;57m.[38;2;10;39;64m.[38;2;7;39;64m.[38;2;8;25;61m [38;2;37;94;116m,[38;2;53;106;179m;[38;2;20;89;240m,[38;2;17;184;255mo[38;2;97;214;255mO[38;2;85;232;255mO[38;2;76;236;255mO[38;2;74;225;255mO[38;2;67;227;255mO[38;2;50;205;255mx[38;2;39;177;255mo[38;2;71;187;253mx[38;2;114;149;222md[38;2;7;15;114m [38;2;37;91;137m,[38;2;86;149;203mo[38;2;75;130;194mc[38;2;3;14;27m [38;2;17;57;77m.[38;2;10;46;67m.[38;2;9;44;64m.[38;2;1;21;36m [38;2;68;116;179m:[38;2;119;127;131ml[38;2;1;25;39m [38;2;8;34;48m [38;2;15;40;50m.[38;2;22;44;55m.[38;2;0;1;2m [38;2;135;163;184mx[38;2;58;80;98m,[38;2;4;20;32m [38;2;6;22;22m [38;2;4;9;4m [38;2;0;7;14m [38;2;0;6;11m [38;2;0;5;4m [38;2;4;8;6m [38;2;15;20;17m [38;2;71;95;95m;[38;2;100;123;124mc[38;2;141;165;159mx[38;2;210;233;229mX[38;2;226;247;248mW[38;2;218;242;242mN[38;2;214;239;241mN[38;2;215;239;241mN[38;2;214;240;242mN[38;2;215;240;243mN[38;2;215;240;242mN[38;2;216;240;244mN[38;2;214;239;244mN[38;2;214;240;243mN[38;2;215;240;243mN[38;2;214;240;243mN[38;2;214;239;242mN[38;2;215;240;243mN[0m
[0m[38;2;20;44;47m.[38;2;6;48;61m.[38;2;4;22;19m [38;2;7;15;17m [38;2;5;34;48m [38;2;74;143;160ml[38;2;24;62;57m.[38;2;21;28;47m [38;2;49;114;125m;[38;2;41;93;96m,[38;2;40;91;95m,[38;2;44;90;93m,[38;2;46;95;95m,[38;2;59;106;105m;[38;2;40;77;80m'[38;2;40;74;78m'[38;2;37;70;69m.[38;2;2;13;18m [38;2;4;41;50m.[38;2;4;33;45m [38;2;4;40;55m.[38;2;9;40;58m.[38;2;24;53;75m.[38;2;22;55;87m.[38;2;21;56;100m.[38;2;16;65;127m.[38;2;37;103;202m;[38;2;2;48;192m.[38;2;18;95;232m;[38;2;4;98;227m,[38;2;3;81;227m'[38;2;6;88;219m,[38;2;4;71;205m'[38;2;2;40;171m.[38;2;106;162;233md[38;2;106;128;150ml[38;2;0;1;32m [38;2;47;95;117m,[38;2;92;157;227md[38;2;99;125;163mc[38;2;0;2;18m [38;2;8;52;74m.[38;2;9;50;71m.[38;2;9;47;65m.[38;2;1;16;26m [38;2;98;138;189ml[38;2;110;127;128ml[38;2;3;13;16m [38;2;4;20;19m [38;2;3;12;14m [38;2;1;10;9m [38;2;0;0;0m [38;2;102;147;180mo[38;2;73;104;117m;[38;2;1;18;17m [38;2;14;52;58m.[38;2;0;11;12m [38;2;0;7;10m [38;2;0;6;15m [38;2;0;7;4m [38;2;0;7;0m [38;2;0;0;0m [38;2;91;120;118mc[38;2;71;96;96m;[38;2;70;96;91m;[38;2;88;126;123mc[38;2;121;153;154mo[38;2;147;176;175mx[38;2;180;208;213m0[38;2;220;241;242mN[38;2;216;239;240mN[38;2;214;239;240mN[38;2;215;239;241mN[38;2;215;240;242mN[38;2;215;240;243mN[38;2;215;240;242mN[38;2;214;240;243mN[38;2;216;240;243mN[38;2;215;239;243mN[38;2;216;240;244mN[0m
[0m[38;2;15;37;39m.[38;2;5;39;50m.[38;2;1;28;30m [38;2;7;32;45m [38;2;4;28;39m [38;2;67;133;149mc[38;2;36;89;70m'[38;2;0;3;10m [38;2;4;30;37m [38;2;6;34;36m [38;2;9;47;52m.[38;2;18;54;61m.[38;2;21;58;75m.[38;2;28;67;73m.[38;2;24;59;67m.[38;2;42;83;102m'[38;2;87;161;164mo[38;2;0;5;11m [38;2;6;46;59m.[38;2;6;45;56m.[38;2;4;43;60m.[38;2;4;43;60m.[38;2;5;45;63m.[38;2;11;45;68m.[38;2;6;45;74m.[38;2;7;48;83m.[38;2;8;53;105m.[38;2;22;42;94m.[38;2;9;49;123m.[38;2;8;51;110m.[38;2;5;51;115m.[38;2;5;49;117m.[38;2;9;51;101m.[38;2;4;20;71m [38;2;113;162;198md[38;2;107;129;133ml[38;2;1;6;11m [38;2;33;61;87m.[38;2;110;181;238mx[38;2;107;120;131mc[38;2;0;6;10m [38;2;2;17;25m [38;2;2;11;15m [38;2;0;9;9m [38;2;0;4;9m [38;2;127;164;195mx[38;2;78;102;120m;[38;2;11;21;27m [38;2;1;12;12m [38;2;0;1;1m [38;2;0;5;3m [38;2;0;0;0m [38;2;87;126;168mc[38;2;96;124;128mc[38;2;0;18;18m [38;2;15;48;55m.[38;2;5;34;37m [38;2;1;9;9m [38;2;0;7;8m [38;2;0;8;9m [38;2;0;8;2m [38;2;0;3;0m [38;2;89;111;108m:[38;2;73;98;105m;[38;2;71;101;97m;[38;2;85;122;112m:[38;2;96;126;148mc[38;2;87;126;131mc[38;2;77;114;126m:[38;2;107;137;146ml[38;2;140;167;169mx[38;2;159;190;194mO[38;2;199;225;228mX[38;2;221;241;241mN[38;2;211;239;240mN[38;2;211;237;239mN[38;2;215;238;241mN[38;2;215;240;242mN[38;2;216;240;243mN[38;2;215;240;243mN[0m
[0m[38;2;19;43;48m.[38;2;5;45;59m.[38;2;5;43;51m.[38;2;4;42;54m.[38;2;3;26;33m [38;2;62;120;145m:[38;2;45;92;86m,[38;2;1;11;12m [38;2;4;43;58m.[38;2;4;42;50m.[38;2;4;41;47m.[38;2;3;41;50m.[38;2;3;41;53m.[38;2;6;42;54m.[38;2;6;42;50m.[38;2;3;35;45m [38;2;53;97;113m,[38;2;2;12;16m [38;2;6;45;60m.[38;2;6;42;56m.[38;2;6;42;57m.[38;2;4;43;54m.[38;2;5;45;54m.[38;2;5;43;57m.[38;2;4;43;67m.[38;2;7;47;77m.[38;2;6;48;65m.[38;2;45;68;76m.[38;2;12;42;81m.[38;2;4;35;68m.[38;2;8;31;48m [38;2;4;26;46m [38;2;4;19;32m [38;2;2;7;12m [38;2;114;148;205mo[38;2;128;134;138ml[38;2;3;11;22m [38;2;24;48;77m.[38;2;154;190;243mO[38;2;28;43;71m.[38;2;14;53;77m.[38;2;1;22;24m [38;2;0;6;16m [38;2;0;12;23m [38;2;0;8;34m [38;2;146;170;206mx[38;2;45;62;87m.[38;2;12;37;43m.[38;2;1;10;15m [38;2;0;4;1m [38;2;0;4;1m [38;2;0;0;0m [38;2;75;116;156m:[38;2;91;121;128mc[38;2;24;43;51m.[38;2;29;55;51m.[38;2;3;26;31m [38;2;28;60;62m.[38;2;42;70;114m'[38;2;0;7;14m [38;2;0;11;12m [38;2;0;5;4m [38;2;54;78;74m'[38;2;89;139;142ml[38;2;62;87;89m,[38;2;77;101;98m;[38;2;101;130;139ml[38;2;93;129;135mc[38;2;95;127;144mc[38;2;103;130;142ml[38;2;97;130;136mc[38;2;83;116;133m:[38;2;84;127;132mc[38;2;116;150;165mo[38;2;142;174;174mx[38;2;164;194;196mO[38;2;184;218;223mK[38;2;216;240;241mN[38;2;212;237;240mN[38;2;208;235;237mN[0m
[0m[38;2;20;45;50m.[38;2;5;43;53m.[38;2;4;40;53m.[38;2;3;41;51m.[38;2;4;25;41m [38;2;55;101;145m;[38;2;54;108;96m;[38;2;0;8;11m [38;2;4;41;57m.[38;2;4;40;52m.[38;2;2;41;51m.[38;2;3;40;49m.[38;2;4;41;50m.[38;2;4;42;50m.[38;2;2;43;46m.[38;2;3;42;47m.[38;2;5;43;51m.[38;2;2;17;22m [38;2;6;52;65m.[38;2;6;44;55m.[38;2;9;41;48m.[38;2;4;36;47m [38;2;3;36;36m [38;2;2;27;30m [38;2;1;23;31m [38;2;1;17;28m [38;2;3;17;22m [38;2;8;21;27m [38;2;3;23;31m [38;2;0;9;8m [38;2;10;24;34m [38;2;9;29;45m [38;2;3;17;26m [38;2;1;0;0m [38;2;93;136;195ml[38;2;132;145;154mo[38;2;1;10;38m [38;2;41;74;150m'[38;2;187;225;255mX[38;2;3;7;65m [38;2;10;70;157m.[38;2;1;33;123m.[38;2;0;15;112m [38;2;0;18;127m [38;2;10;22;133m.[38;2;152;180;233mk[38;2;14;23;40m [38;2;9;34;55m [38;2;20;37;48m.[38;2;33;67;66m.[38;2;41;65;72m.[38;2;0;6;7m [38;2;70;114;160m:[38;2;70;96;116m;[38;2;28;58;64m.[38;2;58;100;104m;[38;2;4;31;34m [38;2;6;34;43m [38;2;93;137;174ml[38;2;5;11;14m [38;2;20;42;49m.[38;2;67;92;120m;[38;2;4;8;8m [38;2;82;115;119m:[38;2;62;86;85m,[38;2;68;86;84m,[38;2;83;108;109m:[38;2;90;125;125mc[38;2;99;126;138mc[38;2;88;130;136mc[38;2;103;131;137ml[38;2;96;130;146mc[38;2;93;128;138mc[38;2;95;133;137ml[38;2;88;127;139mc[38;2;77;119;119m:[38;2;78;124;136mc[38;2;105;146;153mo[38;2;131;173;175mx[38;2;154;186;195mk[0m
[0m[38;2;20;43;55m.[38;2;5;40;58m.[38;2;4;38;51m.[38;2;3;41;48m.[38;2;1;26;41m [38;2;56;107;155m;[38;2;50;117;107m;[38;2;0;11;20m [38;2;4;41;63m.[38;2;5;42;56m.[38;2;4;45;50m.[38;2;4;44;51m.[38;2;5;39;52m.[38;2;1;36;49m [38;2;2;30;36m [38;2;2;30;30m [38;2;4;26;36m [38;2;1;10;9m [38;2;1;17;15m [38;2;1;12;12m [38;2;26;32;34m.[38;2;50;51;51m.[38;2;51;52;51m.[38;2;49;52;52m.[38;2;51;51;54m.[38;2;51;51;51m.[38;2;43;40;44m.[38;2;49;65;84m.[38;2;27;58;71m.[38;2;25;30;36m [38;2;12;24;33m [38;2;7;30;43m [38;2;1;18;32m [38;2;0;0;0m [38;2;59;97;170m;[38;2;164;197;211mO[38;2;0;0;70m [38;2;54;126;236mc[38;2;171;231;255mX[38;2;3;97;228m,[38;2;14;141;253mc[38;2;35;164;253mo[38;2;66;178;254md[38;2;67;182;255md[38;2;68;196;251mx[38;2;149;204;255m0[38;2;0;10;37m [38;2;35;75;115m'[38;2;55;108;128m;[38;2;80;156;158ml[38;2;57;110;117m;[38;2;0;7;13m [38;2;90;130;177ml[38;2;35;52;70m.[38;2;11;45;48m.[38;2;15;32;37m [38;2;10;33;37m [38;2;5;27;24m [38;2;76;105;142m:[38;2;8;21;26m [38;2;6;14;14m [38;2;126;160;180md[38;2;7;21;26m [38;2;40;59;89m.[38;2;51;62;60m.[38;2;60;80;76m'[38;2;62;92;89m,[38;2;62;95;91m,[38;2;89;119;118m:[38;2;77;125;124mc[38;2;90;122;124mc[38;2;85;126;135mc[38;2;93;126;137mc[38;2;92;128;140mc[38;2;92;130;141mc[38;2;95;132;137mc[38;2;91;130;141mc[38;2;87;126;146mc[38;2;83;126;138mc[38;2;85;120;141mc[0m
[0m[38;2;19;47;60m.[38;2;4;45;60m.[38;2;1;34;50m [38;2;4;40;54m.[38;2;1;29;45m [38;2;53;94;145m;[38;2;51;118;113m;[38;2;0;9;11m [38;2;4;23;30m [38;2;2;22;21m [38;2;1;16;18m [38;2;0;12;9m [38;2;0;5;5m [38;2;0;1;3m [38;2;0;4;1m [38;2;0;5;1m [38;2;2;23;30m [38;2;8;29;39m [38;2;5;31;42m [38;2;0;3;4m [38;2;148;167;186mx[38;2;172;222;226mK[38;2;179;216;225mK[38;2;176;219;228mK[38;2;174;223;228mK[38;2;194;222;226mK[38;2;151;184;199mk[38;2;123;136;151mo[38;2;134;179;183mx[38;2;121;146;153mo[38;2;93;108;127m:[38;2;120;148;160mo[38;2;98;101;108m:[38;2;16;18;19m [38;2;24;42;131m.[38;2;204;248;254mN[38;2;50;109;206m:[38;2;60;197;255mx[38;2;138;251;255mX[38;2;105;253;255mK[38;2;107;255;255mK[38;2;117;255;255mK[38;2;126;255;255mX[38;2;128;255;255mX[38;2;90;228;255mO[38;2;125;189;254mk[38;2;1;27;93m [38;2;1;33;85m.[38;2;42;84;110m'[38;2;48;104;109m;[38;2;59;102;107m;[38;2;1;10;18m [38;2;97;145;208mo[38;2;19;35;39m.[38;2;29;60;65m.[38;2;24;48;58m.[38;2;5;18;24m [38;2;9;38;36m.[38;2;45;64;86m.[38;2;34;56;64m.[38;2;3;9;11m [38;2;129;168;203mx[38;2;11;30;42m [38;2;68;92;128m;[38;2;0;1;0m [38;2;0;3;0m [38;2;14;16;16m [38;2;26;40;38m.[38;2;62;79;84m'[38;2;69;106;108m;[38;2;65;92;97m,[38;2;76;118;114m:[38;2;80;112;125m:[38;2;84;121;134mc[38;2;91;126;134mc[38;2;95;123;135mc[38;2;92;128;144mc[38;2;86;127;144mc[38;2;98;128;148mc[38;2;85;129;148mc[0m
[0m[38;2;13;29;29m [38;2;5;23;29m [38;2;9;15;18m [38;2;1;11;25m [38;2;7;37;52m.[38;2;51;78;127m,[38;2;61;137;128mc[38;2;1;11;3m [38;2;0;7;5m [38;2;11;20;18m [38;2;5;14;20m [38;2;11;25;24m [38;2;1;6;1m [38;2;0;6;0m [38;2;0;4;0m [38;2;1;5;0m [38;2;11;29;40m [38;2;6;45;61m.[38;2;10;47;61m.[38;2;4;12;16m [38;2;15;27;45m [38;2;23;49;74m.[38;2;21;47;90m.[38;2;20;49;99m.[38;2;22;61;119m.[38;2;25;66;138m.[38;2;26;47;94m.[38;2;25;41;77m.[38;2;30;53;71m.[38;2;16;39;47m.[38;2;7;14;37m [38;2;35;96;147m,[38;2;118;153;198md[38;2;169;187;199mO[38;2;11;26;83m [38;2;192;226;255mX[38;2;62;170;255md[38;2;62;225;255mO[38;2;113;253;255mK[38;2;107;255;255mK[38;2;91;255;255mK[38;2;89;255;255mK[38;2;88;255;255mK[38;2;132;255;255mX[38;2;36;209;255mx[38;2;110;151;241md[38;2;7;25;131m.[38;2;6;51;101m.[38;2;13;49;71m.[38;2;23;60;77m.[38;2;31;68;76m.[38;2;6;12;28m [38;2;111;167;212md[38;2;20;46;49m.[38;2;22;47;60m.[38;2;6;42;58m.[38;2;10;27;37m [38;2;9;49;47m.[38;2;19;35;55m.[38;2;64;92;98m,[38;2;0;5;2m [38;2;123;164;198md[38;2;35;58;70m.[38;2;67;94;120m;[38;2;3;3;1m [38;2;0;5;5m [38;2;0;9;1m [38;2;1;2;1m [38;2;13;32;36m [38;2;10;16;26m [38;2;43;57;57m.[38;2;60;96;98m,[38;2;69;109;116m;[38;2;67;109;123m;[38;2;80;114;110m:[38;2;82;116;135m:[38;2;102;128;148ml[38;2;99;128;143mc[38;2;100;129;153ml[38;2;94;131;149ml[0m
