[0m[38;2;26;57;41m.[38;2;9;52;47m.[38;2;12;46;42m.[38;2;1;16;7m [38;2;6;40;49m.[38;2;4;28;37m [38;2;83;160;149mo[38;2;18;42;40m.[38;2;0;5;0m [38;2;4;11;0m [38;2;4;15;5m [38;2;5;19;15m [38;2;8;27;19m [38;2;4;11;20m [38;2;112;168;201md[38;2;109;121;131mc[38;2;2;10;7m [38;2;8;51;56m.[38;2;9;55;74m.[38;2;8;52;87m.[38;2;9;52;99m.[38;2;15;57;106m.[38;2;13;57;136m.[38;2;15;63;157m.[38;2;24;65;184m'[38;2;17;66;198m'[38;2;74;187;250mx[38;2;16;91;237m,[38;2;31;163;254mo[38;2;63;179;255md[38;2;67;220;255mk[38;2;97;249;255mK[38;2;104;255;255mK[38;2;117;255;255mK[38;2;97;255;255mK[38;2;147;255;255mX[38;2;22;224;255mx[38;2;67;183;255mx[38;2;58;124;224mc[38;2;6;47;156m.[38;2;18;49;139m.[38;2;30;65;184m'[38;2;155;166;220mk[38;2;9;52;202m.[38;2;0;141;255mc[38;2;118;255;255mK[38;2;85;227;255mO[38;2;128;255;255mX[38;2;104;255;255mK[38;2;93;228;255mO[38;2;55;187;255md[38;2;15;150;253ml[38;2;3;95;242m,[38;2;9;95;238m,[38;2;4;72;227m'[38;2;8;47;188m.[38;2;29;63;173m'[38;2;1;19;83m [38;2;68;112;194m:[38;2;10;39;80m.[38;2;8;34;67m.[38;2;9;34;56m [38;2;12;34;46m [38;2;11;50;63m.[38;2;1;42;47m.[38;2;19;47;64m.[38;2;3;30;44m [38;2;22;48;50m.[38;2;10;52;63m.[38;2;14;58;63m.[38;2;3;33;39m [38;2;21;50;56m.[38;2;12;49;45m.[38;2;1;9;0m [38;2;1;31;25m [38;2;7;45;46m.[38;2;14;46;52m.[38;2;8;44;37m.[38;2;20;47;46m.[38;2;1;54;40m.[0m
[0m[38;2;19;57;43m.[38;2;9;52;52m.[38;2;8;35;29m [38;2;0;13;13m [38;2;4;40;45m.[38;2;1;30;37m [38;2;83;158;158mo[38;2;11;30;24m [38;2;0;7;5m [38;2;0;9;0m [38;2;0;4;1m [38;2;0;4;0m [38;2;0;3;0m [38;2;23;38;52m.[38;2;206;228;247mX[38;2;15;17;21m [38;2;5;15;13m [38;2;2;18;17m [38;2;4;28;24m [38;2;4;28;40m [38;2;5;39;49m.[38;2;6;42;64m.[38;2;8;46;90m.[38;2;14;54;109m.[38;2;12;54;109m.[38;2;13;52;136m.[38;2;36;98;172m;[38;2;19;34;140m.[38;2;23;64;192m'[38;2;7;69;212m'[38;2;10;92;232m,[38;2;19;107;240m;[38;2;21;147;252mc[38;2;42;167;255mo[38;2;56;188;255md[38;2;97;241;255m0[38;2;21;186;253mo[38;2;70;174;253md[38;2;88;172;239md[38;2;17;53;161m.[38;2;7;29;120m.[38;2;31;71;199m'[38;2;142;158;214mx[38;2;7;54;210m.[38;2;14;149;255mc[38;2;118;255;255mK[38;2;122;228;255m0[38;2;70;255;255m0[38;2;127;255;255mX[38;2;124;255;255mX[38;2;131;255;255mX[38;2;90;255;255mK[38;2;76;243;255m0[38;2;80;224;255mO[38;2;45;181;255md[38;2;7;130;251m:[38;2;7;86;241m,[38;2;1;23;152m.[38;2;93;149;232mo[38;2;6;34;84m.[38;2;10;35;69m.[38;2;7;37;74m.[38;2;52;78;96m'[38;2;55;67;68m.[38;2;59;79;88m'[38;2;62;77;86m'[38;2;47;69;70m.[38;2;35;62;66m.[38;2;18;46;65m.[38;2;9;48;58m.[38;2;0;23;25m [38;2;8;47;54m.[38;2;8;34;39m [38;2;0;4;3m [38;2;2;37;35m [38;2;5;36;40m [38;2;8;34;45m [38;2;11;30;31m [38;2;10;45;52m.[38;2;5;45;46m.[0m
[0m[38;2;24;55;50m.[38;2;9;50;55m.[38;2;10;38;32m.[38;2;2;15;18m [38;2;2;43;49m.[38;2;4;26;40m [38;2;87;159;157mo[38;2;3;19;27m [38;2;6;27;33m [38;2;6;26;28m [38;2;5;19;25m [38;2;7;28;34m [38;2;0;2;6m [38;2;150;177;194mk[38;2;102;111;131mc[38;2;7;26;41m [38;2;7;35;42m [38;2;0;2;0m [38;2;2;8;2m [38;2;4;3;5m [38;2;2;6;8m [38;2;2;2;6m [38;2;5;9;22m [38;2;9;17;33m [38;2;5;23;47m [38;2;8;27;67m [38;2;10;39;88m.[38;2;5;15;73m [38;2;19;57;136m.[38;2;16;56;157m.[38;2;20;61;166m.[38;2;26;55;174m.[38;2;13;64;194m.[38;2;23;60;204m'[38;2;7;57;205m.[38;2;55;143;224ml[38;2;33;68;170m'[38;2;25;70;180m'[38;2;50;101;179m;[38;2;42;83;168m,[38;2;19;32;118m.[38;2;43;80;200m,[38;2;105;130;189ml[38;2;6;59;227m.[38;2;17;156;255ml[38;2;123;255;255mX[38;2;133;245;255mK[38;2;86;255;255mK[38;2;99;255;255mK[38;2;104;255;255mK[38;2;117;255;255mK[38;2;96;255;255mK[38;2;102;255;255mK[38;2;98;255;255mK[38;2;134;255;255mX[38;2;115;255;255mK[38;2;9;156;255ml[38;2;18;76;233m,[38;2;129;183;255mk[38;2;6;32;95m.[38;2;16;29;87m.[38;2;7;27;72m [38;2;66;96;105m;[38;2;69;92;109m;[38;2;74;97;111m;[38;2;74;93;102m;[38;2;69;94;93m,[38;2;49;77;88m'[38;2;85;101;125m:[38;2;62;83;104m,[38;2;4;30;25m [38;2;9;24;26m [38;2;2;14;18m [38;2;7;40;40m.[38;2;12;51;58m.[38;2;8;31;32m [38;2;18;48;47m.[38;2;15;29;25m [38;2;11;43;51m.[38;2;7;45;55m.[0m
[0m[38;2;29;58;54m.[38;2;14;50;51m.[38;2;12;39;39m.[38;2;10;16;18m [38;2;9;46;53m.[38;2;4;29;38m [38;2;77;162;162mo[38;2;11;31;45m [38;2;2;10;10m [38;2;7;44;50m.[38;2;2;13;17m [38;2;9;33;35m [38;2;70;98;127m;[38;2;209;221;229mX[38;2;3;14;26m [38;2;6;46;64m.[38;2;3;32;47m [38;2;11;34;55m.[38;2;14;38;66m.[38;2;11;26;40m [38;2;10;13;21m [38;2;44;51;56m.[38;2;40;52;58m.[38;2;39;50;61m.[38;2;43;53;58m.[38;2;44;49;58m.[38;2;40;49;63m.[38;2;39;41;65m.[38;2;24;34;89m.[38;2;35;48;99m.[38;2;32;37;83m.[38;2;14;25;95m.[38;2;8;28;111m.[38;2;18;39;127m.[38;2;15;44;143m.[38;2;27;72;153m'[38;2;27;52;108m.[38;2;20;55;147m.[38;2;18;61;145m.[38;2;19;55;134m.[38;2;0;3;89m [38;2;76;123;216mc[38;2;96;126;175ml[38;2;31;93;222m;[38;2;48;158;252mo[38;2;65;170;250md[38;2;150;247;255mX[38;2;83;251;255m0[38;2;107;255;255mK[38;2;98;255;255mK[38;2;86;255;255mK[38;2;83;255;255mK[38;2;102;255;255mK[38;2;75;255;255m0[38;2;104;255;255mK[38;2;133;255;255mX[38;2;4;164;255ml[38;2;45;149;254ml[38;2;120;164;252mx[38;2;0;22;87m [38;2;19;41;97m.[38;2;9;39;93m.[38;2;10;39;60m.[38;2;1;31;60m [38;2;16;47;77m.[38;2;8;44;61m.[38;2;5;40;54m.[38;2;11;45;59m.[38;2;9;31;51m [38;2;109;126;152ml[38;2;24;32;44m.[38;2;3;23;22m [38;2;9;46;55m.[38;2;9;61;62m.[38;2;6;41;50m.[38;2;0;3;4m [38;2;47;72;66m.[38;2;31;61;62m.[38;2;13;45;51m.[38;2;8;39;53m.[0m
[0m[38;2;30;51;50m.[38;2;9;49;60m.[38;2;10;32;32m [38;2;6;21;26m [38;2;7;48;58m.[38;2;4;30;39m [38;2;82;161;166mo[38;2;15;44;44m.[38;2;13;35;45m.[38;2;4;15;22m [38;2;10;22;26m [38;2;23;36;69m.[38;2;214;233;252mN[38;2;52;65;74m.[38;2;0;39;51m.[38;2;4;45;64m.[38;2;2;26;35m [38;2;12;46;76m.[38;2;13;50;85m.[38;2;4;17;32m [38;2;67;89;94m,[38;2;159;210;217m0[38;2;154;191;211mO[38;2;151;192;208mO[38;2;151;191;207mO[38;2;161;185;214mO[38;2;133;168;200mx[38;2;145;149;207md[38;2;100;132;199ml[38;2;122;166;203mx[38;2;121;132;189mo[38;2;117;136;162mo[38;2;62;77;141m,[38;2;84;95;131m;[38;2;26;29;78m.[38;2;3;12;71m [38;2;0;9;56m [38;2;10;29;101m.[38;2;11;37;81m.[38;2;14;35;95m.[38;2;0;15;99m [38;2;123;168;243mx[38;2;58;77;156m,[38;2;12;48;149m.[38;2;70;125;229mc[38;2;8;36;174m.[38;2;208;252;255mW[38;2;4;106;238m;[38;2;39;175;255mo[38;2;52;196;255mx[38;2;62;240;255mO[38;2;77;236;255mO[38;2;109;255;255mK[38;2;113;255;255mK[38;2;93;255;255mK[38;2;126;255;255mX[38;2;3;148;255mc[38;2;13;77;249m,[38;2;130;163;244mx[38;2;10;31;91m.[38;2;57;100;153m;[38;2;15;51;102m.[38;2;14;48;87m.[38;2;64;101;134m;[38;2;9;43;56m.[38;2;6;28;43m [38;2;3;36;53m [38;2;4;34;43m [38;2;10;36;44m.[38;2;39;56;88m.[38;2;78;94;122m;[38;2;7;48;48m.[38;2;10;51;63m.[38;2;9;45;42m.[38;2;32;49;43m.[38;2;35;63;63m.[38;2;20;54;62m.[38;2;9;43;63m.[38;2;11;48;61m.[38;2;14;40;48m.[0m
[0m[38;2;21;52;50m.[38;2;7;50;56m.[38;2;7;33;26m [38;2;3;22;27m [38;2;6;48;52m.[38;2;2;30;39m [38;2;86;163;162mo[38;2;4;21;19m [38;2;34;78;73m'[38;2;41;65;71m.[38;2;17;33;49m.[38;2;130;160;198md[38;2;120;135;150ml[38;2;22;47;53m.[38;2;25;58;71m.[38;2;31;69;85m.[38;2;6;15;34m [38;2;15;55;74m.[38;2;7;46;71m.[38;2;6;30;55m [38;2;4;16;23m [38;2;16;48;68m.[38;2;12;35;52m.[38;2;18;31;60m.[38;2;8;27;82m [38;2;13;31;98m.[38;2;12;27;106m.[38;2;25;52;185m.[38;2;14;52;171m.[38;2;8;34;175m.[38;2;19;56;199m.[38;2;16;64;205m'[38;2;41;66;198m'[38;2;112;129;213mo[38;2;181;208;239mK[38;2;89;103;142m:[38;2;4;12;85m [38;2;3;19;101m [38;2;0;15;66m [38;2;0;4;31m [38;2;15;30;107m.[38;2;156;192;253mO[38;2;8;13;39m [38;2;7;10;62m [38;2;20;36;97m.[38;2;18;39;148m.[38;2;233;255;255mW[38;2;2;23;115m [38;2;23;58;195m.[38;2;9;66;227m'[38;2;29;130;243mc[38;2;3;90;240m,[38;2;20;146;250mc[38;2;49;172;255mo[38;2;53;184;255md[38;2;78;210;255mk[38;2;6;92;243m,[38;2;16;64;205m'[38;2;118;148;226md[38;2;23;43;94m.[38;2;54;88;115m,[38;2;55;118;145m:[38;2;2;39;71m.[38;2;29;69;96m.[38;2;9;44;65m.[38;2;9;30;34m [38;2;6;36;51m [38;2;13;50;61m.[38;2;3;22;34m [38;2;43;64;98m.[38;2;71;93;124m;[38;2;13;49;59m.[38;2;15;39;46m.[38;2;36;52;49m.[38;2;37;62;62m.[38;2;9;44;53m.[38;2;9;50;59m.[38;2;5;49;59m.[38;2;10;46;55m.[38;2;11;39;54m.[0m
[0m[38;2;26;51;52m.[38;2;11;50;63m.[38;2;9;23;32m [38;2;3;20;27m [38;2;5;49;58m.[38;2;4;30;36m [38;2;88;169;174md[38;2;0;5;11m [38;2;6;47;62m.[38;2;4;40;35m [38;2;25;44;116m.[38;2;178;201;222m0[38;2;5;14;11m [38;2;66;124;130m:[38;2;63;131;155mc[38;2;83;143;168ml[38;2;18;30;51m [38;2;54;86;112m,[38;2;27;64;86m.[38;2;34;65;94m.[38;2;28;65;105m.[38;2;36;65;109m.[38;2;27;52;82m.[38;2;26;53;98m.[38;2;19;43;127m.[38;2;17;43;171m.[38;2;1;42;198m.[38;2;7;137;255mc[38;2;5;144;255mc[38;2;4;122;250m:[38;2;4;135;255m:[38;2;3;122;253m:[38;2;14;121;250m:[38;2;0;44;213m.[38;2;25;86;247m,[38;2;188;231;255mX[38;2;60;75;192m,[38;2;12;64;193m.[38;2;7;30;119m.[38;2;11;19;87m [38;2;13;55;166m.[38;2;158;222;255mK[38;2;1;7;25m [38;2;17;52;119m.[38;2;5;13;67m [38;2;9;51;170m.[38;2;228;243;255mW[38;2;0;2;6m [38;2;0;9;62m [38;2;2;15;89m [38;2;1;24;101m [38;2;4;24;119m.[38;2;14;37;145m.[38;2;12;51;170m.[38;2;6;49;179m.[38;2;14;62;189m.[38;2;8;25;123m.[38;2;24;70;144m'[38;2;84;131;185ml[38;2;27;52;103m.[38;2;46;75;100m'[38;2;56;126;157m:[38;2;3;37;65m.[38;2;8;44;69m.[38;2;3;36;41m [38;2;1;6;2m [38;2;5;13;13m [38;2;11;29;29m [38;2;4;26;32m [38;2;44;75;111m'[38;2;77;98;126m;[38;2;6;12;16m [38;2;31;48;52m.[38;2;11;37;42m.[38;2;10;39;51m.[38;2;4;42;46m.[38;2;9;50;56m.[38;2;7;41;52m.[38;2;8;43;52m.[38;2;11;47;56m.[0m
[0m[38;2;22;51;52m.[38;2;11;49;72m.[38;2;7;30;27m [38;2;0;21;25m [38;2;3;46;62m.[38;2;4;32;43m [38;2;90;163;181mo[38;2;0;5;8m [38;2;7;50;56m.[38;2;6;21;30m [38;2;106;143;218mo[38;2;76;96;99m;[38;2;1;30;38m [38;2;21;53;67m.[38;2;83;160;176mo[38;2;80;147;168ml[38;2;16;38;46m.[38;2;57;109;132m;[38;2;7;41;73m.[38;2;14;50;88m.[38;2;10;50;98m.[38;2;7;43;103m.[38;2;10;45;125m.[38;2;76;148;231mo[38;2;72;157;245mo[38;2;73;183;255mx[38;2;14;179;255mo[38;2;116;249;255mK[38;2;125;251;255mK[38;2;128;255;255mX[38;2;96;250;255mK[38;2;82;249;255m0[38;2;69;240;255mO[38;2;48;205;255mx[38;2;22;171;255mo[38;2;98;222;255mO[38;2;110;149;246md[38;2;10;76;231m'[38;2;10;27;144m.[38;2;12;27;112m.[38;2;38;88;227m;[38;2;186;224;245mX[38;2;2;14;47m [38;2;25;59;133m.[38;2;2;18;62m [38;2;7;33;124m.[38;2;224;251;255mW[38;2;0;4;10m [38;2;0;19;41m [38;2;13;34;85m.[38;2;4;37;68m.[38;2;7;23;62m [38;2;0;12;42m [38;2;0;3;34m [38;2;0;4;21m [38;2;0;15;37m [38;2;2;9;26m [38;2;3;18;31m [38;2;94;122;169mc[38;2;13;36;72m.[38;2;17;30;47m [38;2;12;47;64m.[38;2;14;54;86m.[38;2;19;55;95m.[38;2;4;19;23m [38;2;0;8;1m [38;2;0;11;2m [38;2;0;8;0m [38;2;0;3;1m [38;2;74;95;124m;[38;2;52;66;101m'[38;2;18;35;39m.[38;2;10;53;60m.[38;2;11;48;60m.[38;2;7;37;47m.[38;2;13;40;49m.[38;2;10;40;46m.[38;2;12;46;55m.[38;2;13;49;54m.[38;2;12;48;56m.[0m
[0m[38;2;22;52;51m.[38;2;10;52;60m.[38;2;12;30;27m [38;2;7;22;32m [38;2;3;50;60m.[38;2;6;28;44m [38;2;88;177;168md[38;2;1;7;11m [38;2;9;49;49m.[38;2;22;39;64m.[38;2;160;191;244mO[38;2;2;19;20m [38;2;7;50;52m.[38;2;4;29;46m [38;2;60;125;134m:[38;2;75;151;159ml[38;2;16;27;36m [38;2;99;177;187md[38;2;5;33;69m [38;2;12;49;94m.[38;2;11;52;95m.[38;2;9;58;118m.[38;2;10;43;133m.[38;2;49;114;221m:[38;2;78;177;255md[38;2;83;202;255mk[38;2;6;222;255mx[38;2;147;255;255mX[38;2;176;255;255mN[38;2;178;255;255mN[38;2;175;255;255mN[38;2;174;255;255mN[38;2;185;255;255mN[38;2;174;255;255mN[38;2;209;255;255mW[38;2;76;255;255m0[38;2;79;183;255mx[38;2;12;105;254m;[38;2;36;93;225m;[38;2;7;29;144m.[38;2;64;133;243ml[38;2;157;172;209mk[38;2;14;27;74m [38;2;24;57;105m.[38;2;9;25;54m [38;2;6;30;91m.[38;2;201;234;254mN[38;2;0;1;3m [38;2;11;30;47m [38;2;9;53;98m.[38;2;5;33;68m [38;2;10;34;59m.[38;2;19;33;46m.[38;2;104;132;134ml[38;2;99;125;122mc[38;2;93;119;122mc[38;2;78;106;115m:[38;2;53;71;74m'[38;2;93;116;127mc[38;2;37;55;68m.[38;2;45;56;75m.[38;2;26;31;36m.[38;2;1;13;18m [38;2;7;26;40m [38;2;2;12;15m [38;2;0;5;9m [38;2;0;7;6m [38;2;1;7;6m [38;2;1;2;0m [38;2;111;135;145ml[38;2;21;51;76m.[38;2;11;43;45m.[38;2;8;41;46m.[38;2;11;46;56m.[38;2;7;49;58m.[38;2;13;37;45m.[38;2;12;42;51m.[38;2;7;49;59m.[38;2;11;49;54m.[38;2;10;47;53m.[0m
[0m[38;2;19;49;48m.[38;2;6;40;59m.[38;2;8;28;28m [38;2;2;27;30m [38;2;9;48;60m.[38;2;4;29;41m [38;2;92;163;161mo[38;2;1;14;16m [38;2;7;37;39m [38;2;30;53;102m.[38;2;180;219;241mK[38;2;0;20;20m [38;2;7;50;61m.[38;2;8;46;59m.[38;2;19;52;69m.[38;2;87;168;171mo[38;2;24;38;47m.[38;2;95;188;191mx[38;2;42;84;113m'[38;2;6;42;78m.[38;2;13;51;109m.[38;2;18;59;124m.[38;2;15;48;150m.[38;2;21;82;196m,[38;2;89;185;255mx[38;2;65;205;255mk[38;2;3;234;255mx[38;2;191;255;255mN[38;2;199;255;255mW[38;2;180;255;255mN[38;2;185;255;255mN[38;2;183;255;255mN[38;2;172;255;255mN[38;2;166;255;255mN[38;2;229;255;255mW[38;2;104;255;255mK[38;2;85;216;255mO[38;2;44;150;252ml[38;2;15;61;233m'[38;2;5;45;187m.[38;2;156;215;255m0[38;2;118;139;159mo[38;2;52;109;158m;[38;2;79;153;190mo[38;2;2;8;21m [38;2;13;34;98m.[38;2;196;225;244mX[38;2;11;18;28m [38;2;16;38;68m.[38;2;13;47;77m.[38;2;7;27;46m [38;2;14;43;62m.[38;2;4;21;35m [38;2;8;30;32m [38;2;7;14;10m [38;2;1;13;10m [38;2;11;38;53m.[38;2;4;24;49m [38;2;89;111;142m:[38;2;4;30;45m [38;2;5;16;54m [38;2;152;164;206mx[38;2;24;33;72m.[38;2;11;34;93m.[38;2;2;10;37m [38;2;5;11;22m [38;2;6;8;11m [38;2;6;7;5m [38;2;1;0;0m [38;2;144;175;216mk[38;2;8;30;45m [38;2;4;6;5m [38;2;16;50;58m.[38;2;9;50;58m.[38;2;12;55;61m.[38;2;19;52;55m.[38;2;9;34;43m [38;2;21;54;55m.[38;2;11;41;46m.[38;2;12;49;52m.[0m
[0m[38;2;42;76;72m'[38;2;32;70;82m.[38;2;38;81;74m'[38;2;9;26;33m [38;2;13;51;57m.[38;2;5;35;35m [38;2;87;157;157mo[38;2;5;17;19m [38;2;29;64;66m.[38;2;30;55;112m.[38;2;164;191;208mO[38;2;22;48;46m.[38;2;29;75;73m.[38;2;29;73;79m.[38;2;27;65;71m.[38;2;65;128;130m:[38;2;47;72;75m'[38;2;58;123;120m:[38;2;89;159;180mo[38;2;24;62;95m.[38;2;21;63;107m.[38;2;24;59;122m.[38;2;11;57;145m.[38;2;7;54;194m.[38;2;76;170;249md[38;2;55;210;255mk[38;2;0;244;255mk[38;2;235;255;255mW[38;2;210;255;255mW[38;2;191;255;255mN[38;2;185;255;255mN[38;2;186;255;255mN[38;2;187;255;255mN[38;2;173;255;255mN[38;2;196;255;255mN[38;2;98;253;255mK[38;2;83;212;255mk[38;2;66;188;255mx[38;2;36;107;225m:[38;2;27;71;199m'[38;2;249;255;255mM[38;2;41;66;124m'[38;2;10;44;112m.[38;2;91;169;209md[38;2;0;8;27m [38;2;4;23;80m [38;2;180;204;232m0[38;2;8;23;45m [38;2;12;52;89m.[38;2;12;51;94m.[38;2;6;27;47m [38;2;41;83;102m'[38;2;21;52;87m.[38;2;47;91;114m,[38;2;62;118;141m:[38;2;49;78;82m'[38;2;11;29;52m [38;2;9;34;79m.[38;2;123;165;219mx[38;2;13;50;109m.[38;2;7;32;165m.[38;2;79;163;235md[38;2;38;119;224m:[38;2;19;120;232m:[38;2;0;57;189m.[38;2;0;20;137m [38;2;2;16;78m [38;2;2;9;26m [38;2;43;50;74m.[38;2;100;127;160ml[38;2;8;47;55m.[38;2;3;11;9m [38;2;16;44;57m.[38;2;9;32;39m [38;2;13;44;52m.[38;2;5;35;36m [38;2;10;39;42m.[38;2;19;50;54m.[38;2;31;54;65m.[38;2;24;61;66m.[0m
[0m[38;2;26;53;54m.[38;2;14;48;63m.[38;2;9;54;55m.[38;2;1;22;31m [38;2;8;55;59m.[38;2;5;34;46m [38;2;79;150;153ml[38;2;2;12;14m [38;2;7;44;40m.[38;2;26;46;94m.[38;2;207;237;245mN[38;2;0;11;5m [38;2;2;30;38m [38;2;54;107;106m;[38;2;17;46;60m.[38;2;14;47;60m.[38;2;74;132;160mc[38;2;8;15;19m [38;2;39;86;102m'[38;2;40;82;128m'[38;2;39;86;130m,[38;2;38;76;124m'[38;2;29;90;143m,[38;2;38;89;172m,[38;2;48;104;227m:[38;2;38;141;254ml[38;2;32;219;255mx[38;2;105;227;255m0[38;2;102;251;255mK[38;2;111;255;255mK[38;2;131;255;255mX[38;2;131;255;255mX[38;2;139;255;255mX[38;2;147;255;255mX[38;2;117;254;255mK[38;2;90;235;255m0[38;2;67;194;255mx[38;2;63;169;252md[38;2;52;143;213ml[38;2;102;140;213mo[38;2;193;233;252mX[38;2;0;20;69m [38;2;4;53;121m.[38;2;28;73;124m'[38;2;4;30;45m [38;2;4;26;78m [38;2;168;194;224mO[38;2;6;25;42m [38;2;11;56;83m.[38;2;11;54;89m.[38;2;4;26;39m [38;2;110;168;185md[38;2;14;50;87m.[38;2;4;36;56m.[38;2;57;130;164mc[38;2;69;120;138m:[38;2;13;28;60m [38;2;3;20;91m [38;2;121;173;249mx[38;2;21;70;193m'[38;2;2;133;255m:[38;2;113;254;255mK[38;2;119;248;255mK[38;2;208;255;255mW[38;2;0;222;255mx[38;2;1;76;251m'[38;2;0;20;165m.[38;2;0;3;44m [38;2;142;180;216mk[38;2;17;48;80m.[38;2;15;49;70m.[38;2;2;16;12m [38;2;7;37;54m.[38;2;37;82;95m'[38;2;21;65;105m.[38;2;23;62;91m.[38;2;11;33;44m [38;2;99;102;100m:[38;2;44;69;68m.[38;2;30;77;81m.[0m
[0m[38;2;21;53;55m.[38;2;10;51;62m.[38;2;14;54;63m.[38;2;0;23;35m [38;2;19;51;63m.[38;2;3;33;38m [38;2;91;166;167mo[38;2;6;34;42m [38;2;7;52;55m.[38;2;8;15;46m [38;2;185;220;249mK[38;2;32;52;55m.[38;2;7;36;51m.[38;2;24;60;68m.[38;2;82;146;154ml[38;2;5;26;44m [38;2;63;127;145mc[38;2;3;10;15m [38;2;12;53;74m.[38;2;9;53;80m.[38;2;11;53;93m.[38;2;12;49;97m.[38;2;13;52;100m.[38;2;14;63;115m.[38;2;11;56;154m.[38;2;19;67;204m'[38;2;33;115;231m:[38;2;15;90;244m,[38;2;13;128;252m:[38;2;8;143;255mc[38;2;7;154;255mc[38;2;7;160;254ml[38;2;2;169;255ml[38;2;5;161;255ml[38;2;16;159;254ml[38;2;110;195;255mk[38;2;32;85;230m,[38;2;17;94;196m,[38;2;15;42;152m.[38;2;180;214;250mK[38;2;35;77;142m'[38;2;18;55;114m.[38;2;30;68;130m'[38;2;39;97;130m,[38;2;22;42;57m.[38;2;3;18;63m [38;2;157;180;208mk[38;2;24;52;66m.[38;2;36;75;119m'[38;2;36;82;114m'[38;2;23;47;65m.[38;2;75;128;137mc[38;2;68;123;163mc[38;2;10;43;70m.[38;2;12;42;76m.[38;2;48;81;113m'[38;2;8;28;70m [38;2;21;38;107m.[38;2;119;141;208mo[38;2;3;66;232m'[38;2;46;159;255mo[38;2;81;247;255m0[38;2;183;255;255mN[38;2;221;255;255mW[38;2;0;243;255mk[38;2;2;118;255m:[38;2;0;22;184m.[38;2;33;49;131m.[38;2;110;151;173mo[38;2;11;40;79m.[38;2;15;50;77m.[38;2;3;15;19m [38;2;10;35;45m [38;2;29;44;55m.[38;2;20;37;46m.[38;2;53;103;112m;[38;2;5;29;30m [38;2;137;147;143mo[38;2;62;100;92m;[38;2;32;74;85m.[0m
[0m[38;2;17;55;55m.[38;2;10;51;61m.[38;2;12;54;55m.[38;2;2;18;19m [38;2;17;54;60m.[38;2;2;33;44m [38;2;82;150;148ml[38;2;4;30;29m [38;2;8;52;58m.[38;2;2;16;32m [38;2;102;141;200mo[38;2;127;147;151mo[38;2;3;26;34m [38;2;4;42;49m.[38;2;45;87;99m,[38;2;56;108;118m;[38;2;59;126;137m:[38;2;4;10;21m [38;2;12;51;72m.[38;2;10;53;68m.[38;2;10;51;79m.[38;2;11;51;91m.[38;2;7;51;88m.[38;2;12;51;99m.[38;2;14;51;124m.[38;2;17;57;144m.[38;2;14;67;143m.[38;2;13;38;140m.[38;2;18;60;185m.[38;2;13;71;188m'[38;2;17;76;203m'[38;2;11;73;200m'[38;2;12;79;211m'[38;2;18;64;198m'[38;2;30;94;233m;[38;2;140;202;255mO[38;2;7;35;154m.[38;2;2;58;152m.[38;2;36;66;180m'[38;2;171;199;217m0[38;2;1;3;52m [38;2;8;51;125m.[38;2;13;56;110m.[38;2;14;74;116m.[38;2;36;67;89m.[38;2;5;25;92m [38;2;155;171;201mk[38;2;3;28;57m [38;2;19;54;94m.[38;2;23;67;101m.[38;2;55;100;129m;[38;2;14;28;41m [38;2;27;65;102m.[38;2;31;68;101m.[38;2;30;67;101m.[38;2;49;93;116m,[38;2;6;16;57m [38;2;100;118;142mc[38;2;66;98;161m;[38;2;38;103;221m;[38;2;28;81;238m,[38;2;77;230;255mO[38;2;127;223;255m0[38;2;130;242;255mK[38;2;2;173;252ml[38;2;0;58;231m.[38;2;2;13;126m [38;2;126;160;206md[38;2;9;26;44m [38;2;14;57;109m.[38;2;15;55;75m.[38;2;6;17;22m [38;2;9;30;39m [38;2;68;88;83m,[38;2;66;78;72m'[38;2;27;34;32m.[38;2;0;1;0m [38;2;136;149;144mo[38;2;35;62;63m.[38;2;28;61;68m.[0m
[0m[38;2;23;49;51m.[38;2;7;45;48m.[38;2;14;43;45m.[38;2;2;14;13m [38;2;9;43;51m.[38;2;52;103;119m;[38;2;61;115;109m;[38;2;0;8;10m [38;2;6;36;40m [38;2;5;23;24m [38;2;27;47;86m.[38;2;154;203;234m0[38;2;27;41;46m.[38;2;6;28;34m [38;2;6;28;28m [38;2;45;97;98m,[38;2;43;97;93m,[38;2;0;2;12m [38;2;8;40;44m.[38;2;4;36;42m [38;2;8;37;45m.[38;2;8;34;46m [38;2;7;38;48m.[38;2;5;35;53m [38;2;10;35;65m.[38;2;10;37;80m.[38;2;8;36;66m.[38;2;2;23;53m [38;2;9;40;90m.[38;2;11;41;101m.[38;2;7;37;97m.[38;2;14;37;105m.[38;2;13;42;126m.[38;2;7;35;100m.[38;2;36;80;199m,[38;2;156;223;255mK[38;2;3;18;75m [38;2;4;25;113m [38;2;131;181;243mk[38;2;87;97;125m;[38;2;6;23;83m [38;2;4;35;101m.[38;2;13;40;101m.[38;2;12;49;86m.[38;2;9;29;60m [38;2;20;45;130m.[38;2;144;160;182mx[38;2;3;22;49m [38;2;9;34;66m.[38;2;11;36;69m.[38;2;15;46;68m.[38;2;3;20;35m [38;2;12;38;66m.[38;2;8;33;57m [38;2;8;40;62m.[38;2;19;41;65m.[38;2;0;7;26m [38;2;148;167;205mx[38;2;11;21;72m [38;2;15;41;122m.[38;2;56;89;179m;[38;2;66;118;184m:[38;2;17;62;186m.[38;2;12;82;204m'[38;2;3;29;154m.[38;2;0;4;89m [38;2;98;124;194ml[38;2;52;64;70m.[38;2;9;22;41m [38;2;12;68;94m.[38;2;13;52;72m.[38;2;3;18;22m [38;2;14;41;52m.[38;2;31;60;53m.[38;2;32;53;56m.[38;2;9;33;36m [38;2;4;22;31m [38;2;83;106;109m:[38;2;23;49;54m.[38;2;31;60;69m.[0m
[0m[38;2;22;51;62m.[38;2;9;47;64m.[38;2;9;33;30m [38;2;1;16;24m [38;2;7;38;46m.[38;2;65;131;131mc[38;2;56;113;126m;[38;2;1;9;11m [38;2;0;7;5m [38;2;9;21;21m [38;2;5;15;16m [38;2;58;93;165m;[38;2;127;159;197md[38;2;27;32;28m.[38;2;0;3;0m [38;2;2;5;0m [38;2;2;3;0m [38;2;4;30;32m [38;2;5;28;32m [38;2;2;13;15m [38;2;20;26;19m [38;2;48;52;51m.[38;2;48;51;51m.[38;2;52;51;51m.[38;2;52;53;58m.[38;2;54;55;66m.[38;2;58;60;65m.[38;2;53;61;76m.[38;2;53;59;74m.[38;2;45;64;84m.[38;2;54;65;79m.[38;2;8;13;68m [38;2;2;11;31m [38;2;0;0;8m [38;2;38;73;174m'[38;2;186;244;255mN[38;2;0;1;57m [38;2;37;77;175m,[38;2;187;223;245mK[38;2;48;60;102m.[38;2;81;94;120m;[38;2;73;88;123m;[38;2;83;103;119m:[38;2;76;102;107m;[38;2;85;104;119m:[38;2;21;46;131m.[38;2;137;154;183md[38;2;75;87;90m,[38;2;47;52;71m.[38;2;18;19;34m [38;2;0;1;6m [38;2;7;24;37m [38;2;7;24;43m [38;2;1;16;34m [38;2;2;2;13m [38;2;0;5;20m [38;2;0;0;13m [38;2;144;187;235mk[38;2;28;35;46m.[38;2;31;33;56m.[38;2;123;152;221md[38;2;58;71;124m'[38;2;51;65;117m'[38;2;27;44;103m.[38;2;1;5;54m [38;2;31;51;106m.[38;2;115;139;168mo[38;2;2;2;3m [38;2;8;27;47m [38;2;11;64;100m.[38;2;18;48;65m.[38;2;10;22;24m [38;2;11;44;48m.[38;2;9;40;44m.[38;2;9;34;37m [38;2;14;57;70m.[38;2;6;39;46m.[38;2;82;152;160ml[38;2;13;55;68m.[38;2;23;53;59m.[0m
[0m[38;2;19;52;57m.[38;2;7;52;65m.[38;2;5;38;34m [38;2;4;17;19m [38;2;7;38;48m.[38;2;70;126;145mc[38;2;52;107;113m;[38;2;3;12;16m [38;2;0;8;10m [38;2;22;50;52m.[38;2;6;27;31m [38;2;6;27;35m [38;2;50;84;152m,[38;2;136;170;213mx[38;2;65;72;74m'[38;2;0;1;0m [38;2;0;2;0m [38;2;5;61;73m.[38;2;12;55;72m.[38;2;3;18;21m [38;2;83;107;93m;[38;2;163;195;199mO[38;2;152;191;199mO[38;2;150;193;198mO[38;2;158;194;194mO[38;2;146;183;189mk[38;2;143;177;185mx[38;2;129;155;173md[38;2;117;132;140ml[38;2;108;138;138ml[38;2;116;155;170md[38;2;116;132;169ml[38;2;87;111;147m:[38;2;40;79;151m,[38;2;39;98;202m;[38;2;85;141;228mo[38;2;43;74;176m,[38;2;102;142;236mo[38;2;71;84;162m;[38;2;87;136;229ml[38;2;114;180;247mx[38;2;125;175;242mx[38;2;117;179;238mx[38;2;129;173;235mx[38;2;127;165;229mx[38;2;21;42;158m.[38;2;130;164;197mx[38;2;96;133;170ml[38;2;78;99;162m:[38;2;91;107;150m:[38;2;60;81;122m,[38;2;108;131;158ml[38;2;34;47;63m.[38;2;6;26;43m [38;2;2;4;18m [38;2;2;6;23m [38;2;5;11;42m [38;2;130;167;206mx[38;2;95;112;164mc[38;2;66;87;201m;[38;2;128;195;255mO[38;2;56;91;229m;[38;2;41;95;227m;[38;2;57;109;233m:[38;2;79;123;179mc[38;2;118;155;227md[38;2;10;15;62m [38;2;1;12;49m [38;2;15;25;61m [38;2;13;63;105m.[38;2;12;48;72m.[38;2;12;22;28m [38;2;10;54;70m.[38;2;14;56;72m.[38;2;0;1;0m [38;2;19;54;62m.[38;2;3;37;55m.[38;2;86;152;158ml[38;2;7;37;56m.[38;2;13;49;63m.[0m
[0m[38;2;25;51;56m.[38;2;9;51;62m.[38;2;7;40;36m.[38;2;8;22;25m [38;2;7;35;44m [38;2;74;142;157ml[38;2;42;99;93m,[38;2;4;17;19m [38;2;1;19;20m [38;2;4;23;21m [38;2;12;42;57m.[38;2;1;32;34m [38;2;6;5;8m [38;2;31;57;111m.[38;2;135;177;223mk[38;2;121;134;146ml[38;2;33;38;41m.[38;2;3;45;42m.[38;2;10;54;66m.[38;2;2;34;37m [38;2;4;14;13m [38;2;12;47;62m.[38;2;5;27;23m [38;2;8;23;19m [38;2;6;25;23m [38;2;5;23;22m [38;2;9;29;34m [38;2;15;41;60m.[38;2;15;48;65m.[38;2;6;41;74m.[38;2;14;42;56m.[38;2;12;33;77m.[38;2;2;20;78m [38;2;0;0;53m [38;2;33;90;224m;[38;2;145;180;242mk[38;2;93;131;237ml[38;2;52;129;253mc[38;2;54;123;233mc[38;2;13;116;245m:[38;2;0;140;252mc[38;2;5;128;252m:[38;2;1;126;252m:[38;2;0;115;247m;[38;2;4;94;240m,[38;2;17;82;237m,[38;2;125;143;204mo[38;2;6;27;138m.[38;2;1;6;44m [38;2;0;4;29m [38;2;2;7;21m [38;2;47;70;115m'[38;2;185;184;218mO[38;2;4;12;23m [38;2;9;16;55m [38;2;7;15;35m [38;2;27;45;124m.[38;2;112;135;182mo[38;2;10;40;170m.[38;2;36;128;243mc[38;2;80;234;255mO[38;2;81;211;255mk[38;2;96;222;255mO[38;2;102;219;255mO[38;2;42;205;255mx[38;2;92;151;230mo[38;2;5;10;151m [38;2;0;8;91m [38;2;11;31;75m.[38;2;12;56;113m.[38;2;9;49;76m.[38;2;16;23;30m [38;2;10;58;75m.[38;2;19;59;75m.[38;2;0;0;2m [38;2;26;52;57m.[38;2;30;69;85m.[38;2;52;98;115m,[38;2;10;45;54m.[38;2;7;46;52m.[0m
[0m[38;2;25;54;52m.[38;2;7;51;59m.[38;2;8;46;43m.[38;2;3;17;19m [38;2;5;36;48m [38;2;85;154;163mo[38;2;39;95;88m,[38;2;2;11;17m [38;2;8;46;54m.[38;2;6;47;54m.[38;2;11;50;60m.[38;2;7;33;37m [38;2;3;13;13m [38;2;3;8;11m [38;2;11;25;46m [38;2;59;95;139m;[38;2;136;170;205mx[38;2;117;147;166mo[38;2;79;95;95m;[38;2;17;44;51m.[38;2;7;36;48m [38;2;12;60;78m.[38;2;14;36;32m [38;2;18;35;37m.[38;2;20;43;39m.[38;2;23;38;34m.[38;2;0;9;8m [38;2;32;79;81m'[38;2;23;54;77m.[38;2;15;47;84m.[38;2;16;47;81m.[38;2;34;61;125m.[38;2;28;61;126m.[38;2;43;76;180m,[38;2;53;118;251mc[38;2;161;228;255mK[38;2;83;209;255mk[38;2;110;219;255mO[38;2;20;240;255mk[38;2;80;243;255m0[38;2;143;255;255mX[38;2;132;255;255mX[38;2;148;254;255mX[38;2;147;255;255mX[38;2;44;238;255mO[38;2;5;177;255mo[38;2;145;183;244mk[38;2;38;102;212m;[38;2;33;90;157m,[38;2;71;138;181ml[38;2;41;75;111m'[38;2;4;22;53m [38;2;183;201;241m0[38;2;6;12;58m [38;2;53;102;148m;[38;2;50;86;122m,[38;2;52;73;164m,[38;2;116;152;222md[38;2;35;140;254mc[38;2;50;221;255mk[38;2;109;255;255mK[38;2;243;255;255mM[38;2;230;255;255mW[38;2;193;255;255mN[38;2;28;236;255mk[38;2;77;211;255mk[38;2;5;18;188m.[38;2;0;5;107m [38;2;14;34;96m.[38;2;9;56;125m.[38;2;12;45;63m.[38;2;14;30;31m [38;2;10;52;70m.[38;2;5;57;77m.[38;2;0;0;0m [38;2;18;47;47m.[38;2;72;120;145m:[38;2;16;46;52m.[38;2;10;49;55m.[38;2;14;52;62m.[0m
[0m[38;2;21;44;53m.[38;2;27;75;96m.[38;2;48;106;94m;[38;2;2;16;13m [38;2;5;36;51m [38;2;82;154;165mo[38;2;35;94;95m,[38;2;12;24;26m [38;2;44;90;90m,[38;2;46;84;100m'[38;2;43;96;98m,[38;2;46;116;104m;[38;2;40;85;81m'[38;2;24;56;61m.[38;2;27;62;67m.[38;2;26;50;53m.[38;2;3;16;28m [38;2;30;72;97m.[38;2;80;108;149m:[38;2;104;132;164ml[38;2;85;126;157mc[38;2;74;110;143m:[38;2;97;125;140mc[38;2;98;137;148ml[38;2;112;148;155mo[38;2;117;153;158mo[38;2;107;124;129mc[38;2;114;141;159mo[38;2;125;148;165mo[38;2;114;139;161mo[38;2;125;142;167mo[38;2;112;141;191mo[38;2;58;119;195m:[38;2;54;100;214m:[38;2;56;140;254ml[38;2;136;239;255mK[38;2;75;240;255m0[38;2;255;255;255mM[38;2;47;255;255m0[38;2;75;255;255m0[38;2;255;255;255mM[38;2;228;255;255mW[38;2;223;255;255mW[38;2;234;255;255mW[38;2;75;255;255m0[38;2;6;218;255mx[38;2;103;180;255mx[38;2;53;141;251ml[38;2;14;71;158m'[38;2;75;150;207mo[38;2;55;102;136m;[38;2;2;11;59m [38;2;172;199;237m0[38;2;21;26;69m.[38;2;8;51;113m.[38;2;33;63;102m.[38;2;51;76;154m,[38;2;113;144;211mo[38;2;13;84;248m,[38;2;61;240;255mO[38;2;121;254;255mK[38;2;232;255;255mW[38;2;230;255;255mW[38;2;41;251;255mO[38;2;5;147;255mc[38;2;48;131;249mc[38;2;34;60;170m'[38;2;0;6;74m [38;2;18;38;93m.[38;2;12;59;108m.[38;2;13;39;58m.[38;2;15;31;37m [38;2;13;46;67m.[38;2;9;55;63m.[38;2;0;3;1m [38;2;22;64;62m.[38;2;61;105;118m;[38;2;6;30;36m [38;2;20;50;59m.[38;2;18;49;59m.[0m
[0m[38;2;37;70;77m.[38;2;86;175;184md[38;2;21;52;44m.[38;2;8;20;23m [38;2;3;37;49m [38;2;85;159;166mo[38;2;37;88;90m'[38;2;27;44;55m.[38;2;88;175;188md[38;2;78;155;159ml[38;2;65;154;146ml[38;2;62;162;164ml[38;2;69;165;160mo[38;2;20;50;58m.[38;2;8;42;59m.[38;2;10;47;55m.[38;2;0;22;26m [38;2;6;49;52m.[38;2;12;45;52m.[38;2;8;38;44m.[38;2;21;52;75m.[38;2;26;58;89m.[38;2;57;108;153m;[38;2;44;104;132m;[38;2;43;77;119m'[38;2;36;84;121m'[38;2;33;62;86m.[38;2;15;65;97m.[38;2;11;43;77m.[38;2;5;36;57m.[38;2;18;44;78m.[38;2;70;160;188mo[38;2;67;151;180ml[38;2;48;111;212m:[38;2;72;154;255mo[38;2;121;229;255m0[38;2;70;242;255m0[38;2;253;255;255mM[38;2;97;255;255mK[38;2;10;255;255mO[38;2;255;255;255mM[38;2;208;255;255mW[38;2;207;255;255mW[38;2;224;255;255mW[38;2;54;255;255m0[38;2;14;222;255mx[38;2;117;157;250md[38;2;7;56;229m.[38;2;50;137;197mc[38;2;20;49;116m.[38;2;46;77;99m'[38;2;1;6;45m [38;2;167;195;251m0[38;2;26;29;50m.[38;2;10;40;84m.[38;2;5;35;64m.[38;2;30;56;115m.[38;2;101;123;176ml[38;2;76;112;202mc[38;2;44;125;243mc[38;2;32;169;252mo[38;2;53;181;255md[38;2;75;216;255mk[38;2;17;145;252mc[38;2;1;42;209m.[38;2;60;97;194m;[38;2;41;62;120m.[38;2;0;8;37m [38;2;15;35;68m.[38;2;13;55;108m.[38;2;8;36;58m.[38;2;23;34;37m.[38;2;1;37;45m [38;2;21;53;65m.[38;2;0;1;1m [38;2;81;142;146ml[38;2;14;47;56m.[38;2;11;49;52m.[38;2;23;43;54m.[38;2;14;44;53m.[0m
[0m[38;2;86;159;141mo[38;2;29;76;80m.[38;2;3;20;18m [38;2;7;20;29m [38;2;5;34;52m [38;2;84;153;166mo[38;2;40;92;86m,[38;2;25;42;55m.[38;2;81;165;174mo[38;2;67;151;158ml[38;2;64;149;142ml[38;2;64;147;149ml[38;2;67;156;156ml[38;2;67;146;147ml[38;2;13;48;53m.[38;2;8;46;53m.[38;2;0;24;30m [38;2;8;49;67m.[38;2;10;49;54m.[38;2;8;48;61m.[38;2;9;49;53m.[38;2;6;38;41m [38;2;56;117;123m:[38;2;92;175;181md[38;2;25;70;69m.[38;2;6;48;50m.[38;2;0;24;32m [38;2;9;51;69m.[38;2;6;52;71m.[38;2;9;50;76m.[38;2;9;45;74m.[38;2;24;74;117m'[38;2;63;124;178mc[38;2;33;83;175m,[38;2;93;171;252mx[38;2;131;198;254mO[38;2;54;196;255mx[38;2;190;247;255mN[38;2;60;247;255m0[38;2;13;242;255mk[38;2;153;249;255mX[38;2;132;255;255mX[38;2;110;253;255mK[38;2;101;246;255mK[38;2;19;201;255md[38;2;37;182;255md[38;2;135;147;230md[38;2;18;61;190m.[38;2;23;67;133m.[38;2;37;72;129m'[38;2;60;104;134m;[38;2;0;3;29m [38;2;156;178;221mk[38;2;41;57;81m.[38;2;10;54;92m.[38;2;11;56;93m.[38;2;13;32;61m.[38;2;98;121;143mc[38;2;111;144;203mo[38;2;11;32;107m.[38;2;12;37;136m.[38;2;19;48;174m.[38;2;96;143;194mo[38;2;4;16;110m [38;2;1;3;59m [38;2;112;135;162ml[38;2;9;24;52m [38;2;1;3;7m [38;2;18;35;50m.[38;2;17;52;83m.[38;2;5;37;57m.[38;2;20;32;34m [38;2;5;39;44m.[38;2;16;53;63m.[38;2;20;34;26m.[38;2;55;109;113m;[38;2;9;45;49m.[38;2;17;52;61m.[38;2;22;41;52m.[38;2;22;48;56m.[0m
[0m[38;2;38;77;67m'[38;2;8;45;61m.[38;2;5;28;23m [38;2;7;18;23m [38;2;4;36;50m [38;2;82;154;172mo[38;2;32;83;68m'[38;2;23;38;53m.[38;2;83;171;179md[38;2;63;151;155ml[38;2;63;149;148ml[38;2;66;148;149ml[38;2;69;154;150ml[38;2;61;136;140mc[38;2;58;127;123m:[38;2;12;47;54m.[38;2;0;22;27m [38;2;7;53;66m.[38;2;8;48;51m.[38;2;8;46;54m.[38;2;11;41;49m.[38;2;8;42;47m.[38;2;5;27;36m [38;2;50;95;101m,[38;2;61;119;117m:[38;2;23;56;63m.[38;2;20;48;50m.[38;2;6;30;39m [38;2;17;51;59m.[38;2;19;51;57m.[38;2;23;56;75m.[38;2;23;53;71m.[38;2;32;69;95m.[38;2;11;28;96m.[38;2;125;169;232mx[38;2;135;147;221md[38;2;8;59;198m.[38;2;55;184;255md[38;2;35;154;250ml[38;2;54;156;250mo[38;2;5;85;238m,[38;2;14;134;245mc[38;2;21;135;244mc[38;2;12;107;236m;[38;2;1;51;207m.[38;2;72;148;253mo[38;2;128;134;174mo[38;2;6;47;124m.[38;2;15;64;130m.[38;2;8;58;105m.[38;2;27;62;101m.[38;2;0;6;14m [38;2;141;167;204mx[38;2;79;95;121m;[38;2;4;30;46m [38;2;9;33;50m [38;2;0;8;22m [38;2;112;145;194mo[38;2;106;147;190mo[38;2;14;19;31m [38;2;11;14;27m [38;2;92;116;140mc[38;2;29;41;62m.[38;2;3;3;11m [38;2;12;18;32m [38;2;138;167;185mx[38;2;0;1;0m [38;2;2;5;2m [38;2;16;36;38m.[38;2;13;52;76m.[38;2;12;35;41m [38;2;14;27;36m [38;2;9;46;48m.[38;2;16;47;57m.[38;2;13;27;24m [38;2;12;45;53m.[38;2;11;37;52m.[38;2;14;44;48m.[38;2;22;43;53m.[38;2;10;34;43m [0m
[0m[38;2;22;50;51m.[38;2;4;53;66m.[38;2;3;35;24m [38;2;8;17;19m [38;2;10;36;47m.[38;2;80;148;177ml[38;2;31;76;73m.[38;2;15;29;40m [38;2;59;123;136m:[38;2;48;102;98m,[38;2;44;101;102m,[38;2;46;101;100m,[38;2;55;101;103m;[38;2;62;118;114m:[38;2;43;84;80m'[38;2;42;77;79m'[38;2;39;76;73m'[38;2;2;17;15m [38;2;9;41;46m.[38;2;8;36;52m.[38;2;8;41;45m.[38;2;7;42;49m.[38;2;26;59;59m.[38;2;21;63;60m.[38;2;21;62;60m.[38;2;19;66;77m.[38;2;52;111;108m;[38;2;1;18;18m [38;2;11;57;60m.[38;2;9;52;62m.[38;2;3;50;61m.[38;2;3;47;63m.[38;2;8;48;73m.[38;2;0;17;46m [38;2;137;161;220mx[38;2;124;128;153ml[38;2;0;0;37m [38;2;74;151;202mo[38;2;54;114;233m:[38;2;57;97;196m;[38;2;6;27;121m.[38;2;8;61;147m.[38;2;18;60;152m.[38;2;10;52;142m.[38;2;1;20;90m [38;2;97;152;237md[38;2;125;129;134ml[38;2;4;23;56m [38;2;7;21;49m [38;2;3;17;39m [38;2;4;11;28m [38;2;0;0;3m [38;2;119;159;191md[38;2;98;115;132mc[38;2;2;29;46m [38;2;22;58;79m.[38;2;3;20;48m [38;2;101;130;150ml[38;2;101;133;155ml[38;2;71;94;99m;[38;2;57;61;77m.[38;2;117;168;195md[38;2;23;28;35m [38;2;19;24;35m [38;2;127;141;156mo[38;2;36;43;47m.[38;2;0;7;0m [38;2;2;7;2m [38;2;19;37;35m.[38;2;11;54;74m.[38;2;17;33;36m [38;2;9;30;36m [38;2;12;35;43m [38;2;11;30;31m [38;2;5;23;20m [38;2;10;49;59m.[38;2;13;36;48m.[38;2;10;34;35m [38;2;16;38;48m.[38;2;43;88;91m'[0m
[0m[38;2;18;42;43m.[38;2;3;44;52m.[38;2;2;34;30m [38;2;7;37;44m.[38;2;4;28;43m [38;2;73;139;171ml[38;2;42;98;84m,[38;2;0;3;7m [38;2;9;32;34m [38;2;5;39;42m.[38;2;10;51;62m.[38;2;19;60;64m.[38;2;25;66;72m.[38;2;24;75;84m.[38;2;25;69;76m.[38;2;39;85;100m'[38;2;97;185;181mx[38;2;0;6;8m [38;2;6;48;57m.[38;2;6;49;56m.[38;2;8;49;55m.[38;2;2;49;56m.[38;2;6;50;54m.[38;2;9;50;59m.[38;2;8;49;58m.[38;2;7;49;66m.[38;2;12;57;63m.[38;2;24;37;46m.[38;2;14;58;61m.[38;2;8;50;65m.[38;2;7;51;61m.[38;2;7;51;61m.[38;2;4;47;65m.[38;2;1;14;23m [38;2;133;133;158mo[38;2;153;144;120mo[38;2;102;98;58m;[38;2;163;171;127mx[38;2;170;177;133mk[38;2;199;187;120mO[38;2;181;159;115mx[38;2;166;154;105md[38;2;151;142;92mo[38;2;103;102;66m;[38;2;70;54;47m.[38;2;131;154;156md[38;2;88;99;97m;[38;2;53;42;48m.[38;2;102;95;57m;[38;2;120;105;64m:[38;2;91;82;49m,[38;2;40;30;16m.[38;2;74;118;161m:[38;2;98;118;134mc[38;2;0;26;63m [38;2;12;63;104m.[38;2;8;31;75m [38;2;21;38;75m.[38;2;147;172;190mx[38;2;70;77;77m'[38;2;34;41;46m.[38;2;137;161;177md[38;2;93;100;105m;[38;2;127;149;179md[38;2;27;29;28m [38;2;0;6;3m [38;2;0;7;0m [38;2;0;5;0m [38;2;19;38;30m.[38;2;12;55;72m.[38;2;14;39;50m.[38;2;8;21;18m [38;2;16;22;26m [38;2;10;22;25m [38;2;13;33;32m [38;2;16;37;47m.[38;2;48;93;96m,[38;2;61;109;107m;[38;2;61;119;123m:[38;2;53;100;115m;[0m
[0m[38;2;27;49;54m.[38;2;7;49;65m.[38;2;6;48;54m.[38;2;5;47;59m.[38;2;4;27;43m [38;2;72;125;163mc[38;2;50;103;99m,[38;2;0;10;16m [38;2;3;50;60m.[38;2;7;44;57m.[38;2;2;47;55m.[38;2;2;46;55m.[38;2;4;45;56m.[38;2;8;49;54m.[38;2;0;49;54m.[38;2;1;36;49m [38;2;58;108;119m;[38;2;2;12;15m [38;2;3;52;58m.[38;2;6;47;59m.[38;2;6;50;60m.[38;2;4;49;56m.[38;2;5;48;59m.[38;2;6;48;56m.[38;2;9;51;62m.[38;2;8;50;71m.[38;2;4;55;56m.[38;2;49;69;69m.[38;2;18;55;68m.[38;2;8;39;51m.[38;2;6;31;37m [38;2;27;48;56m.[38;2;128;134;91ml[38;2;205;194;105mO[38;2;244;202;87m0[38;2;227;192;73mO[38;2;230;196;72m0[38;2;233;197;69m0[38;2;215;184;75mO[38;2;241;216;94mK[38;2;250;229;120mX[38;2;255;243;105mN[38;2;255;249;109mN[38;2;255;246;106mN[38;2;255;245;123mN[38;2;255;235;100mX[38;2;225;209;97m0[38;2;246;231;111mX[38;2;247;213;91mK[38;2;253;225;95mX[38;2;237;211;103mK[38;2;242;201;95m0[38;2;202;174;99mk[38;2;190;172;91mx[38;2;139;127;100ml[38;2;121;146;215md[38;2;1;52;171m.[38;2;21;53;118m.[38;2;57;103;190m:[38;2;92;103;129m:[38;2;101;122;145mc[38;2;110;124;145ml[38;2;47;78;101m'[38;2;75;105;157m:[38;2;0;2;0m [38;2;0;8;2m [38;2;0;4;0m [38;2;0;3;1m [38;2;16;43;29m.[38;2;11;57;60m.[38;2;14;51;63m.[38;2;10;45;47m.[38;2;7;31;33m [38;2;27;58;62m.[38;2;42;71;75m.[38;2;41;79;93m'[38;2;37;77;86m'[38;2;13;47;56m.[38;2;7;41;47m.[38;2;10;38;52m.[0m
[0m[38;2;22;49;54m.[38;2;6;47;59m.[38;2;1;47;53m.[38;2;3;46;54m.[38;2;4;29;43m [38;2;64;116;160m:[38;2;57;118;116m:[38;2;0;6;14m [38;2;4;45;55m.[38;2;3;44;56m.[38;2;4;46;52m.[38;2;2;47;53m.[38;2;2;45;53m.[38;2;2;48;52m.[38;2;0;46;52m.[38;2;4;44;54m.[38;2;9;40;54m.[38;2;3;18;25m [38;2;5;54;63m.[38;2;6;50;57m.[38;2;6;47;50m.[38;2;0;37;46m [38;2;4;34;39m [38;2;2;30;31m [38;2;4;25;25m [38;2;2;19;19m [38;2;2;20;16m [38;2;10;22;22m [38;2;2;10;18m [38;2;77;69;38m'[38;2;144;119;64mc[38;2;212;183;96mO[38;2;212;168;55mk[38;2;180;131;48mo[38;2;166;102;28mc[38;2;170;114;34mc[38;2;177;119;34ml[38;2;202;138;40md[38;2;136;86;32m;[38;2;155;100;37m:[38;2;179;108;26mc[38;2;195;124;32mo[38;2;231;171;65mk[38;2;240;190;69mO[38;2;246;219;82mK[38;2;238;204;75m0[38;2;254;239;98mN[38;2;255;244;107mN[38;2;255;243;104mN[38;2;255;244;107mN[38;2;255;246;120mN[38;2;255;249;128mN[38;2;253;229;103mX[38;2;255;234;112mN[38;2;255;250;121mN[38;2;255;250;161mW[38;2;191;170;123mk[38;2;170;144;97md[38;2;155;152;143md[38;2;24;17;24m [38;2;21;39;74m.[38;2;89;114;148mc[38;2;4;27;32m [38;2;71;98;147m;[38;2;0;5;0m [38;2;0;9;3m [38;2;0;8;0m [38;2;0;4;1m [38;2;17;45;35m.[38;2;9;52;68m.[38;2;16;48;55m.[38;2;7;22;26m [38;2;12;29;31m [38;2;20;44;50m.[38;2;10;41;49m.[38;2;14;48;59m.[38;2;10;44;57m.[38;2;9;50;60m.[38;2;18;48;57m.[38;2;13;35;45m.[0m
[0m[38;2;18;50;54m.[38;2;5;46;58m.[38;2;0;46;53m.[38;2;3;45;53m.[38;2;3;22;39m [38;2;63;114;167m:[38;2;61;134;121mc[38;2;0;11;19m [38;2;5;49;67m.[38;2;7;49;62m.[38;2;4;49;59m.[38;2;2;47;67m.[38;2;8;42;48m.[38;2;2;38;44m [38;2;4;36;41m [38;2;0;30;32m [38;2;2;26;39m [38;2;0;12;13m [38;2;4;18;17m [38;2;0;10;10m [38;2;0;4;1m [38;2;0;4;2m [38;2;0;3;0m [38;2;0;4;0m [38;2;50;52;51m.[38;2;51;53;51m.[38;2;50;51;52m.[38;2;54;73;74m'[38;2;76;72;65m'[38;2;185;161;66mx[38;2;194;147;47md[38;2;154;111;36mc[38;2;128;86;27m;[38;2;80;63;27m'[38;2;36;46;56m.[38;2;156;128;86ml[38;2;202;155;59mx[38;2;211;154;54mx[38;2;173;116;36ml[38;2;167;122;50ml[38;2;124;88;35m;[38;2;89;63;25m'[38;2;87;81;52m,[38;2;169;127;64ml[38;2;171;106;23mc[38;2;199;99;8mc[38;2;248;197;81m0[38;2;255;248;101mN[38;2;255;245;106mN[38;2;255;244;100mN[38;2;255;245;111mN[38;2;255;246;116mN[38;2;255;245;93mN[38;2;255;246;106mN[38;2;255;244;110mN[38;2;255;244;115mN[38;2;255;246;107mN[38;2;255;243;108mN[38;2;255;242;101mN[38;2;215;186;69mO[38;2;168;155;71md[38;2;146;138;105mo[38;2;1;18;31m [38;2;61;99;150m;[38;2;0;5;0m [38;2;4;6;1m [38;2;0;8;0m [38;2;2;5;0m [38;2;18;44;32m.[38;2;11;52;73m.[38;2;10;29;32m [38;2;19;33;31m [38;2;5;22;26m [38;2;5;20;23m [38;2;4;28;29m [38;2;8;34;36m [38;2;12;40;55m.[38;2;8;42;58m.[38;2;15;45;60m.[38;2;9;26;41m [0m
[0m[38;2;22;53;61m.[38;2;5;50;59m.[38;2;3;41;55m.[38;2;3;45;58m.[38;2;2;28;41m [38;2;54;95;154m;[38;2;59;137;126mc[38;2;0;14;14m [38;2;3;27;38m [38;2;4;27;24m [38;2;0;19;23m [38;2;0;14;15m [38;2;0;8;3m [38;2;0;3;2m [38;2;0;7;0m [38;2;0;4;0m [38;2;4;24;35m [38;2;4;29;41m [38;2;6;34;43m [38;2;2;16;18m [38;2;144;159;160md[38;2;134;153;161md[38;2;129;146;150mo[38;2;70;105;103m;[38;2;201;219;229mX[38;2;193;215;220mK[38;2;185;208;212m0[38;2;181;204;209m0[38;2;183;207;202m0[38;2;106;130;143ml[38;2;46;70;70m.[38;2;14;30;40m [38;2;40;74;81m'[38;2;39;67;83m.[38;2;92;120;142mc[38;2;156;148;109md[38;2;149;108;39mc[38;2;173;121;38ml[38;2;147;113;55mc[38;2;26;29;31m [38;2;4;46;48m.[38;2;3;34;38m [38;2;101;111;97m:[38;2;214;157;66mx[38;2;172;109;22mc[38;2;166;92;17m:[38;2;246;192;63m0[38;2;255;250;106mN[38;2;255;242;93mN[38;2;255;244;92mN[38;2;255;243;93mN[38;2;255;243;108mN[38;2;255;242;93mN[38;2;255;241;96mN[38;2;255;243;99mN[38;2;255;240;94mN[38;2;255;241;99mN[38;2;255;240;99mN[38;2;255;237;84mX[38;2;255;219;72mK[38;2;255;229;80mX[38;2;255;249;96mN[38;2;120;89;37m;[38;2;46;83;115m,[38;2;1;5;0m [38;2;4;7;1m [38;2;2;8;3m [38;2;0;5;6m [38;2;17;44;42m.[38;2;18;56;66m.[38;2;1;5;8m [38;2;17;49;46m.[38;2;12;54;73m.[38;2;10;45;58m.[38;2;8;32;36m [38;2;1;14;18m [38;2;11;25;29m [38;2;13;40;46m.[38;2;23;45;48m.[38;2;21;40;46m.[0m
[0m[38;2;15;33;37m [38;2;5;24;31m [38;2;9;20;25m [38;2;2;13;32m [38;2;13;36;42m.[38;2;52;80;142m,[38;2;69;153;144ml[38;2;0;13;4m [38;2;0;7;3m [38;2;13;24;21m [38;2;5;15;30m [38;2;7;28;28m [38;2;0;7;2m [38;2;0;6;3m [38;2;0;9;2m [38;2;2;6;0m [38;2;12;33;45m [38;2;9;47;63m.[38;2;12;54;59m.[38;2;8;30;39m [38;2;21;37;40m.[38;2;15;45;59m.[38;2;11;34;33m [38;2;3;9;8m [38;2;19;51;73m.[38;2;25;46;60m.[38;2;25;49;48m.[38;2;27;60;64m.[38;2;20;61;57m.[38;2;61;71;65m'[38;2;105;96;67m;[38;2;164;113;53mc[38;2;108;106;102m:[38;2;41;30;44m.[38;2;68;124;140m:[38;2;118;168;213mx[38;2;88;120;188mc[38;2;57;80;90m'[38;2;118;133;131ml[38;2;41;72;73m.[38;2;8;52;46m.[38;2;2;34;37m [38;2;139;98;60m:[38;2;216;136;28md[38;2;181;117;33ml[38;2;110;60;16m'[38;2;237;166;44mk[38;2;255;250;104mN[38;2;255;241;91mN[38;2;255;244;88mN[38;2;255;242;97mN[38;2;255;239;91mN[38;2;255;239;98mN[38;2;255;239;93mN[38;2;255;239;94mN[38;2;255;238;94mN[38;2;255;237;86mX[38;2;255;234;97mX[38;2;255;242;91mN[38;2;255;214;72mK[38;2;255;220;83mX[38;2;255;232;98mX[38;2;255;232;104mX[38;2;56;28;25m.[38;2;0;8;3m [38;2;5;9;8m [38;2;11;12;5m [38;2;2;8;12m [38;2;18;54;54m.[38;2;19;44;55m.[38;2;3;7;0m [38;2;18;49;57m.[38;2;8;39;51m.[38;2;20;48;68m.[38;2;18;56;74m.[38;2;21;49;71m.[38;2;0;9;10m [38;2;3;13;10m [38;2;5;16;13m [38;2;2;8;6m [0m
