[0m[38;2;37;57;47m.[38;2;17;46;35m.[38;2;12;34;28m [38;2;4;11;6m [38;2;14;32;23m [38;2;9;32;28m [38;2;74;142;115mc[38;2;17;45;35m.[38;2;0;4;4m [38;2;0;14;0m [38;2;0;16;6m [38;2;5;27;14m [38;2;5;24;16m [38;2;2;11;6m [38;2;76;138;148mc[38;2;57;104;88m;[38;2;4;8;10m [38;2;16;32;32m [38;2;7;41;29m.[38;2;6;33;28m [38;2;8;32;21m [38;2;0;36;24m [38;2;0;34;22m [38;2;9;30;23m [38;2;5;33;27m [38;2;3;33;29m [38;2;36;86;72m'[38;2;8;22;21m [38;2;16;49;44m.[38;2;35;74;64m.[38;2;37;77;78m'[38;2;23;57;61m.[38;2;14;40;50m.[38;2;12;35;36m [38;2;10;30;29m [38;2;49;91;89m,[38;2;33;55;54m.[38;2;63;131;91m:[38;2;58;106;105m;[38;2;6;38;42m [38;2;15;31;46m [38;2;15;34;41m.[38;2;71;112;117m:[38;2;14;25;24m [38;2;4;19;21m [38;2;3;22;17m [38;2;168;223;223mK[38;2;40;91;103m,[38;2;43;74;75m'[38;2;27;50;46m.[38;2;11;31;62m [38;2;19;97;142m,[38;2;10;40;158m.[38;2;12;39;117m.[38;2;11;54;76m.[38;2;8;37;58m.[38;2;10;50;61m.[38;2;1;17;29m [38;2;41;76;93m'[38;2;12;28;38m [38;2;6;21;31m [38;2;14;26;31m [38;2;11;24;21m [38;2;10;39;28m.[38;2;6;36;34m [38;2;6;39;40m [38;2;5;34;29m [38;2;18;49;41m.[38;2;14;45;33m.[38;2;13;48;35m.[38;2;7;26;21m [38;2;18;39;32m.[38;2;10;38;28m [38;2;1;11;1m [38;2;11;27;5m [38;2;8;36;16m [38;2;17;34;19m [38;2;4;29;17m [38;2;12;34;13m [38;2;12;36;14m [0m
[0m[38;2;22;45;39m.[38;2;6;37;25m [38;2;4;22;14m [38;2;2;18;11m [38;2;14;42;37m.[38;2;6;41;37m.[38;2;76;131;121mc[38;2;11;30;23m [38;2;1;7;4m [38;2;0;8;3m [38;2;0;16;6m [38;2;0;5;0m [38;2;0;3;0m [38;2;18;35;42m.[38;2;117;198;204mk[38;2;6;10;9m [38;2;0;12;4m [38;2;3;12;6m [38;2;1;16;8m [38;2;5;16;13m [38;2;6;18;17m [38;2;2;19;13m [38;2;6;23;22m [38;2;9;25;24m [38;2;6;26;27m [38;2;2;31;31m [38;2;19;44;41m.[38;2;12;25;23m [38;2;3;29;20m [38;2;17;45;47m.[38;2;2;39;40m [38;2;25;54;59m.[38;2;13;44;52m.[38;2;13;45;49m.[38;2;25;50;59m.[38;2;41;84;96m'[38;2;31;53;46m.[38;2;66;113;109m:[38;2;77;139;138mc[38;2;13;45;46m.[38;2;4;19;28m [38;2;18;38;46m.[38;2;74;104;115m;[38;2;6;23;25m [38;2;8;37;41m [38;2;4;27;33m [38;2;106;161;161mo[38;2;1;15;37m [38;2;54;103;125m;[38;2;60;121;137m:[38;2;20;77;192m'[38;2;95;255;255mK[38;2;61;219;255mk[38;2;40;189;248md[38;2;46;150;221ml[38;2;17;98;193m,[38;2;1;47;161m.[38;2;2;21;97m [38;2;62;105;160m;[38;2;7;31;53m [38;2;3;26;60m [38;2;5;31;35m [38;2;54;73;76m'[38;2;48;67;59m.[38;2;54;74;72m'[38;2;47;67;69m.[38;2;47;77;76m'[38;2;30;64;64m.[38;2;23;47;46m.[38;2;14;40;36m.[38;2;1;24;24m [38;2;6;41;32m.[38;2;4;30;24m [38;2;0;7;5m [38;2;11;27;25m [38;2;7;28;27m [38;2;4;28;25m [38;2;10;26;19m [38;2;10;29;19m [38;2;6;26;8m [0m
[0m[38;2;24;47;40m.[38;2;14;40;35m.[38;2;13;32;29m [38;2;3;17;13m [38;2;14;41;40m.[38;2;7;30;35m [38;2;69;116;106m:[38;2;6;30;26m [38;2;5;21;23m [38;2;5;32;34m [38;2;2;31;33m [38;2;6;24;28m [38;2;0;0;2m [38;2;112;161;175md[38;2;54;90;92m,[38;2;7;23;29m [38;2;2;25;20m [38;2;0;2;0m [38;2;0;3;0m [38;2;0;2;0m [38;2;0;6;0m [38;2;0;2;0m [38;2;0;6;1m [38;2;3;5;6m [38;2;2;10;10m [38;2;4;18;16m [38;2;6;23;21m [38;2;4;12;11m [38;2;4;22;25m [38;2;17;58;58m.[38;2;9;41;54m.[38;2;15;46;58m.[38;2;11;46;62m.[38;2;13;47;59m.[38;2;10;40;47m.[38;2;56;96;105m,[38;2;31;52;54m.[38;2;19;32;37m [38;2;42;82;96m'[38;2;26;61;67m.[38;2;16;31;37m [38;2;39;61;90m.[38;2;72;91;118m;[38;2;7;22;28m [38;2;1;18;24m [38;2;3;22;47m [38;2;147;190;220mO[38;2;3;23;51m [38;2;16;46;102m.[38;2;59;119;177m:[38;2;15;82;220m,[38;2;98;255;255mK[38;2;68;255;255m0[38;2;79;255;255m0[38;2;82;255;255mK[38;2;77;254;255m0[38;2;60;206;254mx[38;2;50;180;244md[38;2;71;183;251mx[38;2;20;75;154m'[38;2;6;44;136m.[38;2;9;29;77m [38;2;48;76;93m'[38;2;51;70;72m'[38;2;52;74;72m'[38;2;46;64;60m.[38;2;52;68;64m.[38;2;38;56;56m.[38;2;65;81;94m,[38;2;59;78;85m'[38;2;4;32;26m [38;2;5;30;24m [38;2;1;28;19m [38;2;3;40;43m.[38;2;20;42;47m.[38;2;7;31;24m [38;2;16;29;26m [38;2;10;23;12m [38;2;12;43;33m.[38;2;6;39;32m [0m
[0m[38;2;34;53;59m.[38;2;28;46;45m.[38;2;18;35;35m.[38;2;7;16;19m [38;2;13;37;44m.[38;2;8;28;30m [38;2;71;129;116mc[38;2;14;40;49m.[38;2;3;6;9m [38;2;13;37;56m.[38;2;5;29;48m [38;2;14;26;49m [38;2;43;76;102m'[38;2;129;182;200mk[38;2;2;16;27m [38;2;10;34;53m [38;2;6;30;43m [38;2;16;32;45m [38;2;7;32;32m [38;2;6;17;19m [38;2;7;15;10m [38;2;32;45;40m.[38;2;32;42;40m.[38;2;32;43;40m.[38;2;25;35;34m.[38;2;26;35;31m.[38;2;23;34;29m.[38;2;21;33;28m [38;2;17;24;22m [38;2;30;45;38m.[38;2;18;30;31m [38;2;5;13;17m [38;2;11;22;25m [38;2;10;26;33m [38;2;18;39;47m.[38;2;22;44;48m.[38;2;24;36;40m.[38;2;21;32;38m.[38;2;21;42;53m.[38;2;19;45;49m.[38;2;1;19;39m [38;2;59;82;142m,[38;2;82;104;122m:[38;2;34;64;68m.[38;2;47;78;73m'[38;2;7;21;51m [38;2;172;211;252mK[38;2;8;23;64m [38;2;16;33;105m.[38;2;36;93;214m;[38;2;39;158;255mo[38;2;85;255;255mK[38;2;74;255;255m0[38;2;76;255;255m0[38;2;78;255;255m0[38;2;67;254;255m0[38;2;46;237;255mO[38;2;91;255;255mK[38;2;36;183;253md[38;2;75;224;255mO[38;2;19;142;246mc[38;2;7;30;155m.[38;2;2;25;68m [38;2;14;26;38m [38;2;15;30;40m [38;2;6;25;34m [38;2;10;31;41m [38;2;12;37;46m.[38;2;3;27;28m [38;2;74;94;107m;[38;2;27;33;45m.[38;2;6;24;16m [38;2;18;38;38m.[38;2;18;44;48m.[38;2;19;37;34m.[38;2;2;5;4m [38;2;33;53;49m.[38;2;33;55;47m.[38;2;16;39;35m.[38;2;12;25;28m [0m
[0m[38;2;35;55;55m.[38;2;20;47;42m.[38;2;14;27;24m [38;2;11;17;19m [38;2;22;40;51m.[38;2;15;30;47m [38;2;72;125;145mc[38;2;15;46;136m.[38;2;24;80;184m'[38;2;4;54;171m.[38;2;11;52;187m.[38;2;19;43;156m.[38;2;115;192;225mk[38;2;35;55;101m.[38;2;7;44;120m.[38;2;14;46;119m.[38;2;3;35;82m.[38;2;17;42;80m.[38;2;8;35;53m.[38;2;4;20;22m [38;2;43;60;50m.[38;2;92;139;127ml[38;2;98;141;130ml[38;2;101;141;136ml[38;2;83;125;119mc[38;2;85;108;103m:[38;2;67;97;97m;[38;2;76;87;83m,[38;2;56;72;67m'[38;2;90;120;104m:[38;2;78;105;118m;[38;2;98;124;137mc[38;2;37;43;52m.[38;2;87;101;110m;[38;2;23;29;34m [38;2;0;4;5m [38;2;0;9;4m [38;2;6;18;19m [38;2;13;26;29m [38;2;13;25;33m [38;2;0;21;49m [38;2;99;128;203ml[38;2;46;63;79m.[38;2;13;42;61m.[38;2;66;102;109m;[38;2;9;21;40m [38;2;174;216;254mK[38;2;15;33;58m.[38;2;36;61;120m.[38;2;23;70;180m'[38;2;44;148;252ml[38;2;67;211;252mk[38;2;84;250;255m0[38;2;105;251;255mK[38;2;118;247;255mK[38;2;156;241;251mX[38;2;183;235;251mX[38;2;211;218;228mX[38;2;207;174;163mO[38;2;206;204;162m0[38;2;181;180;140mk[38;2;164;147;133md[38;2;154;132;74ml[38;2;161;135;75mo[38;2;160;135;73mo[38;2;169;138;61mo[38;2;145;123;73ml[38;2;116;91;46m;[38;2;151;134;80ml[38;2;158;139;82mo[38;2;94;87;63m,[38;2;35;40;31m.[38;2;16;26;29m [38;2;9;26;23m [38;2;24;39;39m.[38;2;27;44;41m.[38;2;18;36;33m.[38;2;17;37;35m.[38;2;25;43;44m.[38;2;9;40;37m.[0m
[0m[38;2;22;56;47m.[38;2;22;48;57m.[38;2;21;24;24m [38;2;17;20;25m [38;2;22;43;51m.[38;2;17;35;89m.[38;2;61;141;194ml[38;2;12;57;238m'[38;2;49;255;255m0[38;2;34;241;255mO[38;2;65;213;255mk[38;2;55;176;255md[38;2;74;157;243mo[38;2;64;166;231mo[38;2;48;151;250ml[38;2;45;142;232ml[38;2;15;84;188m'[38;2;12;55;134m.[38;2;9;42;68m.[38;2;13;32;47m [38;2;2;9;13m [38;2;24;38;38m.[38;2;11;24;22m [38;2;10;17;19m [38;2;11;17;18m [38;2;13;18;16m [38;2;13;20;17m [38;2;17;32;29m [38;2;12;18;22m [38;2;7;19;17m [38;2;12;37;43m.[38;2;17;40;67m.[38;2;19;30;45m [38;2;78;96;98m;[38;2;145;184;199mk[38;2;80;99;115m;[38;2;5;9;15m [38;2;3;14;22m [38;2;3;14;13m [38;2;0;3;4m [38;2;11;25;56m [38;2;112;166;230mx[38;2;11;18;23m [38;2;4;12;24m [38;2;19;34;40m.[38;2;20;37;70m.[38;2;189;218;254mK[38;2;3;12;24m [38;2;20;40;81m.[38;2;9;46;91m.[38;2;36;68;138m'[38;2;145;159;200mx[38;2;213;215;208mK[38;2;224;201;188mK[38;2;209;190;187m0[38;2;184;157;145mx[38;2;152;127;117mo[38;2;152;134;107mo[38;2;183;155;104mx[38;2;193;153;84mx[38;2;211;157;65mx[38;2;213;162;65mx[38;2;211;166;66mx[38;2;252;195;84m0[38;2;249;187;78m0[38;2;253;193;75m0[38;2;254;208;92mK[38;2;255;203;90mK[38;2;255;198;72m0[38;2;253;204;75mK[38;2;255;207;78mK[38;2;229;177;71mO[38;2;173;139;65mo[38;2;127;110;41m:[38;2;44;49;39m.[38;2;10;28;29m [38;2;19;39;38m.[38;2;17;42;40m.[38;2;17;43;38m.[38;2;21;41;38m.[0m
[0m[38;2;34;60;57m.[38;2;17;49;50m.[38;2;12;23;22m [38;2;14;24;29m [38;2;15;42;60m.[38;2;9;41;99m.[38;2;57;147;229ml[38;2;10;68;251m'[38;2;49;255;255m0[38;2;50;255;255m0[38;2;22;206;255mx[38;2;89;203;255mk[38;2;57;214;255mk[38;2;102;255;255mK[38;2;84;255;255mK[38;2;97;255;255mK[38;2;50;186;255md[38;2;17;99;219m;[38;2;13;62;134m.[38;2;27;60;85m.[38;2;25;50;70m.[38;2;24;51;58m.[38;2;17;40;38m.[38;2;20;38;32m.[38;2;11;26;21m [38;2;13;26;18m [38;2;0;6;4m [38;2;17;34;39m.[38;2;14;33;46m [38;2;6;27;42m [38;2;14;33;44m [38;2;18;44;73m.[38;2;27;44;68m.[38;2;1;0;0m [38;2;26;41;87m.[38;2;173;203;242m0[38;2;39;61;96m.[38;2;21;48;90m.[38;2;13;31;70m.[38;2;6;28;78m [38;2;27;45;113m.[38;2;113;167;246mx[38;2;3;10;35m [38;2;26;46;94m.[38;2;7;27;57m [38;2;19;50;99m.[38;2;189;210;252mK[38;2;0;0;0m [38;2;22;19;27m [38;2;96;92;65m;[38;2;205;163;115mk[38;2;204;176;97mk[38;2;128;103;50m:[38;2;101;92;79m;[38;2;121;104;75m:[38;2;124;101;71m:[38;2;125;113;74mc[38;2;95;88;56m,[38;2;124;111;68m:[38;2;130;110;53m:[38;2;132;112;56mc[38;2;83;55;21m.[38;2;128;84;22m;[38;2;249;191;93m0[38;2;247;178;71mO[38;2;248;178;66mO[38;2;254;196;72m0[38;2;255;208;84mK[38;2;255;206;79mK[38;2;255;210;83mK[38;2;255;207;80mK[38;2;250;189;71m0[38;2;231;156;48mx[38;2;248;187;55mO[38;2;216;175;55mk[38;2;68;57;34m.[38;2;18;28;21m [38;2;18;38;41m.[38;2;18;39;38m.[38;2;20;42;40m.[0m
[0m[38;2;36;58;56m.[38;2;27;49;45m.[38;2;7;28;21m [38;2;8;30;39m [38;2;19;46;74m.[38;2;17;40;112m.[38;2;66;146;237ml[38;2;11;101;254m;[38;2;59;255;255m0[38;2;54;255;255m0[38;2;44;178;255md[38;2;56;206;255mx[38;2;48;255;255m0[38;2;97;255;255mK[38;2;97;255;255mK[38;2;95;255;255mK[38;2;43;198;255mx[38;2;31;121;228m:[38;2;4;60;167m.[38;2;11;48;116m.[38;2;13;45;61m.[38;2;11;41;56m.[38;2;12;35;43m [38;2;58;113;102m;[38;2;50;96;89m,[38;2;61;113;107m;[38;2;20;33;32m.[38;2;51;87;86m,[38;2;26;46;57m.[38;2;39;73;91m'[38;2;24;59;68m.[38;2;27;65;83m.[38;2;30;53;73m.[38;2;17;30;47m [38;2;10;21;84m [38;2;111;156;237md[38;2;93;145;217mo[38;2;6;81;205m'[38;2;8;80;207m'[38;2;11;70;211m'[38;2;11;78;200m'[38;2;125;189;254mk[38;2;6;35;127m.[38;2;19;71;162m'[38;2;12;30;116m.[38;2;19;43;123m.[38;2;141;182;229mk[38;2;107;111;114m:[38;2;159;156;164mx[38;2;182;186;131mk[38;2;117;109;69m:[38;2;86;79;59m,[38;2;58;63;47m.[38;2;53;60;39m.[38;2;78;87;76m,[38;2;122;118;99mc[38;2;97;88;48m,[38;2;113;90;55m;[38;2;119;95;38m;[38;2;119;99;41m;[38;2;91;78;45m,[38;2;44;37;23m.[38;2;174;138;68mo[38;2;252;197;82m0[38;2;249;178;61mO[38;2;251;179;59mO[38;2;253;182;60mO[38;2;253;186;65m0[38;2;255;196;75m0[38;2;255;202;68m0[38;2;254;191;69m0[38;2;252;182;60mO[38;2;247;175;58mO[38;2;238;169;53mk[38;2;232;165;48mk[38;2;251;212;88mK[38;2;179;151;57md[38;2;86;75;41m'[38;2;12;36;31m [38;2;18;42;41m.[0m
[0m[38;2;42;57;54m.[38;2;32;48;50m.[38;2;10;29;20m [38;2;17;32;38m [38;2;19;51;74m.[38;2;13;42;108m.[38;2;63;158;219mo[38;2;13;103;255m;[38;2;72;255;255m0[38;2;20;245;255mk[38;2;78;183;255mx[38;2;37;225;255mk[38;2;76;255;255m0[38;2;109;255;255mK[38;2;77;255;255m0[38;2;101;255;255mK[38;2;30;206;255mx[38;2;49;159;254mo[38;2;10;57;170m.[38;2;11;54;128m.[38;2;16;50;78m.[38;2;16;45;54m.[38;2;14;28;40m [38;2;39;79;78m'[38;2;58;123;94m:[38;2;63;124;104m:[38;2;16;31;29m [38;2;72;133;106mc[38;2;27;50;62m.[38;2;58;100;118m;[38;2;21;57;68m.[38;2;15;51;75m.[38;2;15;51;106m.[38;2;20;63;123m.[38;2;10;54;190m.[38;2;134;192;253mO[38;2;103;235;255m0[38;2;124;233;255mK[38;2;91;235;255m0[38;2;82;204;255mk[38;2;3;167;255ml[38;2;80;210;255mk[38;2;60;149;247mo[38;2;22;159;254ml[38;2;14;102;225m;[38;2;3;58;201m.[38;2;125;170;215mx[38;2;70;79;99m,[38;2;83;102;101m;[38;2;73;97;97m;[38;2;82;99;90m;[38;2;100;94;79m;[38;2;61;64;53m.[38;2;12;20;21m [38;2;59;71;78m'[38;2;56;87;101m,[38;2;70;91;128m;[38;2;92;110;127m:[38;2;91;90;68m;[38;2;38;24;11m [38;2;60;58;35m.[38;2;9;13;12m [38;2;139;126;92ml[38;2;255;211;72mK[38;2;255;190;59m0[38;2;255;192;64m0[38;2;255;191;60m0[38;2;254;186;59m0[38;2;255;189;63m0[38;2;255;200;64m0[38;2;255;209;78mK[38;2;254;197;68m0[38;2;254;189;63m0[38;2;252;180;59mO[38;2;239;167;53mk[38;2;245;187;61mO[38;2;255;199;67m0[38;2;255;235;93mX[38;2;155;128;47ml[38;2;19;22;20m [0m
[0m[38;2;35;53;52m.[38;2;23;49;50m.[38;2;11;23;19m [38;2;16;26;32m [38;2;22;51;74m.[38;2;16;42;72m.[38;2;66;148;226ml[38;2;8;109;254m;[38;2;78;255;255m0[38;2;12;211;255md[38;2;95;191;255mk[38;2;71;252;255m0[38;2;130;255;255mX[38;2;143;255;255mX[38;2;100;255;255mK[38;2;133;255;255mX[38;2;18;220;255mx[38;2;48;175;255md[38;2;30;90;184m,[38;2;14;46;115m.[38;2;18;53;79m.[38;2;19;46;63m.[38;2;20;41;38m.[38;2;28;48;66m.[38;2;68;132;110mc[38;2;66;132;103m:[38;2;1;12;10m [38;2;78;146;127ml[38;2;78;140;137mc[38;2;18;33;50m.[38;2;53;93;109m,[38;2;19;54;83m.[38;2;16;57;127m.[38;2;11;70;154m.[38;2;18;81;237m,[38;2;134;210;255m0[38;2;61;244;255mO[38;2;162;255;255mN[38;2;138;255;255mX[38;2;155;255;255mX[38;2;4;219;255mx[38;2;44;241;255mO[38;2;196;255;255mN[38;2;157;255;255mX[38;2;62;229;255mO[38;2;4;104;253m;[38;2;133;200;246mO[38;2;12;27;71m [38;2;12;24;71m [38;2;81;94;97m;[38;2;160;144;100mo[38;2;148;118;58mc[38;2;202;185;105mO[38;2;180;161;86mx[38;2;88;84;45m,[38;2;43;34;18m.[38;2;117;94;43m;[38;2;117;107;120mc[38;2;64;52;47m.[38;2;48;35;35m.[38;2;89;71;41m'[38;2;163;134;58mo[38;2;241;213;93mK[38;2;255;210;71mK[38;2;255;202;65m0[38;2;255;202;70m0[38;2;255;202;67m0[38;2;255;204;66mK[38;2;255;207;69mK[38;2;255;200;68m0[38;2;255;199;66m0[38;2;255;203;63m0[38;2;255;197;61m0[38;2;254;191;60m0[38;2;255;180;59mO[38;2;255;220;70mK[38;2;255;196;62m0[38;2;255;223;70mX[38;2;255;217;68mK[38;2;193;154;48md[0m
[0m[38;2;50;81;71m'[38;2;45;78;71m'[38;2;42;71;69m.[38;2;14;21;25m [38;2;23;50;58m.[38;2;16;36;55m.[38;2;78;147;190ml[38;2;9;60;170m.[38;2;49;134;207mc[38;2;30;121;236m:[38;2;109;196;253mk[38;2;53;161;237mo[38;2;60;200;246mx[38;2;77;204;255mk[38;2;90;214;255mO[38;2;109;227;255m0[38;2;38;203;255mx[38;2;34;114;228m:[38;2;61;139;180mc[38;2;26;66;89m.[38;2;28;63;74m.[38;2;26;60;69m.[38;2;21;49;52m.[38;2;10;37;47m.[38;2;63;117;105m:[38;2;73;136;119mc[38;2;3;11;9m [38;2;86;154;142ml[38;2;74;149;148ml[38;2;71;122;137m:[38;2;16;48;63m.[38;2;51;88;123m,[38;2;18;57;127m.[38;2;15;64;184m.[38;2;14;94;242m;[38;2;118;221;255m0[38;2;104;249;255mK[38;2;152;255;255mX[38;2;144;255;255mX[38;2;139;253;255mX[38;2;56;254;255m0[38;2;81;249;255m0[38;2;160;255;255mN[38;2;172;255;255mN[38;2;73;231;255mO[38;2;6;140;255mc[38;2;124;201;248mO[38;2;1;45;131m.[38;2;19;57;124m.[38;2;11;42;77m.[38;2;31;41;40m.[38;2;109;112;82m:[38;2;105;89;53m;[38;2;184;154;71md[38;2;197;165;70mx[38;2;200;160;63mx[38;2;196;151;56md[38;2;210;168;63mk[38;2;230;197;76m0[38;2;225;191;69mO[38;2;255;219;78mK[38;2;255;215;68mK[38;2;255;210;68mK[38;2;255;208;67mK[38;2;255;206;70mK[38;2;255;207;67mK[38;2;255;210;65mK[38;2;255;214;67mK[38;2;255;211;68mK[38;2;255;212;69mK[38;2;255;212;67mK[38;2;255;209;66mK[38;2;255;207;64mK[38;2;255;209;63mK[38;2;255;193;61m0[38;2;255;209;64mK[38;2;255;212;67mK[38;2;255;220;67mK[38;2;241;198;64m0[38;2;207;167;52mx[0m
[0m[38;2;36;55;54m.[38;2;26;47;51m.[38;2;26;51;51m.[38;2;7;23;31m [38;2;28;51;49m.[38;2;13;32;42m [38;2;75;138;133mc[38;2;6;20;42m [38;2;18;44;88m.[38;2;18;48;125m.[38;2;181;228;254mX[38;2;7;23;108m [38;2;11;59;169m.[38;2;34;120;220m:[38;2;16;73;179m'[38;2;13;61;171m.[38;2;60;139;210ml[38;2;4;23;100m [38;2;30;70;114m.[38;2;39;75;86m'[38;2;36;76;84m'[38;2;43;80;78m'[38;2;38;75;72m.[38;2;36;72;71m.[38;2;33;70;64m.[38;2;36;75;69m.[38;2;54;87;88m,[38;2;27;56;51m.[38;2;52;96;98m,[38;2;52;107;113m;[38;2;38;84;84m'[38;2;29;60;86m.[38;2;29;79;122m'[38;2;33;69;170m'[38;2;29;88;228m,[38;2;72;202;252mk[38;2;89;246;255m0[38;2;130;255;255mX[38;2;159;255;255mN[38;2;63;243;255mO[38;2;79;241;255m0[38;2;115;255;255mK[38;2;155;255;255mX[38;2;176;255;255mN[38;2;97;238;255m0[38;2;6;142;255mc[38;2;118;193;243mk[38;2;7;43;130m.[38;2;20;53;122m.[38;2;26;54;73m.[38;2;13;23;25m [38;2;79;136;137mc[38;2;22;43;44m.[38;2;43;54;47m.[38;2;93;82;53m,[38;2;130;111;50m:[38;2;178;124;37ml[38;2;157;96;27m:[38;2;216;189;77mO[38;2;210;173;67mk[38;2;216;181;64mk[38;2;240;197;65m0[38;2;254;213;69mK[38;2;255;217;75mK[38;2;255;216;69mK[38;2;255;214;67mK[38;2;255;213;67mK[38;2;255;212;66mK[38;2;255;215;69mK[38;2;255;215;65mK[38;2;255;216;67mK[38;2;255;216;66mK[38;2;255;214;67mK[38;2;255;213;65mK[38;2;255;212;65mK[38;2;255;213;65mK[38;2;255;221;68mK[38;2;166;142;49mo[38;2;114;117;87mc[38;2;100;115;101m:[0m
[0m[38;2;35;56;56m.[38;2;19;50;54m.[38;2;23;55;51m.[38;2;7;23;27m [38;2;22;54;58m.[38;2;8;36;41m [38;2;81;146;139ml[38;2;11;31;37m [38;2;20;47;55m.[38;2;10;18;51m [38;2;191;211;237mK[38;2;22;42;66m.[38;2;25;35;74m.[38;2;20;59;75m.[38;2;66;117;133m:[38;2;11;37;65m.[38;2;67;122;152m:[38;2;4;13;19m [38;2;21;50;62m.[38;2;20;47;63m.[38;2;18;48;61m.[38;2;22;47;51m.[38;2;18;47;52m.[38;2;23;45;48m.[38;2;14;42;47m.[38;2;19;42;45m.[38;2;44;83;82m'[38;2;17;40;35m.[38;2;21;45;52m.[38;2;13;47;57m.[38;2;18;43;55m.[38;2;24;47;75m.[38;2;21;58;99m.[38;2;24;61;118m.[38;2;30;70;190m'[38;2;122;186;234mk[38;2;13;102;211m;[38;2;21;142;227mc[38;2;7;139;235mc[38;2;117;239;255mK[38;2;32;134;222mc[38;2;23;163;247ml[38;2;60;200;253mx[38;2;79;203;253mk[38;2;51;175;247md[38;2;4;91;232m,[38;2;120;178;212mx[38;2;23;54;93m.[38;2;38;67;92m.[38;2;38;68;79m.[38;2;29;43;48m.[38;2;60;96;91m,[38;2;59;107;104m;[38;2;25;45;44m.[38;2;11;31;36m [38;2;68;87;91m,[38;2;122;118;103mc[38;2;92;78;34m,[38;2;166;124;50ml[38;2;163;122;41ml[38;2;158;119;38mc[38;2;162;108;28mc[38;2;185;126;37ml[38;2;193;147;51md[38;2;212;161;54mx[38;2;218;178;63mk[38;2;220;172;55mk[38;2;214;171;59mk[38;2;216;172;59mk[38;2;213;169;53mk[38;2;220;173;57mk[38;2;217;163;52mx[38;2;216;160;52mx[38;2;218;175;61mk[38;2;229;182;63mO[38;2;255;227;77mX[38;2;185;130;32mo[38;2;103;109;100m:[38;2;94;117;94m:[38;2;99;115;104m:[0m
[0m[38;2;31;60;54m.[38;2;8;57;59m.[38;2;16;58;49m.[38;2;4;20;20m [38;2;18;55;59m.[38;2;12;40;44m.[38;2;72;141;134mc[38;2;3;29;33m [38;2;11;53;48m.[38;2;5;27;45m [38;2;92;133;193ml[38;2;114;145;147mo[38;2;10;31;42m [38;2;12;44;62m.[38;2;36;87;91m'[38;2;54;112;113m;[38;2;63;118;126m:[38;2;4;11;20m [38;2;20;55;70m.[38;2;18;50;69m.[38;2;21;48;61m.[38;2;17;46;53m.[38;2;20;47;51m.[38;2;17;46;54m.[38;2;16;44;48m.[38;2;22;47;50m.[38;2;22;56;60m.[38;2;14;30;32m [38;2;27;49;63m.[38;2;20;52;63m.[38;2;20;51;66m.[38;2;28;51;71m.[38;2;23;50;65m.[38;2;14;42;58m.[38;2;49;65;161m'[38;2;129;181;225mk[38;2;7;23;67m [38;2;9;51;112m.[38;2;29;73;162m'[38;2;135;185;209mk[38;2;1;29;94m [38;2;14;71;160m'[38;2;13;72;164m'[38;2;14;73;160m'[38;2;22;65;158m.[38;2;13;38;113m.[38;2;130;163;170md[38;2;12;25;38m [38;2;20;46;53m.[38;2;18;45;46m.[38;2;48;76;75m'[38;2;15;23;20m [38;2;30;60;56m.[38;2;29;51;50m.[38;2;18;32;35m [38;2;178;191;197mO[38;2;19;27;33m [38;2;70;88;97m,[38;2;54;67;66m.[38;2;62;72;53m'[38;2;65;59;30m.[38;2;114;108;89m:[38;2;102;84;43m,[38;2;117;91;41m;[38;2;145;109;39mc[38;2;164;124;48ml[38;2;179;119;31ml[38;2;169;120;36ml[38;2;173;122;40ml[38;2;171;122;41ml[38;2;191;129;39mo[38;2;177;127;42ml[38;2;190;127;39mo[38;2;173;121;38ml[38;2;167;108;27mc[38;2;167;115;33mc[38;2;115;110;77m:[38;2;118;125;96mc[38;2;70;81;62m,[38;2;215;231;224mX[0m
[0m[38;2;23;53;47m.[38;2;6;50;54m.[38;2;8;55;44m.[38;2;0;20;21m [38;2;7;50;63m.[38;2;53;104;128m;[38;2;58;109;97m;[38;2;0;16;14m [38;2;4;38;32m [38;2;6;27;26m [38;2;25;42;70m.[38;2;147;190;226mO[38;2;21;41;44m.[38;2;3;30;29m [38;2;0;28;30m [38;2;42;94;83m,[38;2;44;94;85m,[38;2;1;9;15m [38;2;14;43;45m.[38;2;2;39;42m [38;2;6;40;44m.[38;2;7;43;42m.[38;2;9;35;41m [38;2;8;38;45m.[38;2;11;33;39m [38;2;15;36;44m.[38;2;13;38;45m.[38;2;5;15;19m [38;2;15;34;34m [38;2;9;35;34m [38;2;12;33;34m [38;2;14;32;40m [38;2;11;34;29m [38;2;6;23;28m [38;2;41;63;117m.[38;2;125;182;233mk[38;2;9;11;12m [38;2;9;25;50m [38;2;133;163;194mx[38;2;64;91;95m,[38;2;7;28;46m [38;2;12;37;71m.[38;2;13;37;59m.[38;2;22;39;59m.[38;2;13;28;42m [38;2;19;42;86m.[38;2;126;151;158mo[38;2;8;23;23m [38;2;12;30;32m [38;2;10;33;30m [38;2;19;37;39m.[38;2;4;15;11m [38;2;15;33;28m [38;2;7;18;17m [38;2;130;143;145mo[38;2;66;72;73m'[38;2;0;1;5m [38;2;121;146;165mo[38;2;9;16;15m [38;2;11;29;23m [38;2;57;72;89m'[38;2;70;86;95m,[38;2;10;21;25m [38;2;11;28;38m [38;2;5;13;16m [38;2;33;27;20m [38;2;116;120;105mc[38;2;81;64;30m'[38;2;83;65;29m'[38;2;74;79;53m'[38;2;73;67;47m'[38;2;40;33;15m.[38;2;70;69;45m'[38;2;109;95;57m;[38;2;189;140;58md[38;2;88;67;29m'[38;2;56;65;56m.[38;2;71;89;71m,[38;2;155;164;164mx[38;2;217;234;217mN[0m
[0m[38;2;17;55;62m.[38;2;9;56;73m.[38;2;10;40;44m.[38;2;2;24;29m [38;2;13;47;68m.[38;2;71;129;154mc[38;2;59;125;123m:[38;2;2;12;17m [38;2;2;11;15m [38;2;9;23;30m [38;2;3;22;25m [38;2;57;91;165m;[38;2;124;163;193md[38;2;31;37;34m.[38;2;0;4;10m [38;2;0;11;14m [38;2;0;10;7m [38;2;15;33;37m [38;2;16;34;57m.[38;2;5;17;26m [38;2;9;24;33m [38;2;9;28;40m [38;2;2;14;23m [38;2;0;9;17m [38;2;0;15;17m [38;2;2;13;17m [38;2;4;12;16m [38;2;13;32;42m [38;2;12;37;36m.[38;2;11;22;30m [38;2;3;16;17m [38;2;5;23;24m [38;2;4;24;22m [38;2;0;0;0m [38;2;40;78;118m'[38;2;162;222;238mK[38;2;1;1;7m [38;2;35;75;120m'[38;2;177;209;217m0[38;2;45;64;65m.[38;2;76;100;103m;[38;2;77;102;111m;[38;2;70;93;104m;[38;2;81;102;102m;[38;2;87;107;111m:[38;2;23;41;73m.[38;2;131;148;144mo[38;2;57;80;60m'[38;2;38;47;45m.[38;2;25;30;27m [38;2;0;2;1m [38;2;8;18;13m [38;2;7;16;15m [38;2;11;18;17m [38;2;177;191;186mO[38;2;0;1;0m [38;2;0;2;6m [38;2;114;148;176mo[38;2;35;39;37m.[38;2;26;34;34m.[38;2;113;136;165ml[38;2;56;76;71m'[38;2;50;62;55m.[38;2;36;46;47m.[38;2;0;3;2m [38;2;41;50;62m.[38;2;87;119;134mc[38;2;3;1;1m [38;2;11;18;16m [38;2;28;53;57m.[38;2;26;45;53m.[38;2;11;15;12m [38;2;23;38;41m.[38;2;11;24;30m [38;2;25;27;28m [38;2;11;17;17m [38;2;0;6;3m [38;2;0;0;0m [38;2;183;195;182mO[38;2;236;245;242mW[0m
[0m[38;2;17;59;65m.[38;2;12;57;76m.[38;2;6;37;44m [38;2;9;26;30m [38;2;11;39;66m.[38;2;75;143;156ml[38;2;50;116;117m;[38;2;3;19;31m [38;2;1;9;25m [38;2;20;57;69m.[38;2;5;31;43m [38;2;10;30;42m [38;2;49;89;141m,[38;2;141;173;219mk[38;2;71;80;84m,[38;2;0;5;12m [38;2;0;4;14m [38;2;28;68;98m.[38;2;29;66;115m.[38;2;9;23;56m [38;2;26;62;113m.[38;2;15;49;89m.[38;2;1;22;56m [38;2;0;20;54m [38;2;0;24;62m [38;2;2;27;62m [38;2;4;27;65m [38;2;17;62;115m.[38;2;22;61;103m.[38;2;7;28;52m [38;2;3;34;38m [38;2;2;24;25m [38;2;9;37;42m.[38;2;0;0;0m [38;2;40;75;104m'[38;2;152;182;195mk[38;2;17;35;66m.[38;2;128;183;204mk[38;2;51;70;67m'[38;2;78;113;113m:[38;2;110;157;168mo[38;2;109;153;163mo[38;2;101;144;148ml[38;2;105;157;158mo[38;2;113;157;159mo[38;2;24;39;68m.[38;2;134;166;163md[38;2;84;124;119mc[38;2;64;85;90m,[38;2;83;102;109m;[38;2;54;67;74m'[38;2;98;119;127mc[38;2;39;43;44m.[38;2;111;120;116mc[38;2;73;77;73m'[38;2;0;6;7m [38;2;4;9;18m [38;2;115;145;164mo[38;2;83;104;103m;[38;2;55;74;117m'[38;2;128;165;226mx[38;2;46;80;168m,[38;2;37;75;165m'[38;2;58;81;179m,[38;2;81;113;156m:[38;2;120;147;190mo[38;2;11;13;21m [38;2;7;7;8m [38;2;16;24;22m [38;2;26;55;58m.[38;2;22;47;47m.[38;2;8;19;12m [38;2;28;51;51m.[38;2;28;55;53m.[38;2;0;6;6m [38;2;0;6;0m [38;2;0;9;2m [38;2;2;8;4m [38;2;121;146;131mo[38;2;122;147;132mo[0m
[0m[38;2;21;57;69m.[38;2;13;59;74m.[38;2;7;37;41m [38;2;11;27;38m [38;2;10;45;61m.[38;2;74;155;158ml[38;2;47;105;112m;[38;2;4;18;25m [38;2;3;18;37m [38;2;5;24;36m [38;2;10;59;80m.[38;2;6;37;59m.[38;2;2;4;9m [38;2;33;62;101m.[38;2;131;184;223mk[38;2;129;146;162mo[38;2;53;60;75m.[38;2;7;56;108m.[38;2;15;78;148m'[38;2;11;46;121m.[38;2;15;42;145m.[38;2;23;77;173m'[38;2;3;33;162m.[38;2;0;34;156m.[38;2;0;37;160m.[38;2;0;36;154m.[38;2;9;37;143m.[38;2;4;74;143m.[38;2;4;70;120m.[38;2;12;53;107m.[38;2;10;39;58m.[38;2;12;54;65m.[38;2;5;33;42m [38;2;0;0;0m [38;2;45;87;112m,[38;2;141;179;194mk[38;2;85;135;159ml[38;2;70;96;98m;[38;2;4;33;39m [38;2;14;50;55m.[38;2;12;60;74m.[38;2;1;12;22m [38;2;0;7;10m [38;2;0;7;6m [38;2;1;12;12m [38;2;24;48;51m.[38;2;100;120;127mc[38;2;3;20;19m [38;2;0;5;7m [38;2;0;1;1m [38;2;1;1;2m [38;2;35;49;59m.[38;2;85;94;103m;[38;2;175;193;188mO[38;2;1;5;6m [38;2;4;12;26m [38;2;25;40;62m.[38;2;103;141;164ml[38;2;6;48;153m.[38;2;47;122;242mc[38;2;96;232;255m0[38;2;79;209;255mk[38;2;92;225;255mO[38;2;98;212;255mO[38;2;31;170;252mo[38;2;95;132;201ml[38;2;6;8;75m [38;2;6;17;26m [38;2;14;23;21m [38;2;24;55;52m.[38;2;26;48;50m.[38;2;7;18;13m [38;2;29;49;48m.[38;2;33;54;53m.[38;2;0;3;5m [38;2;13;34;27m [38;2;1;10;7m [38;2;2;9;6m [38;2;124;144;135mo[38;2;96;119;105mc[0m
[0m[38;2;28;57;64m.[38;2;10;58;75m.[38;2;10;45;50m.[38;2;6;25;32m [38;2;7;45;52m.[38;2;81;160;161mo[38;2;49;97;104m,[38;2;2;16;22m [38;2;14;59;77m.[38;2;10;53;69m.[38;2;12;58;78m.[38;2;6;42;62m.[38;2;2;17;34m [38;2;0;12;26m [38;2;12;27;62m [38;2;46;97;202m;[38;2;133;186;253mk[38;2;126;165;205mx[38;2;81;126;214ml[38;2;32;88;235m;[38;2;17;117;249m:[38;2;45;156;250mo[38;2;26;154;254ml[38;2;37;179;255md[38;2;42;181;255md[38;2;51;175;255md[38;2;31;143;248mc[38;2;23;117;235m:[38;2;24;79;168m'[38;2;23;63;107m.[38;2;23;64;101m.[38;2;50;83;99m'[38;2;30;63;95m.[38;2;36;54;78m.[38;2;46;92;134m,[38;2;153;180;186mk[38;2;31;62;55m.[38;2;24;59;48m.[38;2;18;52;45m.[38;2;55;111;106m;[38;2;18;53;59m.[38;2;46;93;93m,[38;2;56;107;100m;[38;2;50;104;98m;[38;2;1;10;9m [38;2;30;48;43m.[38;2;102;129;128mc[38;2;40;71;58m.[38;2;29;52;45m.[38;2;58;100;81m,[38;2;38;72;48m.[38;2;8;27;22m [38;2;72;89;106m,[38;2;121;125;131ml[38;2;35;84;99m'[38;2;56;95;111m,[38;2;32;57;109m.[38;2;98;151;181mo[38;2;33;134;242mc[38;2;47;216;255mk[38;2;104;253;255mK[38;2;193;255;255mN[38;2;177;255;255mN[38;2;173;255;255mN[38;2;37;202;255mx[38;2;87;173;253md[38;2;12;17;127m [38;2;0;20;78m [38;2;17;33;40m [38;2;25;55;66m.[38;2;27;49;56m.[38;2;13;24;21m [38;2;28;50;54m.[38;2;31;49;53m.[38;2;0;1;0m [38;2;13;45;36m.[38;2;60;90;91m,[38;2;4;6;6m [38;2;109;138;130ml[38;2;98;117;99m:[0m
[0m[38;2;19;52;58m.[38;2;41;100;111m,[38;2;52;105;111m;[38;2;4;21;29m [38;2;5;52;57m.[38;2;85;164;166mo[38;2;47;97;105m,[38;2;16;30;40m [38;2;51;102;110m;[38;2;39;102;114m,[38;2;51;117;121m;[38;2;51;121;118m:[38;2;44;99;108m,[38;2;24;78;132m'[38;2;30;83;188m,[38;2;22;82;230m,[38;2;5;157;254ml[38;2;128;229;255m0[38;2;112;245;255mK[38;2;90;231;255mO[38;2;63;235;255mO[38;2;120;247;255mK[38;2;126;249;255mK[38;2;169;252;255mN[38;2;167;253;255mN[38;2;166;252;255mN[38;2;155;247;255mX[38;2;95;193;255mk[38;2;107;165;225md[38;2;108;153;196mo[38;2;129;152;183md[38;2;125;163;183md[38;2;53;128;164m:[38;2;35;74;83m.[38;2;64;99;148m;[38;2;140;166;163mx[38;2;5;31;28m [38;2;11;63;69m.[38;2;8;38;46m.[38;2;32;80;81m'[38;2;54;119;111m;[38;2;61;124;117m:[38;2;65;140;134mc[38;2;79;164;155mo[38;2;0;13;13m [38;2;39;63;66m.[38;2;93;124;121mc[38;2;51;85;74m'[38;2;21;46;40m.[38;2;55;104;81m,[38;2;45;83;62m'[38;2;0;1;2m [38;2;180;199;212m0[38;2;22;34;47m.[38;2;11;62;72m.[38;2;40;60;72m.[38;2;37;74;132m'[38;2;114;148;206mo[38;2;14;80;225m,[38;2;74;219;255mk[38;2;91;243;255m0[38;2;188;255;255mN[38;2;191;255;255mN[38;2;51;244;255mO[38;2;8;99;247m;[38;2;36;101;219m;[38;2;40;63;128m.[38;2;0;9;53m [38;2;11;35;60m.[38;2;17;71;76m.[38;2;16;54;64m.[38;2;12;31;32m [38;2;10;59;67m.[38;2;23;56;59m.[38;2;0;3;1m [38;2;20;64;53m.[38;2;60;107;106m;[38;2;1;22;24m [38;2;70;100;98m;[38;2;112;153;155mo[0m
[0m[38;2;49;87;95m,[38;2;88;180;194md[38;2;16;46;48m.[38;2;7;22;29m [38;2;9;50;61m.[38;2;87;164;175mo[38;2;37;91;98m,[38;2;31;50;61m.[38;2;82;192;180mx[38;2;55;170;169mo[38;2;57;166;163ml[38;2;70;160;153ml[38;2;72;175;176mo[38;2;17;77;138m'[38;2;25;62;214m'[38;2;26;107;255m:[38;2;6;232;255mx[38;2;177;255;255mN[38;2;156;255;255mX[38;2;157;255;255mX[38;2;134;255;255mX[38;2;104;254;255mK[38;2;85;248;255m0[38;2;85;251;255m0[38;2;88;251;255m0[38;2;98;241;255m0[38;2;79;235;255mO[38;2;26;157;255ml[38;2;13;99;242m;[38;2;9;62;172m.[38;2;13;59;110m.[38;2;83;180;176md[38;2;69;166;155mo[38;2;40;111;105m;[38;2;78;115;168m:[38;2;128;136;142mo[38;2;9;33;23m [38;2;13;68;81m.[38;2;12;63;70m.[38;2;11;51;53m.[38;2;8;53;44m.[38;2;34;93;82m'[38;2;61;120;115m:[38;2;58;115;112m;[38;2;0;22;18m [38;2;62;102;135m;[38;2;83;110;114m:[38;2;6;21;14m [38;2;57;84;75m'[38;2;13;31;23m [38;2;35;57;49m.[38;2;6;13;24m [38;2;219;240;238mN[38;2;4;16;19m [38;2;15;50;70m.[38;2;14;37;51m.[38;2;27;52;81m.[38;2;100;134;170ml[38;2;57;106;165m;[38;2;39;100;192m;[38;2;31;156;222ml[38;2;31;161;252ml[38;2;51;207;255mx[38;2;15;116;210m;[38;2;1;28;132m.[38;2;53;83;159m,[38;2;46;73;108m'[38;2;0;12;35m [38;2;15;40;55m.[38;2;16;68;83m.[38;2;10;51;54m.[38;2;13;28;27m [38;2;8;40;43m.[38;2;17;60;61m.[38;2;0;0;0m [38;2;78;141;132mc[38;2;13;49;46m.[38;2;8;51;51m.[38;2;11;23;27m [38;2;20;51;42m.[0m
[0m[38;2;85;158;150mo[38;2;21;67;82m.[38;2;2;20;23m [38;2;4;24;32m [38;2;5;46;64m.[38;2;78;160;168mo[38;2;40;99;95m,[38;2;36;53;63m.[38;2;72;180;183md[38;2;60;163;163ml[38;2;62;159;150ml[38;2;64;158;158ml[38;2;71;171;170mo[38;2;62;156;173ml[38;2;23;67;182m'[38;2;24;103;252m;[38;2;1;217;255md[38;2;135;255;255mX[38;2;153;255;255mX[38;2;139;255;255mX[38;2;152;255;255mX[38;2;162;255;255mN[38;2;159;255;255mN[38;2;174;255;255mN[38;2;176;255;255mN[38;2;187;255;255mN[38;2;111;253;255mK[38;2;25;188;255md[38;2;19;104;250m;[38;2;6;88;183m'[38;2;12;63;123m.[38;2;30;88;97m'[38;2;59;146;143mc[38;2;32;80;93m'[38;2;101;152;181mo[38;2;127;134;135ml[38;2;4;19;17m [38;2;8;53;54m.[38;2;20;62;66m.[38;2;27;70;69m.[38;2;24;68;70m.[38;2;21;66;65m.[38;2;40;88;82m'[38;2;18;58;51m.[38;2;9;25;19m [38;2;68;107;149m:[38;2;93;126;121mc[38;2;16;27;26m [38;2;29;45;44m.[38;2;30;53;48m.[38;2;52;92;85m,[38;2;61;82;92m,[38;2;155;192;200mO[38;2;46;74;89m'[38;2;19;62;82m.[38;2;26;74;91m.[38;2;10;28;40m [38;2;89;138;151ml[38;2;81;120;129m:[38;2;3;22;45m [38;2;13;46;101m.[38;2;20;53;129m.[38;2;91;138;182ml[38;2;0;18;53m [38;2;0;6;27m [38;2;109;135;158ml[38;2;18;30;48m [38;2;1;7;14m [38;2;12;39;45m.[38;2;11;76;76m.[38;2;11;44;49m.[38;2;16;36;42m.[38;2;6;46;54m.[38;2;13;62;74m.[38;2;17;32;25m [38;2;57;121;115m:[38;2;10;59;72m.[38;2;14;64;72m.[38;2;16;46;58m.[38;2;18;56;56m.[0m
[0m[38;2;29;70;59m.[38;2;0;49;47m.[38;2;0;29;20m [38;2;0;23;22m [38;2;3;40;45m.[38;2;78;161;168mo[38;2;31;84;73m'[38;2;31;47;64m.[38;2;70;170;175mo[38;2;60;157;155ml[38;2;54;156;135ml[38;2;64;150;148ml[38;2;60;168;165mo[38;2;57;151;164ml[38;2;51;112;184m:[38;2;25;82;221m,[38;2;11;177;255mo[38;2;139;255;255mX[38;2;120;255;255mX[38;2;115;255;255mK[38;2;109;255;255mK[38;2;128;255;255mX[38;2;114;249;255mK[38;2;103;252;255mK[38;2;113;246;255mK[38;2;106;244;255mK[38;2;53;217;255mk[38;2;13;116;244m:[38;2;30;90;223m;[38;2;15;76;159m'[38;2;22;71;96m.[38;2;21;63;76m.[38;2;29;74;78m.[38;2;9;32;47m [38;2;118;175;201mx[38;2;127;142;137mo[38;2;11;19;20m [38;2;81;151;140ml[38;2;22;68;65m.[38;2;25;81;83m'[38;2;24;78;82m.[38;2;19;73;69m.[38;2;13;68;70m.[38;2;9;65;59m.[38;2;5;15;12m [38;2;68;102;116m;[38;2;99;128;124mc[38;2;11;28;25m [38;2;23;47;43m.[38;2;13;51;58m.[38;2;3;41;44m.[38;2;130;144;151mo[38;2;108;166;191md[38;2;87;114;121m:[38;2;11;32;43m [38;2;13;43;49m.[38;2;1;17;16m [38;2;85;140;149ml[38;2;89;118;130mc[38;2;23;32;35m.[38;2;25;27;36m [38;2;80;109;116m:[38;2;31;40;46m.[38;2;0;6;10m [38;2;11;24;29m [38;2;143;176;192mx[38;2;0;0;0m [38;2;2;2;9m [38;2;11;41;50m.[38;2;12;77;81m.[38;2;19;38;57m.[38;2;17;35;42m.[38;2;10;52;56m.[38;2;20;57;71m.[38;2;13;31;28m [38;2;12;61;59m.[38;2;9;55;62m.[38;2;12;59;68m.[38;2;22;50;58m.[38;2;13;48;58m.[0m
[0m[38;2;26;52;47m.[38;2;13;47;48m.[38;2;7;34;24m [38;2;3;16;17m [38;2;7;36;38m [38;2;74;142;156ml[38;2;32;76;58m.[38;2;14;30;46m [38;2;47;108;109m;[38;2;37;97;83m,[38;2;38;95;89m,[38;2;47;91;90m,[38;2;48;98;93m,[38;2;53;111;138m;[38;2;44;80;114m'[38;2;43;88;165m,[38;2;50;106;226m:[38;2;17;103;226m;[38;2;22;141;245mc[38;2;15;150;245mc[38;2;17;155;248ml[38;2;16;151;244mc[38;2;17;143;242mc[38;2;13;129;232m:[38;2;9;109;213m;[38;2;7;121;227m:[38;2;46;115;214m:[38;2;11;30;127m.[38;2;30;60;137m.[38;2;11;64;105m.[38;2;6;65;70m.[38;2;6;63;67m.[38;2;6;62;64m.[38;2;0;27;35m [38;2;131;178;194mx[38;2;119;132;128ml[38;2;0;1;2m [38;2;98;202;178mk[38;2;39;100;95m,[38;2;7;55;55m.[38;2;20;68;74m.[38;2;17;68;76m.[38;2;13;56;58m.[38;2;10;66;67m.[38;2;1;17;17m [38;2;84;107;122m:[38;2;101;122;122mc[38;2;10;15;14m [38;2;9;22;20m [38;2;3;17;24m [38;2;0;6;11m [38;2;159;185;209mO[38;2;45;103;154m;[38;2;111;128;138ml[38;2;9;35;47m [38;2;20;73;91m.[38;2;6;28;38m [38;2;72;108;120m;[38;2;93;128;141mc[38;2;80;103;106m;[38;2;63;74;79m'[38;2;108;154;167mo[38;2;26;39;40m.[38;2;23;30;32m [38;2;133;149;158md[38;2;37;43;47m.[38;2;0;6;9m [38;2;0;4;5m [38;2;18;41;48m.[38;2;13;79;84m.[38;2;12;43;53m.[38;2;13;35;33m [38;2;11;47;53m.[38;2;10;32;45m [38;2;5;24;24m [38;2;13;58;68m.[38;2;15;49;58m.[38;2;7;42;46m.[38;2;20;57;57m.[38;2;45;99;101m,[0m
[0m[38;2;26;44;40m.[38;2;23;37;41m.[38;2;8;31;25m [38;2;16;30;38m [38;2;9;28;33m [38;2;80;116;134m:[38;2;41;79;68m'[38;2;3;8;11m [38;2;8;32;36m [38;2;9;34;34m [38;2;16;50;55m.[38;2;21;52;57m.[38;2;33;63;63m.[38;2;26;65;73m.[38;2;27;57;52m.[38;2;35;63;79m.[38;2;83;141;151ml[38;2;3;20;64m [38;2;17;57;136m.[38;2;15;55;134m.[38;2;19;59;141m.[38;2;15;60;127m.[38;2;18;59;126m.[38;2;27;56;123m.[38;2;12;58;102m.[38;2;9;61;124m.[38;2;19;65;114m.[38;2;23;48;79m.[38;2;13;59;82m.[38;2;12;53;73m.[38;2;11;54;57m.[38;2;10;53;52m.[38;2;6;55;50m.[38;2;2;25;25m [38;2;104;159;178mo[38;2;107;133;129ml[38;2;0;1;1m [38;2;51;121;101m;[38;2;40;84;68m'[38;2;4;20;16m [38;2;9;30;25m [38;2;5;21;19m [38;2;1;12;5m [38;2;0;12;9m [38;2;0;7;7m [38;2;95;123;152mc[38;2;77;92;95m;[38;2;14;23;21m [38;2;4;19;32m [38;2;0;6;30m [38;2;0;3;45m [38;2;167;216;249mK[38;2;32;79;127m'[38;2;101;130;165ml[38;2;10;48;140m.[38;2;10;81;181m'[38;2;9;42;110m.[38;2;9;29;66m [38;2;135;168;195mx[38;2;77;79;81m,[38;2;33;45;45m.[38;2;140;169;178mx[38;2;90;104;105m:[38;2;128;175;186mx[38;2;24;26;28m [38;2;1;6;5m [38;2;0;11;14m [38;2;0;5;11m [38;2;15;43;46m.[38;2;11;72;74m.[38;2;12;46;60m.[38;2;12;22;25m [38;2;15;28;37m [38;2;6;34;33m [38;2;13;44;46m.[38;2;17;57;60m.[38;2;51;102;106m;[38;2;59;117;126m:[38;2;68;133;136mc[38;2;47;108;116m;[0m
[0m[38;2;33;51;51m.[38;2;21;46;56m.[38;2;16;45;52m.[38;2;20;46;51m.[38;2;10;31;36m [38;2;71;112;131m:[38;2;53;95;84m,[38;2;2;16;15m [38;2;23;48;52m.[38;2;18;43;44m.[38;2;15;44;43m.[38;2;16;43;47m.[38;2;19;41;45m.[38;2;16;43;48m.[38;2;16;41;49m.[38;2;12;35;46m.[38;2;49;85;98m,[38;2;7;15;22m [38;2;18;44;59m.[38;2;17;43;53m.[38;2;20;45;56m.[38;2;20;46;51m.[38;2;20;45;48m.[38;2;20;46;51m.[38;2;18;47;51m.[38;2;22;46;61m.[38;2;19;47;55m.[38;2;37;69;69m.[38;2;16;54;56m.[38;2;6;41;46m.[38;2;6;32;29m [38;2;3;32;27m [38;2;0;22;16m [38;2;1;8;7m [38;2;81;131;148mc[38;2;118;137;132ml[38;2;3;14;7m [38;2;4;26;18m [38;2;2;12;8m [38;2;0;17;14m [38;2;21;66;67m.[38;2;0;29;13m [38;2;0;14;7m [38;2;0;10;11m [38;2;1;13;25m [38;2;126;158;196md[38;2;47;64;76m.[38;2;9;49;89m.[38;2;5;36;108m.[38;2;2;40;146m.[38;2;0;18;143m [38;2;177;217;252mK[38;2;27;70;163m'[38;2;67;174;239md[38;2;81;175;253md[38;2;118;198;255mO[38;2;8;130;243m:[38;2;13;62;173m.[38;2;51;114;200m:[38;2;85;103;125m:[38;2;93;117;129mc[38;2;91;126;146mc[38;2;43;87;85m'[38;2;73;128;161mc[38;2;0;4;4m [38;2;0;12;10m [38;2;0;11;12m [38;2;0;6;15m [38;2;15;44;48m.[38;2;9;71;72m.[38;2;13;64;78m.[38;2;13;61;63m.[38;2;7;37;44m [38;2;20;72;66m.[38;2;34;82;83m'[38;2;47;99;108m,[38;2;33;79;87m'[38;2;11;60;75m.[38;2;9;55;71m.[38;2;11;56;71m.[0m
[0m[38;2;26;50;48m.[38;2;21;45;53m.[38;2;20;44;47m.[38;2;17;44;47m.[38;2;11;24;33m [38;2;67;108;138m:[38;2;58;102;90m;[38;2;2;13;14m [38;2;21;44;50m.[38;2;18;43;45m.[38;2;20;44;46m.[38;2;15;44;49m.[38;2;18;44;48m.[38;2;16;45;48m.[38;2;17;44;48m.[38;2;18;43;49m.[38;2;15;38;54m.[38;2;11;19;22m [38;2;23;53;59m.[38;2;21;44;49m.[38;2;17;40;46m.[38;2;13;37;37m.[38;2;10;29;30m [38;2;9;26;28m [38;2;8;22;21m [38;2;7;19;18m [38;2;3;16;10m [38;2;6;21;17m [38;2;16;22;24m [38;2;0;4;4m [38;2;8;22;21m [38;2;6;28;21m [38;2;0;13;10m [38;2;0;0;0m [38;2;77;103;121m;[38;2;114;143;135ml[38;2;7;21;18m [38;2;11;31;25m [38;2;3;8;7m [38;2;6;23;20m [38;2;22;60;49m.[38;2;6;20;23m [38;2;0;8;2m [38;2;0;9;7m [38;2;13;25;58m [38;2;123;164;203md[38;2;39;96;170m;[38;2;33;165;226ml[38;2;75;171;244md[38;2;78;199;255mk[38;2;91;213;255mO[38;2;129;214;255m0[38;2;36;144;248ml[38;2;63;223;255mk[38;2;167;255;255mN[38;2;193;255;255mN[38;2;7;198;255md[38;2;12;72;222m'[38;2;88;160;217md[38;2;16;28;74m.[38;2;22;48;59m.[38;2;95;133;162ml[38;2;5;31;38m [38;2;72;120;172mc[38;2;0;2;1m [38;2;0;11;18m [38;2;0;12;13m [38;2;0;6;6m [38;2;18;47;45m.[38;2;11;75;81m.[38;2;16;60;73m.[38;2;3;29;30m [38;2;5;34;46m [38;2;15;49;62m.[38;2;13;45;58m.[38;2;12;60;75m.[38;2;14;62;71m.[38;2;10;64;74m.[38;2;14;66;79m.[38;2;7;55;66m.[0m
[0m[38;2;25;49;50m.[38;2;22;46;50m.[38;2;18;43;47m.[38;2;16;45;46m.[38;2;10;24;35m [38;2;71;113;122m:[38;2;59;111;89m;[38;2;5;16;16m [38;2;22;48;50m.[38;2;21;44;48m.[38;2;20;51;54m.[38;2;20;43;48m.[38;2;15;41;44m.[38;2;14;36;33m.[38;2;10;35;38m [38;2;10;27;29m [38;2;5;26;33m [38;2;3;11;9m [38;2;6;15;14m [38;2;5;11;12m [38;2;28;35;35m.[38;2;53;56;48m.[38;2;49;53;51m.[38;2;46;54;49m.[38;2;48;56;50m.[38;2;48;52;51m.[38;2;42;45;43m.[38;2;44;71;67m.[38;2;46;53;59m.[38;2;31;33;29m.[38;2;16;29;28m [38;2;14;27;24m [38;2;1;13;13m [38;2;1;1;0m [38;2;53;80;91m'[38;2;163;182;182mk[38;2;7;11;12m [38;2;16;33;31m [38;2;15;26;25m [38;2;16;29;25m [38;2;15;36;31m.[38;2;15;26;25m [38;2;27;43;42m.[38;2;32;56;49m.[38;2;27;41;95m.[38;2;109;170;237mx[38;2;86;227;251mO[38;2;96;255;255mK[38;2;125;255;255mX[38;2;97;255;255mK[38;2;124;255;255mX[38;2;112;216;255mO[38;2;56;149;246ml[38;2;37;191;251md[38;2;147;255;255mX[38;2;162;255;255mN[38;2;9;181;255mo[38;2;11;60;201m.[38;2;82;126;193mc[38;2;22;47;90m.[38;2;3;10;22m [38;2;147;182;189mk[38;2;7;26;37m [38;2;68;121;152m:[38;2;0;2;3m [38;2;0;13;13m [38;2;0;15;11m [38;2;0;6;6m [38;2;17;49;51m.[38;2;11;77;81m.[38;2;8;34;44m [38;2;9;46;48m.[38;2;9;28;38m [38;2;4;28;36m [38;2;3;32;39m [38;2;8;46;51m.[38;2;11;54;67m.[38;2;10;57;68m.[38;2;21;52;70m.[38;2;12;40;47m.[0m
[0m[38;2;32;51;55m.[38;2;18;45;51m.[38;2;14;41;41m.[38;2;20;40;44m.[38;2;14;30;36m [38;2;66;99;123m;[38;2;61;115;105m;[38;2;3;14;12m [38;2;10;23;22m [38;2;9;20;19m [38;2;5;17;15m [38;2;3;14;8m [38;2;0;2;2m [38;2;0;0;0m [38;2;0;2;0m [38;2;0;1;1m [38;2;9;23;30m [38;2;14;31;32m [38;2;20;34;34m.[38;2;0;6;5m [38;2;143;159;165md[38;2;158;192;185mO[38;2;162;192;194mO[38;2;170;191;188mO[38;2;166;201;190mO[38;2;183;201;193m0[38;2;148;163;153mx[38;2;106;129;113mc[38;2;142;160;157md[38;2;123;137;128ml[38;2;84;108;103m:[38;2;120;137;147ml[38;2;104;113;113mc[38;2;12;16;14m [38;2;22;38;51m.[38;2;206;229;233mX[38;2;23;30;30m [38;2;26;43;39m.[38;2;14;37;33m.[38;2;14;33;34m [38;2;21;36;34m.[38;2;16;37;40m.[38;2;63;115;103m;[38;2;69;123;110m:[38;2;32;47;131m.[38;2;107;166;242mx[38;2;78;254;255m0[38;2;82;255;255mK[38;2;79;255;255m0[38;2;86;255;255mK[38;2;119;255;255mK[38;2;65;195;252mx[38;2;84;141;208ml[38;2;38;134;195mc[38;2;85;197;235mx[38;2;47;174;224mo[38;2;10;82;209m'[38;2;4;63;149m.[38;2;27;63;114m.[38;2;41;85;117m,[38;2;1;5;12m [38;2;137;186;215mk[38;2;13;38;45m.[38;2;82;124;152mc[38;2;0;5;3m [38;2;0;16;14m [38;2;0;15;13m [38;2;0;10;8m [38;2;20;55;56m.[38;2;11;74;81m.[38;2;0;5;10m [38;2;13;57;64m.[38;2;15;73;81m.[38;2;10;60;70m.[38;2;10;40;49m.[38;2;5;19;25m [38;2;5;33;32m [38;2;13;52;63m.[38;2;29;48;66m.[38;2;26;46;45m.[0m
[0m[38;2;21;33;32m.[38;2;12;23;25m [38;2;10;18;14m [38;2;7;14;22m [38;2;25;41;43m.[38;2;60;82;126m,[38;2;72;127;118m:[38;2;4;19;7m [38;2;2;6;5m [38;2;12;21;21m [38;2;9;15;18m [38;2;16;31;31m [38;2;0;5;6m [38;2;0;7;3m [38;2;0;5;0m [38;2;0;4;2m [38;2;13;33;41m [38;2;19;44;61m.[38;2;31;47;52m.[38;2;7;16;20m [38;2;14;25;33m [38;2;24;54;52m.[38;2;25;38;53m.[38;2;17;41;56m.[38;2;28;46;80m.[38;2;33;59;83m.[38;2;28;45;87m.[38;2;26;46;68m.[38;2;28;41;48m.[38;2;17;39;28m.[38;2;15;27;33m [38;2;38;65;93m.[38;2;107;119;150mc[38;2;156;174;172mk[38;2;18;28;25m [38;2;176;196;211m0[38;2;70;100;101m;[38;2;67;110;99m;[38;2;19;38;31m.[38;2;39;59;72m.[38;2;30;46;39m.[38;2;28;42;47m.[38;2;23;59;54m.[38;2;68;129;142mc[38;2;50;63;150m'[38;2;94;176;230mx[38;2;98;255;255mK[38;2;82;255;255mK[38;2;98;255;255mK[38;2;87;244;251m0[38;2;53;187;224md[38;2;36;101;176m;[38;2;110;143;161mo[38;2;21;48;52m.[38;2;11;49;96m.[38;2;14;43;84m.[38;2;14;37;65m.[38;2;14;56;82m.[38;2;7;40;65m.[38;2;61;103;98m;[38;2;0;2;0m [38;2;122;183;188mx[38;2;42;68;76m.[38;2;86;125;136mc[38;2;2;7;8m [38;2;0;12;16m [38;2;6;18;16m [38;2;0;7;5m [38;2;27;62;59m.[38;2;14;51;59m.[38;2;0;4;13m [38;2;25;60;73m.[38;2;17;45;59m.[38;2;19;64;79m.[38;2;24;72;82m.[38;2;24;78;89m.[38;2;0;11;25m [38;2;4;12;18m [38;2;8;13;18m [38;2;0;7;21m [0m
