[0m[38;2;20;49;39m.[38;2;10;45;47m.[38;2;9;40;34m.[38;2;1;15;7m [38;2;9;32;38m [38;2;1;23;32m [38;2;79;143;141ml[38;2;16;35;34m.[38;2;1;5;0m [38;2;1;12;0m [38;2;4;12;8m [38;2;6;21;14m [38;2;7;21;22m [38;2;5;14;18m [38;2;109;162;189md[38;2;99;109;122m:[38;2;3;11;7m [38;2;7;45;50m.[38;2;8;48;55m.[38;2;10;45;58m.[38;2;8;46;60m.[38;2;10;45;59m.[38;2;11;45;64m.[38;2;8;48;60m.[38;2;9;45;61m.[38;2;8;36;43m [38;2;77;159;177mo[38;2;15;25;35m [38;2;35;77;85m'[38;2;46;97;122m,[38;2;46;84;115m,[38;2;26;53;69m.[38;2;14;44;77m.[38;2;15;41;76m.[38;2;9;35;77m.[38;2;63;116;156m:[38;2;47;62;76m.[38;2;71;148;187ml[38;2;48;101;137m;[38;2;9;37;64m.[38;2;7;33;58m [38;2;29;46;126m.[38;2;135;154;174md[38;2;7;35;61m.[38;2;5;16;47m [38;2;12;36;101m.[38;2;187;237;255mX[38;2;40;78;95m'[38;2;47;99;116m,[38;2;38;63;78m.[38;2;10;23;30m [38;2;13;35;72m.[38;2;7;32;44m [38;2;13;33;53m.[38;2;4;43;64m.[38;2;12;34;57m.[38;2;12;39;67m.[38;2;3;11;25m [38;2;58;92;156m;[38;2;9;32;52m [38;2;10;26;53m [38;2;7;34;60m [38;2;10;34;63m.[38;2;13;46;94m.[38;2;5;34;63m [38;2;15;38;53m.[38;2;4;29;41m [38;2;12;41;55m.[38;2;8;44;53m.[38;2;12;48;60m.[38;2;9;28;34m [38;2;17;45;50m.[38;2;12;39;38m.[38;2;1;9;7m [38;2;2;32;27m [38;2;13;35;41m.[38;2;11;36;38m [38;2;9;35;35m [38;2;16;45;41m.[38;2;2;49;37m.[0m
[0m[38;2;21;45;42m.[38;2;9;42;44m.[38;2;6;28;23m [38;2;0;13;8m [38;2;2;33;34m [38;2;1;22;31m [38;2;75;143;144ml[38;2;11;25;22m [38;2;0;6;4m [38;2;2;7;1m [38;2;0;4;0m [38;2;0;5;0m [38;2;0;2;0m [38;2;23;35;52m.[38;2;190;219;239mK[38;2;14;11;15m [38;2;3;10;13m [38;2;1;19;16m [38;2;2;25;21m [38;2;2;28;36m [38;2;5;31;45m [38;2;8;36;51m.[38;2;9;40;65m.[38;2;12;47;82m.[38;2;8;47;74m.[38;2;6;40;63m.[38;2;40;86;127m,[38;2;17;32;45m.[38;2;8;43;77m.[38;2;6;39;70m.[38;2;11;40;88m.[38;2;15;50;92m.[38;2;21;49;85m.[38;2;22;49;84m.[38;2;22;54;85m.[38;2;44;76;117m'[38;2;39;49;69m.[38;2;63;145;167ml[38;2;79;149;180ml[38;2;17;44;75m.[38;2;0;21;45m [38;2;29;60;136m.[38;2;124;146;167mo[38;2;7;33;63m [38;2;5;18;43m [38;2;13;40;99m.[38;2;185;235;255mX[38;2;6;12;31m [38;2;59;125;150m:[38;2;84;153;172mo[38;2;38;75;99m'[38;2;35;70;96m.[38;2;8;25;47m [38;2;34;68;91m.[38;2;10;34;50m [38;2;9;18;35m [38;2;12;34;56m.[38;2;1;14;26m [38;2;86;121;210mc[38;2;10;30;59m [38;2;6;24;51m [38;2;4;31;61m [38;2;52;69;97m'[38;2;52;64;68m.[38;2;54;75;92m'[38;2;54;62;77m.[38;2;47;67;68m.[38;2;29;53;61m.[38;2;17;43;51m.[38;2;9;42;48m.[38;2;1;22;26m [38;2;13;42;45m.[38;2;11;29;32m [38;2;0;8;2m [38;2;8;28;29m [38;2;12;29;31m [38;2;6;28;34m [38;2;12;30;25m [38;2;13;37;42m.[38;2;6;40;42m.[0m
[0m[38;2;26;46;45m.[38;2;9;43;46m.[38;2;9;30;38m [38;2;1;10;11m [38;2;4;38;43m [38;2;2;26;36m [38;2;81;136;133mc[38;2;3;13;24m [38;2;3;22;21m [38;2;6;25;24m [38;2;1;16;22m [38;2;7;23;27m [38;2;0;0;4m [38;2;137;169;198mx[38;2;98;112;130m:[38;2;6;21;38m [38;2;6;28;54m [38;2;1;2;4m [38;2;2;3;10m [38;2;2;4;19m [38;2;4;2;18m [38;2;5;2;23m [38;2;1;11;37m [38;2;6;18;49m [38;2;5;24;46m [38;2;7;26;65m [38;2;9;31;84m.[38;2;8;19;38m [38;2;15;43;100m.[38;2;18;45;106m.[38;2;15;50;120m.[38;2;11;48;114m.[38;2;16;45;100m.[38;2;12;42;102m.[38;2;4;34;83m.[38;2;67;121;165m:[38;2;34;54;78m.[38;2;24;56;84m.[38;2;44;86;136m,[38;2;36;71;115m'[38;2;14;30;51m [38;2;38;69;147m'[38;2;101;126;139mc[38;2;7;32;52m [38;2;5;13;35m [38;2;10;31;88m.[38;2;199;243;255mN[38;2;0;8;27m [38;2;19;47;78m.[38;2;88;163;186mo[38;2;34;59;78m.[38;2;74;122;166mc[38;2;6;22;58m [38;2;44;88;128m,[38;2;84;154;194mo[38;2;20;42;57m.[38;2;22;40;70m.[38;2;19;43;76m.[38;2;109;155;229md[38;2;5;22;70m [38;2;12;26;112m.[38;2;7;28;118m.[38;2;60;82;174m,[38;2;68;89;171m;[38;2;71;97;130m;[38;2;64;74;107m'[38;2;71;86;99m,[38;2;46;66;88m.[38;2;73;96;119m;[38;2;52;72;95m'[38;2;2;23;25m [38;2;7;21;24m [38;2;6;14;14m [38;2;5;35;36m [38;2;7;44;53m.[38;2;8;26;32m [38;2;17;39;41m.[38;2;11;28;25m [38;2;18;39;47m.[38;2;10;37;44m.[0m
[0m[38;2;27;46;48m.[38;2;9;42;46m.[38;2;9;31;35m [38;2;5;14;15m [38;2;8;39;45m.[38;2;4;24;35m [38;2;71;143;140mc[38;2;8;28;37m [38;2;3;5;5m [38;2;9;36;40m [38;2;2;14;18m [38;2;7;28;26m [38;2;65;89;126m,[38;2;198;217;233mK[38;2;3;14;26m [38;2;9;41;75m.[38;2;6;28;63m [38;2;9;32;86m.[38;2;8;35;92m.[38;2;10;22;59m [38;2;11;17;56m [38;2;39;48;88m.[38;2;33;47;98m.[38;2;32;46;95m.[38;2;35;44;84m.[38;2;38;45;102m.[38;2;35;47;87m.[38;2;34;38;92m.[38;2;22;27;88m.[38;2;32;45;89m.[38;2;26;39;96m.[38;2;12;21;101m [38;2;15;27;98m.[38;2;13;35;103m.[38;2;15;40;107m.[38;2;24;58;114m.[38;2;22;41;79m.[38;2;16;49;100m.[38;2;22;45;110m.[38;2;17;42;92m.[38;2;0;9;36m [38;2;65;103;182m:[38;2;85;116;138m:[38;2;35;73;98m'[38;2;45;80;97m'[38;2;8;16;64m [38;2;210;252;255mW[38;2;3;14;42m [38;2;3;21;61m [38;2;56;104;134m;[38;2;44;67;92m.[38;2;42;77;112m'[38;2;39;70;112m'[38;2;5;30;51m [38;2;81;139;187ml[38;2;21;43;61m.[38;2;16;32;70m.[38;2;59;114;196m:[38;2;101;151;208mo[38;2;6;28;171m.[38;2;48;126;243mc[38;2;75;182;255mx[38;2;44;149;250ml[38;2;8;107;239m;[38;2;11;73;219m'[38;2;15;39;156m.[38;2;8;35;85m.[38;2;10;37;69m.[38;2;10;29;52m [38;2;90;114;157mc[38;2;21;29;37m [38;2;12;22;22m [38;2;8;39;46m.[38;2;7;49;57m.[38;2;7;36;42m [38;2;2;3;6m [38;2;46;61;63m.[38;2;28;52;50m.[38;2;14;37;43m.[38;2;7;35;44m [0m
[0m[38;2;25;45;45m.[38;2;12;42;51m.[38;2;6;30;26m [38;2;4;15;17m [38;2;10;40;52m.[38;2;4;25;33m [38;2;70;140;153mc[38;2;10;34;45m [38;2;11;30;46m [38;2;3;14;23m [38;2;11;18;27m [38;2;14;32;73m.[38;2;199;229;253mX[38;2;50;57;85m.[38;2;6;31;84m.[38;2;14;40;118m.[38;2;9;30;111m.[38;2;18;48;161m.[38;2;27;60;180m'[38;2;6;25;136m.[38;2;62;88;172m;[38;2;151;195;242mO[38;2;147;177;240mk[38;2;138;172;236mk[38;2;132;166;223mx[38;2;132;176;225mk[38;2;119;151;220md[38;2;136;137;220md[38;2;90;120;200mc[38;2;107;152;214md[38;2;102;131;194ml[38;2;106;132;169ml[38;2;56;73;143m,[38;2;85;93;137m;[38;2;23;26;81m.[38;2;3;13;67m [38;2;0;14;61m [38;2;12;25;91m [38;2;7;32;87m.[38;2;9;26;77m [38;2;1;15;49m [38;2;108;148;224mo[38;2;45;67;113m'[38;2;8;35;69m.[38;2;58;115;153m:[38;2;8;12;59m [38;2;216;247;255mW[38;2;10;28;46m [38;2;26;52;90m.[38;2;32;58;87m.[38;2;54;82;108m,[38;2;11;30;60m [38;2;62;103;145m;[38;2;4;31;67m [38;2;39;71;105m'[38;2;30;52;70m.[38;2;15;37;84m.[38;2;16;60;131m.[38;2;102;151;223mo[38;2;19;68;240m'[38;2;61;183;255md[38;2;117;255;255mK[38;2;102;255;255mK[38;2;126;255;255mX[38;2;6;164;255ml[38;2;5;58;234m.[38;2;12;35;126m.[38;2;4;32;74m [38;2;9;30;53m [38;2;37;46;86m.[38;2;65;79;107m,[38;2;9;45;48m.[38;2;9;44;58m.[38;2;12;37;43m.[38;2;30;40;41m.[38;2;31;54;58m.[38;2;19;46;51m.[38;2;9;41;51m.[38;2;8;42;53m.[38;2;12;36;40m.[0m
[0m[38;2;22;44;46m.[38;2;9;43;53m.[38;2;10;26;27m [38;2;8;17;19m [38;2;10;40;52m.[38;2;3;22;41m [38;2;79;141;161ml[38;2;5;15;22m [38;2;35;63;87m.[38;2;34;59;84m.[38;2;16;26;43m [38;2;115;147;206mo[38;2;118;131;155ml[38;2;18;38;79m.[38;2;26;53;132m.[38;2;28;67;181m'[38;2;5;69;222m'[38;2;15;128;246m:[38;2;13;131;248m:[38;2;7;118;242m:[38;2;4;93;232m,[38;2;9;111;243m;[38;2;11;104;239m;[38;2;3;74;234m'[38;2;8;70;226m'[38;2;8;70;220m'[38;2;8;55;216m.[38;2;17;79;223m,[38;2;6;61;210m.[38;2;8;47;197m.[38;2;8;59;207m.[38;2;17;69;209m'[38;2;33;73;208m,[38;2;102;126;214ml[38;2;172;203;239m0[38;2;91;99;156m:[38;2;3;12;102m [38;2;2;19;112m [38;2;2;15;80m [38;2;0;6;41m [38;2;7;17;72m [38;2;136;182;249mk[38;2;9;13;28m [38;2;4;13;30m [38;2;13;34;52m.[38;2;19;27;86m.[38;2;216;248;255mW[38;2;2;13;24m [38;2;9;38;73m.[38;2;4;35;75m.[38;2;46;88;125m,[38;2;11;25;49m [38;2;21;59;94m.[38;2;21;54;88m.[38;2;21;55;91m.[38;2;32;53;84m.[38;2;14;31;79m.[38;2;17;45;109m.[38;2;93;135;217ml[38;2;21;88;255m;[38;2;77;201;255mk[38;2;109;255;255mK[38;2;72;255;255m0[38;2;134;255;255mX[38;2;7;189;255mo[38;2;3;66;247m'[38;2;9;36;155m.[38;2;14;43;100m.[38;2;5;20;45m [38;2;35;57;94m.[38;2;61;78;112m,[38;2;11;41;49m.[38;2;14;35;40m.[38;2;34;48;42m.[38;2;31;52;58m.[38;2;7;38;46m.[38;2;8;42;53m.[38;2;5;42;49m.[38;2;6;41;46m.[38;2;10;38;44m.[0m
[0m[38;2;24;45;48m.[38;2;8;45;51m.[38;2;8;19;25m [38;2;3;23;20m [38;2;11;39;48m.[38;2;2;27;37m [38;2;86;141;161ml[38;2;1;3;13m [38;2;9;40;61m.[38;2;9;33;56m [38;2;24;43;118m.[38;2;172;194;221mO[38;2;6;11;46m [38;2;54;105;178m;[38;2;65;129;221mc[38;2;67;150;252mo[38;2;3;183;255mo[38;2;150;255;255mX[38;2;105;245;255mK[38;2;98;243;255m0[38;2;89;240;255m0[38;2;79;233;255mO[38;2;70;227;255mO[38;2;69;218;255mk[38;2;45;203;255mx[38;2;23;185;255mo[38;2;3;161;255ml[38;2;6;172;255ml[38;2;3;162;255ml[38;2;4;131;254m:[38;2;5;132;255m:[38;2;1;118;251m;[38;2;5;106;253m;[38;2;1;49;221m.[38;2;19;74;237m,[38;2;172;224;255mK[38;2;50;77;210m,[38;2;18;75;206m'[38;2;7;19;116m [38;2;10;17;92m [38;2;8;35;145m.[38;2;145;201;255mO[38;2;1;4;25m [38;2;14;44;99m.[38;2;4;15;63m [38;2;11;42;148m.[38;2;194;245;255mN[38;2;0;1;5m [38;2;1;12;35m [38;2;2;17;35m [38;2;2;20;55m [38;2;5;16;53m [38;2;8;31;83m.[38;2;5;38;77m.[38;2;9;38;91m.[38;2;18;51;100m.[38;2;6;14;60m [38;2;29;61;123m.[38;2;71;115;196mc[38;2;14;78;239m,[38;2;55;174;255md[38;2;89;236;255m0[38;2;90;255;255mK[38;2;126;255;255mX[38;2;16;171;255mo[38;2;0;46;226m.[38;2;8;13;93m [38;2;14;26;66m [38;2;5;25;44m [38;2;32;65;117m.[38;2;70;92;120m;[38;2;5;10;13m [38;2;26;47;49m.[38;2;11;33;33m [38;2;6;38;49m.[38;2;7;33;44m [38;2;10;43;52m.[38;2;5;37;44m [38;2;5;39;45m.[38;2;9;41;47m.[0m
[0m[38;2;22;46;47m.[38;2;6;43;51m.[38;2;11;22;31m [38;2;2;17;23m [38;2;7;42;48m.[38;2;1;29;38m [38;2;83;139;165ml[38;2;1;3;9m [38;2;10;42;61m.[38;2;4;18;46m [38;2;94;129;207ml[38;2;77;88;112m;[38;2;10;24;92m [38;2;16;53;148m.[38;2;78;156;249mo[38;2;60;173;255md[38;2;2;201;255md[38;2;165;255;255mN[38;2;114;255;255mK[38;2;115;255;255mK[38;2;118;255;255mK[38;2;119;255;255mK[38;2;139;255;255mX[38;2;166;255;255mN[38;2;178;255;255mN[38;2;168;255;255mN[38;2;101;255;255mK[38;2;123;249;255mK[38;2;110;249;255mK[38;2;115;246;255mK[38;2;92;241;255m0[38;2;80;235;255mO[38;2;66;225;255mO[38;2;43;195;255mx[38;2;11;178;255mo[38;2;85;223;255mO[38;2;83;162;250md[38;2;2;80;251m,[38;2;7;42;179m.[38;2;15;27;162m.[38;2;24;68;205m'[38;2;158;214;249m0[38;2;0;13;73m [38;2;17;57;156m.[38;2;11;22;103m [38;2;11;42;166m.[38;2;204;251;255mN[38;2;2;3;57m [38;2;3;19;108m [38;2;17;40;130m.[38;2;6;28;105m.[38;2;6;21;73m [38;2;0;7;63m [38;2;0;7;34m [38;2;4;5;32m [38;2;6;11;33m [38;2;2;7;26m [38;2;6;19;36m [38;2;90;109;175mc[38;2;13;34;125m.[38;2;15;43;166m.[38;2;11;78;217m'[38;2;12;127;225m:[38;2;39;141;238mc[38;2;6;54;196m.[38;2;0;13;112m [38;2;0;9;52m [38;2;2;9;26m [38;2;0;2;4m [38;2;62;81;118m,[38;2;44;57;89m.[38;2;14;28;39m [38;2;10;48;56m.[38;2;7;43;51m.[38;2;5;34;40m [38;2;14;37;41m.[38;2;10;33;38m [38;2;7;39;46m.[38;2;8;41;48m.[38;2;10;41;48m.[0m
[0m[38;2;21;46;47m.[38;2;6;43;50m.[38;2;11;24;25m [38;2;4;19;29m [38;2;10;42;50m.[38;2;3;26;38m [38;2;81;147;157ml[38;2;3;8;10m [38;2;10;40;56m.[38;2;21;34;71m.[38;2;137;175;236mk[38;2;7;18;56m [38;2;16;42;128m.[38;2;11;46;159m.[38;2;59;131;241ml[38;2;58;179;255md[38;2;0;204;255md[38;2;191;255;255mN[38;2;136;255;255mX[38;2;125;255;255mX[38;2;128;255;255mX[38;2;133;255;255mX[38;2;143;255;255mX[38;2;151;255;255mX[38;2;172;255;255mN[38;2;164;255;255mN[38;2;124;255;255mX[38;2;157;255;255mX[38;2;156;255;255mX[38;2;158;255;255mX[38;2;161;255;255mN[38;2;159;255;255mN[38;2;168;255;255mN[38;2;163;255;255mN[38;2;152;255;255mX[38;2;182;255;255mN[38;2;42;223;255mk[38;2;8;150;255mc[38;2;19;101;247m;[38;2;6;39;195m.[38;2;61;124;244mc[38;2;144;170;227mk[38;2;10;35;129m.[38;2;15;73;187m'[38;2;5;55;209m.[38;2;2;80;236m'[38;2;162;234;255mX[38;2;4;33;186m.[38;2;8;90;231m,[38;2;10;91;240m,[38;2;10;55;207m.[38;2;15;51;187m.[38;2;20;39;142m.[38;2;96;128;163ml[38;2;92;114;133m:[38;2;89;117;135mc[38;2;81;100;109m;[38;2;52;69;75m'[38;2;88;106;135m:[38;2;34;47;73m.[38;2;39;51;96m.[38;2;27;33;63m.[38;2;3;12;44m [38;2;5;22;79m [38;2;2;14;51m [38;2;0;9;30m [38;2;3;5;24m [38;2;3;5;12m [38;2;2;3;1m [38;2;95;122;143mc[38;2;17;44;59m.[38;2;5;37;44m [38;2;6;34;47m [38;2;10;41;52m.[38;2;6;41;51m.[38;2;6;33;38m [38;2;11;34;41m [38;2;7;43;50m.[38;2;8;42;48m.[38;2;12;41;49m.[0m
[0m[38;2;14;39;40m.[38;2;6;36;45m [38;2;6;25;22m [38;2;2;24;25m [38;2;9;41;49m.[38;2;5;28;39m [38;2;85;140;154ml[38;2;2;16;22m [38;2;8;34;45m [38;2;26;48;101m.[38;2;153;193;243mO[38;2;6;16;43m [38;2;16;51;132m.[38;2;17;57;163m.[38;2;12;76;235m'[38;2;64;190;255mx[38;2;0;210;255md[38;2;209;255;255mW[38;2;153;255;255mX[38;2;142;255;255mX[38;2;138;255;255mX[38;2;138;255;255mX[38;2;152;255;255mX[38;2;154;255;255mX[38;2;173;255;255mN[38;2;172;255;255mN[38;2;126;255;255mX[38;2;178;255;255mN[38;2;174;255;255mN[38;2;168;255;255mN[38;2;167;255;255mN[38;2;154;255;255mX[38;2;148;255;255mX[38;2;151;255;255mX[38;2;170;255;255mN[38;2;223;255;255mW[38;2;47;246;255mO[38;2;12;194;255md[38;2;7;82;253m,[38;2;3;73;238m'[38;2;102;193;254mk[38;2;117;140;203mo[38;2;47;112;227m:[38;2;60;160;253mo[38;2;9;164;255ml[38;2;103;231;255m0[38;2;78;243;255m0[38;2;97;207;255mk[38;2;83;233;255mO[38;2;83;228;255mO[38;2;45;189;255md[38;2;1;136;253m:[38;2;6;62;221m.[38;2;12;33;132m.[38;2;7;18;66m [38;2;3;13;62m [38;2;8;36;74m.[38;2;5;24;63m [38;2;83;107;145m:[38;2;4;18;55m [38;2;4;15;60m [38;2;138;161;203mx[38;2;18;30;62m.[38;2;8;30;100m.[38;2;0;13;54m [38;2;2;10;28m [38;2;2;8;19m [38;2;2;6;10m [38;2;0;0;0m [38;2;124;163;209md[38;2;3;27;37m [38;2;0;6;5m [38;2;8;46;48m.[38;2;10;43;56m.[38;2;14;44;52m.[38;2;17;45;50m.[38;2;13;31;38m [38;2;18;46;54m.[38;2;10;36;43m [38;2;10;42;48m.[0m
[0m[38;2;38;68;65m.[38;2;31;63;74m.[38;2;33;73;67m.[38;2;9;22;26m [38;2;9;41;51m.[38;2;5;31;38m [38;2;77;135;150mc[38;2;6;19;20m [38;2;27;53;66m.[38;2;25;49;109m.[38;2;149;189;219mO[38;2;26;42;69m.[38;2;36;67;125m'[38;2;31;63;163m'[38;2;26;87;213m,[38;2;42;159;253mo[38;2;10;196;255md[38;2;167;243;255mX[38;2;132;255;255mX[38;2;134;255;255mX[38;2;145;255;255mX[38;2;160;255;255mN[38;2;167;255;255mN[38;2;168;255;255mN[38;2;184;255;255mN[38;2;200;255;255mW[38;2;125;255;255mX[38;2;207;255;255mW[38;2;192;255;255mN[38;2;177;255;255mN[38;2;167;255;255mN[38;2;162;255;255mN[38;2;160;255;255mN[38;2;162;255;255mN[38;2;171;255;255mN[38;2;228;255;255mW[38;2;16;242;255mk[38;2;31;205;255mx[38;2;32;114;251m:[38;2;23;89;234m,[38;2;210;252;255mW[38;2;44;74;194m,[38;2;11;74;232m'[38;2;49;194;255mx[38;2;14;195;255md[38;2;128;255;255mX[38;2;11;247;255mk[38;2;174;255;255mN[38;2;158;255;255mN[38;2;166;255;255mN[38;2;198;255;255mW[38;2;3;236;255mk[38;2;11;122;254m:[38;2;35;104;220m;[38;2;55;107;180m:[38;2;35;73;118m'[38;2;11;28;79m [38;2;12;39;94m.[38;2;107;147;222mo[38;2;14;48;136m.[38;2;30;71;188m'[38;2;58;158;240mo[38;2;41;112;226m:[38;2;13;114;224m;[38;2;1;51;185m.[38;2;3;30;137m.[38;2;0;14;66m [38;2;1;4;22m [38;2;36;41;70m.[38;2;84;117;150mc[38;2;8;38;52m.[38;2;3;11;9m [38;2;13;40;48m.[38;2;4;28;35m [38;2;14;38;45m.[38;2;5;30;33m [38;2;13;33;36m [38;2;19;44;47m.[38;2;27;53;61m.[38;2;22;52;63m.[0m
[0m[38;2;22;46;49m.[38;2;14;43;54m.[38;2;9;45;48m.[38;2;1;21;30m [38;2;7;46;55m.[38;2;4;32;39m [38;2;71;132;135mc[38;2;1;11;14m [38;2;5;35;48m [38;2;23;36;96m.[38;2;194;236;241mX[38;2;1;10;24m [38;2;3;24;75m [38;2;48;91;151m,[38;2;20;50;138m.[38;2;17;59;187m.[38;2;41;133;236mc[38;2;2;89;237m,[38;2;13;153;254ml[38;2;8;166;253ml[38;2;13;187;255mo[38;2;37;197;255md[38;2;46;211;255mx[38;2;55;215;255mk[38;2;63;224;255mk[38;2;82;228;255mO[38;2;49;239;255mO[38;2;102;232;255m0[38;2;100;245;255m0[38;2;106;246;255mK[38;2;116;251;255mK[38;2;111;254;255mK[38;2;119;255;255mK[38;2;129;254;255mX[38;2;166;255;255mN[38;2;200;255;255mW[38;2;12;231;255mk[38;2;31;186;255md[38;2;55;138;244ml[38;2;79;140;228ml[38;2;176;226;255mK[38;2;7;36;155m.[38;2;11;66;225m'[38;2;13;143;255mc[38;2;38;207;255mx[38;2;128;255;255mX[38;2;29;252;255mO[38;2;186;255;255mN[38;2;166;255;255mN[38;2;172;255;255mN[38;2;185;255;255mN[38;2;14;254;255mO[38;2;15;121;255m:[38;2;7;58;226m.[38;2;54;127;206mc[38;2;57;105;153m;[38;2;13;31;88m.[38;2;2;26;118m.[38;2;93;145;248mo[38;2;18;106;233m;[38;2;104;175;255mx[38;2;119;231;255m0[38;2;135;255;255mX[38;2;192;255;255mN[38;2;1;200;255md[38;2;0;75;247m'[38;2;4;18;135m [38;2;0;4;39m [38;2;125;159;199md[38;2;17;40;62m.[38;2;7;43;59m.[38;2;4;14;11m [38;2;7;32;42m [38;2;33;78;88m'[38;2;16;52;95m.[38;2;21;64;90m.[38;2;9;25;35m [38;2;90;103;98m;[38;2;40;58;56m.[38;2;27;65;71m.[0m
[0m[38;2;18;45;47m.[38;2;8;44;54m.[38;2;13;44;54m.[38;2;3;21;26m [38;2;14;42;55m.[38;2;2;31;37m [38;2;75;143;155ml[38;2;17;25;39m [38;2;10;45;61m.[38;2;6;11;49m [38;2;182;211;241mK[38;2;31;41;60m.[38;2;5;34;73m.[38;2;21;55;90m.[38;2;72;123;161mc[38;2;9;29;104m.[38;2;51;113;190m:[38;2;5;21;122m [38;2;15;72;185m'[38;2;14;74;205m'[38;2;15;78;211m'[38;2;16;82;226m,[38;2;13;89;225m,[38;2;12;98;240m;[38;2;19;103;238m;[38;2;9;106;249m;[38;2;19;133;251mc[38;2;23;107;245m;[38;2;13;136;253mc[38;2;9;140;251mc[38;2;5;144;255mc[38;2;10;152;252mc[38;2;3;162;253ml[38;2;8;165;255ml[38;2;10;167;254ml[38;2;72;216;255mk[38;2;21;114;243m:[38;2;15;101;234m;[38;2;14;54;201m.[38;2;159;206;249m0[38;2;38;68;156m'[38;2;15;56;152m.[38;2;27;81;206m,[38;2;33;119;241m:[38;2;29;166;255mo[38;2;65;200;255mx[38;2;65;243;255mO[38;2;142;246;255mX[38;2;123;250;255mK[38;2;131;255;255mX[38;2;129;253;255mX[38;2;13;219;255mx[38;2;49;151;254ml[38;2;16;64;210m'[38;2;16;52;155m.[38;2;35;78;144m'[38;2;11;26;90m.[38;2;18;37;125m.[38;2;99;140;203mo[38;2;7;69;234m'[38;2;95;165;255md[38;2;55;239;255mO[38;2;195;255;255mN[38;2;211;255;255mW[38;2;1;235;255mx[38;2;2;82;255m,[38;2;0;16;144m [38;2;35;42;109m.[38;2;104;128;156ml[38;2;9;36;60m.[38;2;9;45;63m.[38;2;2;14;15m [38;2;11;31;37m [38;2;22;36;48m.[38;2;18;31;42m [38;2;43;98;111m,[38;2;5;23;29m [38;2;121;144;141mo[38;2;56;89;81m,[38;2;26;67;73m.[0m
[0m[38;2;19;48;49m.[38;2;9;44;51m.[38;2;15;45;52m.[38;2;3;22;22m [38;2;10;43;52m.[38;2;3;29;42m [38;2;71;134;141mc[38;2;8;25;25m [38;2;6;43;56m.[38;2;2;16;30m [38;2;92;124;184mc[38;2;122;142;151mo[38;2;8;24;45m [38;2;5;37;68m.[38;2;41;80;112m'[38;2;44;92;133m,[38;2;53;110;149m;[38;2;6;15;67m [38;2;13;53;116m.[38;2;13;49;127m.[38;2;13;54;136m.[38;2;12;57;141m.[38;2;14;57;145m.[38;2;12;61;162m.[38;2;22;62;167m.[38;2;15;66;184m'[38;2;16;73;186m'[38;2;20;47;176m.[38;2;13;74;204m'[38;2;12;71;202m'[38;2;13;72;203m'[38;2;11;71;209m'[38;2;6;74;216m'[38;2;10;59;204m.[38;2;30;83;225m,[38;2;129;193;248mO[38;2;6;36;142m.[38;2;5;45;166m.[38;2;23;59;182m.[38;2;166;194;217mO[38;2;0;3;58m [38;2;9;47;122m.[38;2;21;53;146m.[38;2;26;64;171m'[38;2;26;68;177m'[38;2;9;59;211m.[38;2;138;192;248mO[38;2;5;95;236m,[38;2;6;135;248m:[38;2;9;135;250mc[38;2;12;143;250mc[38;2;9;70;224m'[38;2;29;84;199m,[38;2;23;71;158m'[38;2;30;68;133m'[38;2;44;83;147m,[38;2;6;17;65m [38;2;92;113;150mc[38;2;54;79;139m,[38;2;33;83;198m,[38;2;17;80;221m,[38;2;58;218;254mk[38;2;117;205;255mO[38;2;138;236;255mK[38;2;3;156;248mc[38;2;2;46;214m.[38;2;1;6;93m [38;2;119;140;184mo[38;2;8;19;33m [38;2;10;49;80m.[38;2;9;46;65m.[38;2;8;14;18m [38;2;10;26;32m [38;2;61;79;65m'[38;2;54;65;61m.[38;2;24;31;27m [38;2;0;1;0m [38;2;128;148;145mo[38;2;32;51;48m.[38;2;22;54;58m.[0m
[0m[38;2;17;41;41m.[38;2;9;39;44m.[38;2;15;39;47m.[38;2;2;17;16m [38;2;8;35;46m [38;2;49;90;105m,[38;2;53;102;94m,[38;2;1;7;9m [38;2;7;31;43m [38;2;3;20;23m [38;2;31;40;75m.[38;2;148;189;225mO[38;2;23;35;45m.[38;2;4;28;37m [38;2;6;23;31m [38;2;37;81;92m'[38;2;48;80;99m'[38;2;1;6;22m [38;2;10;32;72m.[38;2;13;31;74m.[38;2;10;33;75m.[38;2;9;34;87m.[38;2;15;33;88m.[38;2;10;40;93m.[38;2;16;32;101m.[38;2;9;36;112m.[38;2;5;38;113m.[38;2;5;21;87m [38;2;10;31;106m.[38;2;13;32;104m.[38;2;14;33;114m.[38;2;12;36;103m.[38;2;12;37;129m.[38;2;8;28;95m.[38;2;35;68;186m'[38;2;128;199;248mO[38;2;3;13;64m [38;2;7;23;103m [38;2;127;165;231mx[38;2;78;93;116m;[38;2;2;17;62m [38;2;15;30;92m.[38;2;6;33;87m.[38;2;13;41;97m.[38;2;6;25;71m [38;2;17;34;135m.[38;2;138;158;190md[38;2;9;25;106m.[38;2;7;42;125m.[38;2;13;40;134m.[38;2;20;40;140m.[38;2;6;20;90m [38;2;13;40;98m.[38;2;8;37;83m.[38;2;8;33;67m.[38;2;18;38;68m.[38;2;0;8;25m [38;2;134;165;204mx[38;2;6;17;37m [38;2;8;33;70m.[38;2;57;79;151m,[38;2;64;94;160m;[38;2;6;46;154m.[38;2;12;65;169m.[38;2;8;22;114m [38;2;1;3;48m [38;2;83;108;152m:[38;2;44;55;67m.[38;2;9;18;26m [38;2;10;53;73m.[38;2;9;48;52m.[38;2;6;14;17m [38;2;9;39;46m.[38;2;26;51;53m.[38;2;30;41;51m.[38;2;9;29;32m [38;2;3;20;26m [38;2;78;99;95m;[38;2;23;43;50m.[38;2;26;54;59m.[0m
[0m[38;2;19;46;47m.[38;2;9;41;52m.[38;2;8;29;29m [38;2;3;16;18m [38;2;8;33;41m [38;2;56;113;117m;[38;2;54;99;98m,[38;2;4;7;7m [38;2;1;8;5m [38;2;7;17;18m [38;2;5;11;9m [38;2;49;81;144m,[38;2;115;147;188mo[38;2;25;32;28m.[38;2;0;2;0m [38;2;0;3;1m [38;2;0;2;5m [38;2;4;26;35m [38;2;9;23;41m [38;2;3;9;24m [38;2;19;21;25m [38;2;46;51;58m.[38;2;40;53;67m.[38;2;46;53;67m.[38;2;47;53;76m.[38;2;48;59;82m.[38;2;48;59;87m.[38;2;49;60;89m.[38;2;45;51;84m.[38;2;43;56;94m.[38;2;42;61;93m.[38;2;4;9;65m [38;2;0;8;57m [38;2;0;1;18m [38;2;33;65;163m'[38;2;166;224;255mK[38;2;0;0;10m [38;2;31;56;150m.[38;2;179;207;228m0[38;2;42;51;70m.[38;2;71;84;102m,[38;2;72;84;106m,[38;2;78;87;102m,[38;2;68;88;101m,[38;2;78;92;116m;[38;2;11;33;115m.[38;2;130;150;161md[38;2;61;79;89m'[38;2;36;45;66m.[38;2;10;13;36m [38;2;0;4;23m [38;2;5;17;36m [38;2;5;22;36m [38;2;1;11;20m [38;2;2;4;14m [38;2;2;6;7m [38;2;0;1;4m [38;2;118;170;218mx[38;2;24;31;31m [38;2;29;32;36m.[38;2;115;149;170mo[38;2;48;61;70m.[38;2;47;58;61m.[38;2;19;33;51m.[38;2;0;2;9m [38;2;36;48;67m.[38;2;94;121;151mc[38;2;1;1;0m [38;2;8;21;26m [38;2;10;54;73m.[38;2;6;44;48m.[38;2;6;20;18m [38;2;9;41;43m.[38;2;7;32;40m [38;2;4;29;32m [38;2;10;46;59m.[38;2;5;35;41m [38;2;77;132;136mc[38;2;14;49;58m.[38;2;20;49;55m.[0m
[0m[38;2;19;47;49m.[38;2;8;44;52m.[38;2;6;34;32m [38;2;5;15;17m [38;2;6;32;42m [38;2;59;110;128m;[38;2;46;94;100m,[38;2;6;12;13m [38;2;2;10;8m [38;2;20;43;53m.[38;2;5;21;25m [38;2;8;23;29m [38;2;45;72;139m'[38;2;122;158;200md[38;2;61;70;70m'[38;2;0;1;0m [38;2;0;2;0m [38;2;5;55;75m.[38;2;12;47;70m.[38;2;2;16;21m [38;2;80;103;105m;[38;2;147;188;196mk[38;2;132;181;187mx[38;2;128;182;183mx[38;2;136;179;187mx[38;2;127;174;185mx[38;2;127;172;180mx[38;2;119;141;174mo[38;2;111;111;155mc[38;2;88;122;161mc[38;2;99;140;177ml[38;2;101;125;185ml[38;2;85;102;151m:[38;2;37;69;133m'[38;2;41;83;172m,[38;2;74;122;201mc[38;2;37;54;114m.[38;2;91;122;205ml[38;2;65;76;88m'[38;2;83;119;133m:[38;2;112;148;167mo[38;2;114;161;168md[38;2;109;145;155mo[38;2;110;158;169mo[38;2;114;145;150mo[38;2;17;35;93m.[38;2;115;153;154mo[38;2;88;119;118m:[38;2;65;89;122m,[38;2;79;99;130m;[38;2;55;75;101m'[38;2;97;123;147mc[38;2;34;42;53m.[38;2;5;20;17m [38;2;0;6;7m [38;2;1;11;6m [38;2;4;10;20m [38;2;107;149;174mo[38;2;78;102;97m;[38;2;58;75;90m'[38;2;119;165;209mx[38;2;46;61;64m.[38;2;43;57;51m.[38;2;49;67;72m.[38;2;88;113;123m:[38;2;109;143;172mo[38;2;8;12;12m [38;2;0;5;2m [38;2;11;21;27m [38;2;11;52;70m.[38;2;8;42;50m.[38;2;5;20;18m [38;2;7;51;54m.[38;2;8;49;62m.[38;2;0;1;3m [38;2;15;46;53m.[38;2;6;33;47m [38;2;76;129;132mc[38;2;7;33;44m [38;2;14;42;53m.[0m
[0m[38;2;22;45;48m.[38;2;6;43;52m.[38;2;4;36;31m [38;2;7;19;23m [38;2;5;31;39m [38;2;63;124;135m:[38;2;42;79;93m'[38;2;4;15;16m [38;2;1;20;16m [38;2;4;18;24m [38;2;7;36;45m [38;2;9;25;31m [38;2;4;4;8m [38;2;26;46;96m.[38;2;131;168;204mx[38;2;118;129;142ml[38;2;33;37;39m.[38;2;3;35;50m [38;2;7;44;67m.[38;2;5;30;39m [38;2;2;15;15m [38;2;14;41;55m.[38;2;9;25;29m [38;2;7;17;30m [38;2;8;23;34m [38;2;9;22;63m [38;2;12;27;92m.[38;2;21;44;155m.[38;2;22;51;182m.[38;2;13;48;173m.[38;2;14;49;181m.[38;2;15;49;159m.[38;2;6;21;123m [38;2;0;0;52m [38;2;35;79;188m,[38;2;138;157;196md[38;2;80;99;155m:[38;2;54;77;153m,[38;2;51;68;132m'[38;2;6;22;41m [38;2;11;39;71m.[38;2;3;12;26m [38;2;1;4;13m [38;2;0;5;10m [38;2;5;12;27m [38;2;26;51;109m.[38;2;113;134;140ml[38;2;4;16;29m [38;2;0;5;6m [38;2;0;0;1m [38;2;2;4;6m [38;2;39;62;87m.[38;2;164;172;197mk[38;2;3;10;10m [38;2;5;13;18m [38;2;5;16;9m [38;2;24;40;59m.[38;2;101;127;130mc[38;2;10;17;17m [38;2;43;64;93m.[38;2;88;133;152mc[38;2;20;42;41m.[38;2;29;46;47m.[38;2;13;22;28m [38;2;68;93;127m;[38;2;94;117;138mc[38;2;0;2;0m [38;2;0;10;2m [38;2;3;21;26m [38;2;10;53;65m.[38;2;7;41;48m.[38;2;10;21;20m [38;2;7;50;58m.[38;2;11;51;60m.[38;2;0;0;1m [38;2;14;47;49m.[38;2;26;62;74m.[38;2;47;88;103m,[38;2;7;39;42m.[38;2;8;41;48m.[0m
[0m[38;2;19;46;48m.[38;2;8;44;49m.[38;2;7;40;37m.[38;2;6;15;18m [38;2;5;31;40m [38;2;68;134;140mc[38;2;37;77;81m'[38;2;0;14;14m [38;2;5;43;48m.[38;2;7;35;43m [38;2;5;44;54m.[38;2;4;27;33m [38;2;2;9;8m [38;2;3;7;8m [38;2;10;23;28m [38;2;56;82;130m,[38;2;133;161;192md[38;2;115;139;154mo[38;2;77;88;99m,[38;2;13;35;49m.[38;2;7;34;52m [38;2;21;51;70m.[38;2;12;29;47m [38;2;14;26;64m [38;2;17;42;99m.[38;2;18;38;149m.[38;2;3;67;219m'[38;2;54;167;252mo[38;2;53;175;255md[38;2;55;180;255md[38;2;67;174;255md[38;2;58;167;255mo[38;2;12;105;236m;[38;2;25;88;203m,[38;2;47;101;234m:[38;2;157;181;215mk[38;2;53;72;120m'[38;2;14;38;94m.[38;2;87;113;205mc[38;2;29;53;87m.[38;2;24;41;58m.[38;2;42;80;98m'[38;2;47;88;96m,[38;2;42;71;82m.[38;2;4;12;19m [38;2;24;48;119m.[38;2;126;159;162md[38;2;40;83;87m'[38;2;34;74;80m.[38;2;57;123;118m:[38;2;30;70;75m.[38;2;3;14;23m [38;2;164;181;225mO[38;2;4;10;16m [38;2;40;92;94m,[38;2;41;75;73m'[38;2;43;58;81m.[38;2;103;139;141ml[38;2;40;81;87m'[38;2;78;114;156m:[38;2;23;46;49m.[38;2;64;135;128mc[38;2;82;158;152mo[38;2;48;86;111m,[38;2;101;127;149mc[38;2;92;131;143mc[38;2;4;9;15m [38;2;2;5;0m [38;2;8;24;26m [38;2;11;51;67m.[38;2;7;37;49m.[38;2;12;22;23m [38;2;6;49;55m.[38;2;12;48;58m.[38;2;0;2;0m [38;2;7;43;48m.[38;2;63;109;122m;[38;2;13;42;46m.[38;2;11;43;51m.[38;2;12;45;54m.[0m
[0m[38;2;18;39;41m.[38;2;26;67;78m.[38;2;46;94;86m,[38;2;4;14;14m [38;2;4;31;43m [38;2;69;133;143mc[38;2;34;80;83m'[38;2;11;19;20m [38;2;40;78;81m'[38;2;38;77;81m'[38;2;40;82;86m'[38;2;44;98;93m,[38;2;34;73;72m.[38;2;24;49;52m.[38;2;24;55;56m.[38;2;20;47;45m.[38;2;4;12;25m [38;2;29;61;87m.[38;2;76;103;135m:[38;2;96;117;152mc[38;2;80;116;155m:[38;2;71;99;127m;[38;2;95;120;134mc[38;2;90;121;169mc[38;2;103;143;202mo[38;2;108;158;226md[38;2;87;172;255md[38;2;173;247;255mX[38;2;125;249;255mK[38;2;121;250;255mK[38;2;108;248;255mK[38;2;93;244;255m0[38;2;68;222;255mk[38;2;128;221;255m0[38;2;23;206;255mx[38;2;131;176;245mk[38;2;3;34;172m.[38;2;3;41;113m.[38;2;64;88;172m;[38;2;48;82;142m,[38;2;45;81;103m'[38;2;51;109;121m;[38;2;59;134;150mc[38;2;61;129;140mc[38;2;0;7;14m [38;2;40;69;142m'[38;2;119;141;144mo[38;2;53;103;102m;[38;2;23;49;64m.[38;2;65;133;130mc[38;2;43;95;92m,[38;2;0;10;23m [38;2;164;187;220mO[38;2;13;17;32m [38;2;10;49;56m.[38;2;32;59;59m.[38;2;44;63;85m.[38;2;103;126;129mc[38;2;13;23;42m [38;2;81;113;145m:[38;2;5;20;21m [38;2;12;44;37m.[38;2;51;100;112m,[38;2;100;130;160ml[38;2;5;8;11m [38;2;57;83;95m,[38;2;35;49;73m.[38;2;1;1;0m [38;2;12;23;33m [38;2;10;52;69m.[38;2;7;40;46m.[38;2;10;27;27m [38;2;10;41;58m.[38;2;6;46;51m.[38;2;0;2;0m [38;2;21;53;58m.[38;2;57;98;105m,[38;2;7;27;31m [38;2;19;41;50m.[38;2;16;44;51m.[0m
[0m[38;2;37;59;67m.[38;2;75;153;159ml[38;2;17;42;38m.[38;2;5;13;20m [38;2;4;32;44m [38;2;73;140;145mc[38;2;32;75;76m.[38;2;25;40;44m.[38;2;77;155;159ml[38;2;63;139;134mc[38;2;57;135;130mc[38;2;56;138;131mc[38;2;68;140;146mc[38;2;14;42;45m.[38;2;7;37;50m.[38;2;12;41;47m.[38;2;1;17;27m [38;2;8;43;52m.[38;2;9;40;50m.[38;2;8;33;46m [38;2;19;45;76m.[38;2;25;50;85m.[38;2;51;96;150m;[38;2;37;85;166m,[38;2;42;86;194m,[38;2;41;115;248m:[38;2;22;191;255md[38;2;121;229;255m0[38;2;116;243;255mK[38;2;122;250;255mK[38;2;153;252;255mX[38;2;196;255;255mN[38;2;196;255;255mN[38;2;239;255;255mM[38;2;12;254;255mO[38;2;115;169;255mx[38;2;12;56;224m.[38;2;8;51;145m.[38;2;48;79;157m,[38;2;55;101;169m;[38;2;1;3;7m [38;2;38;83;94m'[38;2;49;91;111m,[38;2;48;101;105m,[38;2;0;8;13m [38;2;56;88;167m;[38;2;116;132;128ml[38;2;5;19;24m [38;2;60;113;110m;[38;2;14;42;46m.[38;2;42;67;73m.[38;2;0;6;17m [38;2;163;179;215mk[38;2;13;26;33m [38;2;5;34;40m [38;2;6;25;26m [38;2;29;51;62m.[38;2;83;113;129m:[38;2;71;93;108m;[38;2;37;70;85m.[38;2;19;36;31m.[38;2;9;25;28m [38;2;56;84;114m,[38;2;33;64;81m.[38;2;0;3;5m [38;2;54;81;87m'[38;2;37;52;74m.[38;2;2;2;1m [38;2;8;27;27m [38;2;8;53;62m.[38;2;6;31;44m [38;2;16;30;28m [38;2;2;31;41m [38;2;7;50;56m.[38;2;0;0;0m [38;2;73;121;131m:[38;2;11;42;49m.[38;2;9;44;49m.[38;2;22;36;43m.[38;2;12;38;47m.[0m
[0m[38;2;78;137;122mc[38;2;23;67;73m.[38;2;2;18;15m [38;2;6;17;24m [38;2;4;31;45m [38;2;76;135;149mc[38;2;38;81;81m'[38;2;25;40;44m.[38;2;71;148;146ml[38;2;60;129;134m:[38;2;56;128;124m:[38;2;58;127;127m:[38;2;66;131;133mc[38;2;59;123;125m:[38;2;12;39;46m.[38;2;8;41;42m.[38;2;1;22;35m [38;2;7;43;54m.[38;2;7;42;49m.[38;2;3;43;53m.[38;2;6;43;60m.[38;2;6;32;57m [38;2;48;99;140m;[38;2;72;147;182ml[38;2;33;78;184m,[38;2;14;97;254m;[38;2;0;227;255mx[38;2;223;255;255mW[38;2;153;255;255mX[38;2;163;255;255mN[38;2;172;255;255mN[38;2;179;255;255mN[38;2;194;255;255mN[38;2;232;255;255mW[38;2;27;246;255mO[38;2;112;157;250md[38;2;10;40;186m.[38;2;5;39;120m.[38;2;48;78;155m,[38;2;65;106;175m:[38;2;7;20;19m [38;2;24;55;65m.[38;2;41;77;90m'[38;2;25;52;53m.[38;2;8;20;20m [38;2;61;103;162m;[38;2;128;129;129ml[38;2;17;41;41m.[38;2;23;52;54m.[38;2;27;62;63m.[38;2;54;92;92m,[38;2;0;1;4m [38;2;155;169;193mx[38;2;27;46;54m.[38;2;8;40;48m.[38;2;10;46;56m.[38;2;13;28;34m [38;2;81;107;132m:[38;2;99;134;160ml[38;2;4;18;28m [38;2;10;24;32m [38;2;16;31;32m [38;2;94;129;147mc[38;2;2;10;7m [38;2;0;3;1m [38;2;94;134;136ml[38;2;16;18;29m [38;2;0;3;3m [38;2;8;30;29m [38;2;6;53;63m.[38;2;7;31;40m [38;2;17;29;27m [38;2;7;35;39m [38;2;9;46;53m.[38;2;16;28;22m [38;2;50;97;102m,[38;2;7;38;46m.[38;2;11;44;53m.[38;2;19;36;47m.[38;2;15;40;50m.[0m
[0m[38;2;35;69;64m.[38;2;6;38;55m.[38;2;4;24;20m [38;2;5;15;19m [38;2;4;31;45m [38;2;71;137;151mc[38;2;32;69;57m.[38;2;22;37;52m.[38;2;70;149;151ml[38;2;55;132;135m:[38;2;55;127;128m:[38;2;58;128;125m:[38;2;61;137;133mc[38;2;59;118;121m:[38;2;49;103;105m;[38;2;8;41;44m.[38;2;2;22;24m [38;2;12;40;53m.[38;2;6;44;53m.[38;2;3;41;42m.[38;2;6;36;50m [38;2;9;34;56m [38;2;7;25;51m [38;2;40;79;118m'[38;2;57;106;176m:[38;2;21;84;234m,[38;2;14;169;254ml[38;2;97;204;255mk[38;2;85;232;255mO[38;2;92;227;255mO[38;2;78;225;255mO[38;2;56;220;255mk[38;2;57;198;255mx[38;2;41;179;255md[38;2;66;192;255mx[38;2;117;148;214md[38;2;8;17;87m [38;2;52;107;157m;[38;2;56;92;158m;[38;2;63;100;177m;[38;2;6;15;14m [38;2;22;59;71m.[38;2;12;49;63m.[38;2;7;42;56m.[38;2;0;15;17m [38;2;70;120;183mc[38;2;127;130;129ml[38;2;5;24;40m [38;2;11;47;60m.[38;2;7;51;57m.[38;2;17;57;51m.[38;2;0;3;4m [38;2;137;159;184md[38;2;63;82;92m,[38;2;2;24;25m [38;2;7;25;28m [38;2;0;6;5m [38;2;91;127;160mc[38;2;90;131;167ml[38;2;11;15;14m [38;2;10;12;12m [38;2;74;110;118m:[38;2;25;36;40m.[38;2;2;2;2m [38;2;7;14;23m [38;2;118;161;174md[38;2;0;1;0m [38;2;1;6;1m [38;2;12;30;27m [38;2;6;50;60m.[38;2;10;30;29m [38;2;11;25;31m [38;2;3;39;47m.[38;2;10;43;45m.[38;2;12;24;24m [38;2;8;38;45m.[38;2;13;34;46m [38;2;13;37;43m.[38;2;18;37;46m.[38;2;10;31;40m [0m
[0m[38;2;19;45;46m.[38;2;5;43;54m.[38;2;3;29;22m [38;2;5;13;17m [38;2;7;31;36m [38;2;69;132;146mc[38;2;25;63;58m.[38;2;18;26;42m [38;2;50;111;113m;[38;2;41;90;88m'[38;2;42;85;86m'[38;2;45;90;82m,[38;2;47;91;90m,[38;2;55;100;102m,[38;2;38;76;72m'[38;2;35;70;69m.[38;2;35;67;61m.[38;2;2;11;14m [38;2;8;35;47m [38;2;9;32;38m [38;2;6;35;49m [38;2;8;37;52m.[38;2;24;47;62m.[38;2;18;51;80m.[38;2;21;53;112m.[38;2;21;72;152m'[38;2;41;93;193m;[38;2;6;46;177m.[38;2;17;94;228m,[38;2;14;89;227m,[38;2;5;88;225m,[38;2;8;83;221m,[38;2;10;66;208m'[38;2;4;36;171m.[38;2;100;158;232md[38;2;117;128;146ml[38;2;0;1;23m [38;2;63;129;144mc[38;2;69;111;189m:[38;2;54;92;153m;[38;2;3;18;26m [38;2;15;52;69m.[38;2;4;45;62m.[38;2;4;44;46m.[38;2;1;18;22m [38;2;94;136;193ml[38;2;119;128;128ml[38;2;4;15;24m [38;2;3;17;22m [38;2;2;11;16m [38;2;43;34;20m.[38;2;52;52;34m.[38;2;145;149;133md[38;2;150;137;102mo[38;2;132;103;68m:[38;2;117;108;62m:[38;2;92;73;38m'[38;2;113;133;117ml[38;2;72;99;106m;[38;2;67;81;85m,[38;2;51;55;51m.[38;2;97;147;180mo[38;2;22;28;24m [38;2;9;16;26m [38;2;108;130;146ml[38;2;28;40;42m.[38;2;0;2;0m [38;2;1;4;0m [38;2;14;31;33m [38;2;8;50;54m.[38;2;9;28;34m [38;2;8;27;27m [38;2;5;34;40m [38;2;6;30;28m [38;2;8;18;17m [38;2;11;41;46m.[38;2;11;34;47m [38;2;10;26;39m [38;2;12;37;40m.[38;2;39;76;82m'[0m
[0m[38;2;16;37;38m.[38;2;3;39;43m [38;2;3;31;27m [38;2;5;31;40m [38;2;3;25;38m [38;2;64;122;151m:[38;2;36;83;71m'[38;2;1;3;7m [38;2;6;29;34m [38;2;6;31;36m [38;2;11;41;50m.[38;2;21;55;51m.[38;2;20;55;65m.[38;2;23;64;67m.[38;2;23;61;68m.[38;2;38;76;88m'[38;2;82;162;152mo[38;2;2;3;5m [38;2;7;42;51m.[38;2;6;41;48m.[38;2;5;43;55m.[38;2;4;42;56m.[38;2;5;42;58m.[38;2;8;42;62m.[38;2;8;42;69m.[38;2;6;44;85m.[38;2;14;45;100m.[38;2;20;33;81m.[38;2;16;51;114m.[38;2;14;52;122m.[38;2;14;51;122m.[38;2;12;49;114m.[38;2;15;46;115m.[38;2;6;25;76m [38;2;109;141;198mo[38;2;115;130;132ml[38;2;0;2;7m [38;2;42;73;79m'[38;2;90;144;224mo[38;2;38;62;95m.[38;2;5;16;14m [38;2;6;19;19m [38;2;2;9;18m [38;2;0;7;12m [38;2;0;2;7m [38;2;113;130;150ml[38;2;157;165;110mx[38;2;162;155;73md[38;2;202;181;76mk[38;2;204;202;88mO[38;2;244;222;91mK[38;2;246;225;94mX[38;2;236;200;62m0[38;2;236;193;63mO[38;2;247;217;86mK[38;2;246;209;74mK[38;2;250;200;71m0[38;2;252;209;68mK[38;2;228;190;77mO[38;2;165;146;44mo[38;2;153;134;54ml[38;2;158;149;84mo[38;2;150;128;47ml[38;2;179;161;93mx[38;2;134;92;43m:[38;2;147;100;30m:[38;2;138;98;35m:[38;2;76;59;24m.[38;2;8;15;21m [38;2;6;33;48m [38;2;4;26;42m [38;2;6;18;17m [38;2;12;21;24m [38;2;6;20;23m [38;2;10;31;32m [38;2;11;38;42m.[38;2;42;80;83m'[38;2;52;95;99m,[38;2;57;108;116m;[38;2;50;91;97m,[0m
[0m[38;2;25;42;46m.[38;2;4;43;54m.[38;2;5;42;49m.[38;2;5;41;49m.[38;2;3;24;39m [38;2;63;109;143m:[38;2;43;88;86m'[38;2;0;8;20m [38;2;2;44;48m.[38;2;1;42;44m.[38;2;2;41;47m.[38;2;2;41;46m.[38;2;2;41;47m.[38;2;2;43;46m.[38;2;3;42;45m.[38;2;2;34;42m [38;2;50;98;102m,[38;2;0;10;12m [38;2;2;45;50m.[38;2;1;42;49m.[38;2;2;43;47m.[38;2;2;42;47m.[38;2;5;41;51m.[38;2;4;41;50m.[38;2;6;40;59m.[38;2;3;44;60m.[38;2;4;44;63m.[38;2;41;59;67m.[38;2;12;44;62m.[38;2;5;34;50m [38;2;4;28;44m [38;2;6;26;41m [38;2;6;15;26m [38;2;0;6;10m [38;2;98;136;186ml[38;2;128;131;134ml[38;2;1;10;13m [38;2;24;36;63m.[38;2;105;166;234md[38;2;12;21;32m [38;2;29;53;66m.[38;2;8;17;27m [38;2;21;13;26m [38;2;77;71;42m'[38;2;160;133;66mo[38;2;244;224;112mX[38;2;234;196;57m0[38;2;188;149;55md[38;2;216;162;56mx[38;2;206;145;41md[38;2;200;128;31mo[38;2;196;121;37mo[38;2;190;117;30ml[38;2;128;68;20m,[38;2;224;160;52mx[38;2;236;191;69mO[38;2;242;199;73m0[38;2;245;214;81mK[38;2;234;198;71m0[38;2;242;203;72m0[38;2;255;225;78mX[38;2;255;221;72mK[38;2;255;222;76mX[38;2;255;229;78mX[38;2;233;187;64mO[38;2;243;188;60mO[38;2;239;197;64m0[38;2;232;172;54mk[38;2;181;127;57mo[38;2;184;137;71mo[38;2;160;138;78mo[38;2;83;69;39m'[38;2;37;35;29m.[38;2;13;31;43m [38;2;27;58;68m.[38;2;37;79;79m'[38;2;36;72;73m.[38;2;14;41;56m.[38;2;6;36;43m [38;2;11;35;43m [0m
[0m[38;2;20;43;49m.[38;2;4;41;51m.[38;2;1;41;46m.[38;2;2;41;44m.[38;2;2;25;35m [38;2;57;104;143m;[38;2;48;103;102m,[38;2;0;4;12m [38;2;4;40;46m.[38;2;2;41;46m.[38;2;3;41;44m.[38;2;2;41;45m.[38;2;2;41;45m.[38;2;0;42;44m.[38;2;3;41;45m.[38;2;2;39;46m [38;2;7;39;47m.[38;2;1;16;18m [38;2;4;48;65m.[38;2;5;40;53m.[38;2;2;41;47m.[38;2;2;34;38m [38;2;4;33;35m [38;2;3;25;28m [38;2;2;21;27m [38;2;1;20;20m [38;2;2;10;16m [38;2;10;19;21m [38;2;8;21;29m [38;2;0;5;2m [38;2;13;33;30m [38;2;10;26;32m [38;2;23;31;32m [38;2;23;22;21m [38;2;110;134;173ml[38;2;150;157;158md[38;2;40;54;60m.[38;2;43;63;96m.[38;2;111;143;193mo[38;2;65;69;71m'[38;2;64;86;123m,[38;2;55;64;87m'[38;2;124;120;106mc[38;2;179;143;60mo[38;2;166;131;64mo[38;2;144;99;44m:[38;2;132;85;30m;[38;2;92;54;26m.[38;2;121;89;40m;[38;2;174;118;43ml[38;2;179;115;35ml[38;2;101;59;18m'[38;2;97;84;67m,[38;2;91;77;57m,[38;2;61;43;30m.[38;2;192;128;44mo[38;2;184;114;33ml[38;2;165;96;26m:[38;2;172;86;13m:[38;2;249;225;89mX[38;2;255;223;81mX[38;2;255;217;74mK[38;2;255;216;76mK[38;2;255;217;75mK[38;2;255;217;77mK[38;2;255;218;76mK[38;2;255;215;73mK[38;2;255;223;78mX[38;2;251;211;77mK[38;2;243;200;73m0[38;2;235;161;60mk[38;2;211;146;47md[38;2;222;158;58mx[38;2;175;139;75mo[38;2;20;23;26m [38;2;3;40;51m.[38;2;14;42;51m.[38;2;9;43;54m.[38;2;9;41;51m.[38;2;14;33;47m [0m
[0m[38;2;17;43;53m.[38;2;4;41;49m.[38;2;3;39;49m.[38;2;0;39;46m [38;2;0;22;31m [38;2;56;102;146m;[38;2;54;117;105m;[38;2;0;10;15m [38;2;4;39;49m.[38;2;1;42;48m.[38;2;2;42;51m.[38;2;3;41;54m.[38;2;4;40;42m.[38;2;0;35;41m [38;2;3;32;33m [38;2;0;26;31m [38;2;4;22;27m [38;2;1;10;7m [38;2;2;15;16m [38;2;2;12;10m [38;2;1;11;11m [38;2;8;16;12m [38;2;1;8;3m [38;2;0;3;0m [38;2;3;5;1m [38;2;0;4;0m [38;2;0;9;9m [38;2;16;48;66m.[38;2;20;61;78m.[38;2;5;13;15m [38;2;51;73;75m'[38;2;20;39;41m.[38;2;70;100;93m;[38;2;69;87;81m,[38;2;129;142;164mo[38;2;163;190;191mO[38;2;112;136;166ml[38;2;50;73;146m'[38;2;132;176;240mk[38;2;128;174;241mx[38;2;129;176;249mk[38;2;120;179;248mk[38;2;101;182;245mx[38;2;47;108;182m;[38;2;35;72;122m'[38;2;39;66;110m.[38;2;43;48;65m.[38;2;32;52;70m.[38;2;35;63;71m.[38;2;90;123;120mc[38;2;109;109;112m:[38;2;26;37;40m.[38;2;79;121;124m:[38;2;41;45;54m.[38;2;206;167;90mk[38;2;211;129;27mo[38;2;230;157;52mx[38;2;147;89;30m:[38;2;206;120;24mo[38;2;255;243;99mN[38;2;255;220;78mK[38;2;255;216;76mK[38;2;255;215;76mK[38;2;255;217;74mK[38;2;255;216;75mK[38;2;255;214;75mK[38;2;255;213;74mK[38;2;255;214;74mK[38;2;255;215;75mK[38;2;255;223;80mX[38;2;250;201;71m0[38;2;190;111;23ml[38;2;196;145;55md[38;2;197;151;68md[38;2;148;99;38m:[38;2;0;16;29m [38;2;11;35;49m.[38;2;10;34;47m [38;2;15;35;45m.[38;2;9;23;41m [0m
[0m[38;2;20;47;53m.[38;2;6;41;48m.[38;2;2;33;47m [38;2;2;39;51m.[38;2;2;25;35m [38;2;45;86;133m,[38;2;54;121;111m:[38;2;0;11;12m [38;2;2;24;29m [38;2;0;23;19m [38;2;1;16;17m [38;2;2;12;13m [38;2;0;7;4m [38;2;0;6;0m [38;2;0;4;1m [38;2;0;6;1m [38;2;3;17;31m [38;2;3;26;30m [38;2;8;33;39m [38;2;7;36;42m [38;2;10;40;55m.[38;2;15;52;61m.[38;2;1;13;15m [38;2;0;6;4m [38;2;0;6;16m [38;2;0;5;7m [38;2;0;11;22m [38;2;11;45;70m.[38;2;8;47;62m.[38;2;4;31;31m [38;2;4;23;36m [38;2;18;44;55m.[38;2;2;21;36m [38;2;0;0;5m [38;2;22;33;62m.[38;2;194;222;245mX[38;2;34;90;156m,[38;2;45;107;240m:[38;2;98;184;253mx[38;2;71;229;255mO[38;2;73;225;255mO[38;2;87;227;255mO[38;2;46;221;255mk[38;2;168;205;255m0[38;2;191;191;206m0[38;2;164;138;133md[38;2;123;106;97m:[38;2;80;88;81m,[38;2;28;35;53m.[38;2;39;87;107m'[38;2;75;110;123m:[38;2;64;88;100m,[38;2;100;127;151ml[38;2;7;14;16m [38;2;190;132;41mo[38;2;208;123;29mo[38;2;221;142;45md[38;2;50;29;16m.[38;2;203;139;45md[38;2;255;241;92mN[38;2;255;215;70mK[38;2;255;214;70mK[38;2;255;214;74mK[38;2;255;215;74mK[38;2;255;214;73mK[38;2;255;213;75mK[38;2;255;213;73mK[38;2;255;213;73mK[38;2;255;208;72mK[38;2;255;209;73mK[38;2;255;223;76mX[38;2;217;177;68mk[38;2;168;114;57ml[38;2;197;160;85mx[38;2;225;161;57mk[38;2;49;34;21m.[38;2;6;21;25m [38;2;9;36;43m [38;2;21;37;41m.[38;2;21;34;34m.[0m
[0m[38;2;11;26;24m [38;2;5;22;23m [38;2;11;17;19m [38;2;3;14;28m [38;2;8;32;50m [38;2;46;77;124m'[38;2;64;129;129m:[38;2;0;9;1m [38;2;0;7;5m [38;2;11;19;19m [38;2;6;16;16m [38;2;14;25;27m [38;2;0;8;0m [38;2;3;10;0m [38;2;0;8;4m [38;2;1;7;1m [38;2;4;26;36m [38;2;4;38;50m.[38;2;13;44;55m.[38;2;9;39;51m.[38;2;11;39;59m.[38;2;15;45;66m.[38;2;1;18;29m [38;2;0;4;32m [38;2;0;16;60m [38;2;0;16;54m [38;2;1;11;69m [38;2;10;41;77m.[38;2;14;32;68m.[38;2;11;35;50m.[38;2;13;39;54m.[38;2;12;33;43m [38;2;31;51;60m.[38;2;50;82;85m'[38;2;20;30;70m.[38;2;189;208;240mK[38;2;87;166;238md[38;2;65;144;253ml[38;2;136;221;255m0[38;2;49;255;255m0[38;2;105;255;255mK[38;2;153;255;255mX[38;2;58;251;255m0[38;2;155;221;255mK[38;2;159;180;245mO[38;2;188;184;179mO[38;2;144;141;104mo[38;2;227;209;156mK[38;2;137;118;98mc[38;2;15;37;62m.[38;2;32;55;55m.[38;2;1;9;4m [38;2;124;160;167md[38;2;38;49;81m.[38;2;156;119;44mc[38;2;226;140;38md[38;2;185;125;45mo[38;2;63;46;23m.[38;2;209;184;77mk[38;2;255;225;76mX[38;2;255;214;78mK[38;2;255;215;72mK[38;2;255;214;77mK[38;2;255;214;72mK[38;2;255;213;79mK[38;2;255;212;73mK[38;2;255;213;83mK[38;2;255;214;76mK[38;2;255;209;75mK[38;2;254;203;65m0[38;2;255;212;78mK[38;2;255;226;81mX[38;2;191;157;76mx[38;2;168;122;52ml[38;2;197;167;75mx[38;2;192;158;95mx[38;2;12;6;7m [38;2;5;13;8m [38;2;5;15;15m [38;2;4;10;0m [0m
