[0m[38;2;29;71;57m.[38;2;15;67;73m.[38;2;17;59;48m.[38;2;2;20;10m [38;2;15;46;53m.[38;2;0;33;45m [38;2;116;205;206mk[38;2;24;53;50m.[38;2;5;7;0m [38;2;0;15;3m [38;2;2;16;7m [38;2;11;29;20m [38;2;10;34;26m [38;2;6;20;33m [38;2;136;190;220mk[38;2;122;129;142ml[38;2;2;18;15m [38;2;12;66;73m.[38;2;18;70;85m.[38;2;16;66;75m.[38;2;13;71;73m.[38;2;14;66;75m.[38;2;17;70;74m.[38;2;17;71;90m.[38;2;18;69;86m.[38;2;9;54;53m.[38;2;112;211;209mO[38;2;16;37;31m.[38;2;51;110;107m;[38;2;66;141;158mc[38;2;66;121;151m:[38;2;38;78;106m'[38;2;16;61;77m.[38;2;18;58;70m.[38;2;6;51;78m.[38;2;84;165;155mo[38;2;71;87;98m,[38;2;114;226;223m0[38;2;68;145;158ml[38;2;8;59;78m.[38;2;5;69;66m.[38;2;39;90;151m,[38;2;147;172;203mx[38;2;8;52;58m.[38;2;3;26;31m [38;2;14;60;118m.[38;2;244;255;255mM[38;2;60;124;149m:[38;2;74;141;151ml[38;2;59;87;103m,[38;2;15;34;35m [38;2;26;53;84m.[38;2;8;46;39m.[38;2;10;52;41m.[38;2;6;62;63m.[38;2;10;43;56m.[38;2;19;67;73m.[38;2;4;22;23m [38;2;81;130;178mc[38;2;9;51;56m.[38;2;2;36;45m [38;2;4;47;54m.[38;2;14;42;49m.[38;2;15;62;73m.[38;2;5;53;58m.[38;2;17;56;69m.[38;2;3;40;57m.[38;2;26;59;71m.[38;2;11;61;83m.[38;2;18;76;87m.[38;2;12;42;48m.[38;2;28;66;74m.[38;2;16;57;61m.[38;2;0;7;9m [38;2;7;43;43m.[38;2;13;57;63m.[38;2;13;57;60m.[38;2;16;48;46m.[38;2;27;67;63m.[38;2;3;71;52m.[0m
[0m[38;2;30;68;62m.[38;2;18;62;67m.[38;2;11;45;35m.[38;2;0;17;18m [38;2;4;44;48m.[38;2;0;31;45m [38;2;111;208;209mk[38;2;15;35;32m [38;2;0;7;6m [38;2;3;11;1m [38;2;0;1;0m [38;2;3;9;0m [38;2;0;4;0m [38;2;33;55;72m.[38;2;223;245;254mW[38;2;19;19;23m [38;2;3;19;18m [38;2;1;27;22m [38;2;5;32;30m [38;2;4;39;48m.[38;2;11;46;60m.[38;2;15;53;67m.[38;2;15;62;66m.[38;2;22;68;105m.[38;2;10;71;102m.[38;2;10;59;83m.[38;2;54;122;142m:[38;2;21;50;54m.[38;2;11;64;78m.[38;2;8;59;66m.[38;2;7;56;69m.[38;2;22;68;87m.[38;2;25;70;85m.[38;2;26;73;82m.[38;2;26;74;81m.[38;2;70;106;119m;[38;2;53;75;87m'[38;2;99;213;203mk[38;2;107;213;236mO[38;2;18;66;113m.[38;2;1;46;50m.[38;2;45;94;167m;[38;2;134;160;174md[38;2;7;46;53m.[38;2;6;26;36m [38;2;26;66;139m.[38;2;236;255;255mM[38;2;9;20;27m [38;2;99;184;186mx[38;2;125;222;226m0[38;2;53;106;119m;[38;2;52;102;116m;[38;2;5;31;45m [38;2;50;95;101m,[38;2;13;46;45m.[38;2;10;23;24m [38;2;18;47;51m.[38;2;0;18;20m [38;2;126;183;226mk[38;2;7;44;61m.[38;2;8;37;47m.[38;2;6;46;65m.[38;2;67;86;104m,[38;2;55;70;80m'[38;2;59;90;97m,[38;2;64;87;89m,[38;2;56;78;83m'[38;2;44;75;85m'[38;2;23;61;73m.[38;2;13;63;73m.[38;2;1;29;33m [38;2;16;57;68m.[38;2;13;44;51m.[38;2;0;8;3m [38;2;9;46;46m.[38;2;16;45;51m.[38;2;16;48;48m.[38;2;16;47;36m.[38;2;25;56;63m.[38;2;11;57;61m.[0m
[0m[38;2;35;66;65m.[38;2;14;63;67m.[38;2;15;48;58m.[38;2;1;17;17m [38;2;7;54;64m.[38;2;3;37;54m [38;2;119;199;195mk[38;2;2;20;36m [38;2;6;32;31m [38;2;6;34;36m [38;2;2;26;34m [38;2;9;33;41m [38;2;1;2;11m [38;2;163;190;218mO[38;2;115;125;148ml[38;2;6;37;50m.[38;2;7;41;63m.[38;2;0;5;0m [38;2;0;9;3m [38;2;0;7;11m [38;2;3;9;4m [38;2;0;5;0m [38;2;0;13;4m [38;2;10;21;33m [38;2;8;33;34m [38;2;13;37;46m.[38;2;14;50;65m.[38;2;12;27;33m [38;2;21;62;83m.[38;2;20;71;101m.[38;2;14;72;96m.[38;2;8;70;90m.[38;2;8;68;88m.[38;2;8;67;90m.[38;2;5;49;71m.[38;2;100;163;177md[38;2;55;84;96m,[38;2;32;81;85m'[38;2;60;130;163mc[38;2;58;109;150m;[38;2;17;47;59m.[38;2;62;103;177m:[38;2;128;130;149ml[38;2;7;47;53m.[38;2;7;20;33m [38;2;16;45;117m.[38;2;250;255;255mM[38;2;3;14;44m [38;2;34;70;104m.[38;2;132;226;245m0[38;2;51;87;100m,[38;2;110;181;194mx[38;2;3;33;55m [38;2;69;128;154mc[38;2;127;214;222mO[38;2;31;67;69m.[38;2;34;59;62m.[38;2;29;64;71m.[38;2;161;205;230m0[38;2;9;36;58m.[38;2;15;31;48m [38;2;8;37;51m.[38;2;78;109;112m:[38;2;76;104;113m;[38;2;84;110;118m:[38;2;85;111;111m:[38;2;85;110;105m:[38;2;64;97;107m;[38;2;96;110;127m:[38;2;71;96;123m;[38;2;1;34;35m [38;2;14;29;34m [38;2;9;18;25m [38;2;11;50;56m.[38;2;14;68;81m.[38;2;14;41;47m.[38;2;28;61;58m.[38;2;12;37;30m [38;2;22;58;71m.[38;2;13;53;65m.[0m
[0m[38;2;37;67;73m.[38;2;11;64;68m.[38;2;11;43;45m.[38;2;11;20;22m [38;2;8;57;70m.[38;2;5;36;46m [38;2;101;206;207mk[38;2;9;42;58m.[38;2;3;7;7m [38;2;13;57;57m.[38;2;3;20;25m [38;2;12;41;43m.[38;2;83;113;142m:[38;2;217;226;235mX[38;2;8;22;37m [38;2;6;64;83m.[38;2;5;39;49m.[38;2;13;47;65m.[38;2;11;52;78m.[38;2;12;32;47m [38;2;11;20;22m [38;2;51;54;51m.[38;2;50;53;55m.[38;2;51;54;56m.[38;2;52;54;52m.[38;2;54;53;51m.[38;2;47;51;51m.[38;2;44;49;51m.[38;2;29;41;42m.[38;2;42;61;65m.[38;2;32;49;56m.[38;2;9;31;43m [38;2;10;44;60m.[38;2;13;58;70m.[38;2;20;60;83m.[38;2;34;83;107m'[38;2;39;60;69m.[38;2;26;70;87m.[38;2;18;78;110m.[38;2;13;72;93m.[38;2;0;22;39m [38;2;107;146;189mo[38;2;120;137;144ml[38;2;51;105;115m;[38;2;69;103;115m;[38;2;6;29;95m.[38;2;255;255;255mM[38;2;4;24;47m [38;2;8;36;72m.[38;2;80;146;169ml[38;2;66;99;119m;[38;2;63;110;136m:[38;2;54;105;121m;[38;2;2;33;59m [38;2;119;197;209mk[38;2;27;68;76m.[38;2;20;43;51m.[38;2;84;167;187mo[38;2;143;172;207mx[38;2;1;32;31m [38;2;29;50;67m.[38;2;7;59;81m.[38;2;7;49;59m.[38;2;10;38;67m.[38;2;23;58;104m.[38;2;17;49;74m.[38;2;6;49;65m.[38;2;12;58;73m.[38;2;9;41;53m.[38;2;128;140;172mo[38;2;31;43;56m.[38;2;17;26;33m [38;2;14;59;77m.[38;2;14;74;80m.[38;2;10;53;62m.[38;2;6;3;8m [38;2;63;86;84m,[38;2;45;74;75m'[38;2;22;56;63m.[38;2;12;49;64m.[0m
[0m[38;2;37;64;66m.[38;2;15;65;77m.[38;2;9;42;38m.[38;2;9;22;27m [38;2;12;60;79m.[38;2;5;33;48m [38;2;103;206;212mk[38;2;15;50;65m.[38;2;18;46;66m.[38;2;4;17;24m [38;2;13;29;34m [38;2;27;48;84m.[38;2;229;248;255mW[38;2;62;71;85m'[38;2;3;45;59m.[38;2;8;58;78m.[38;2;1;30;36m [38;2;13;57;89m.[38;2;13;70;99m.[38;2;1;24;33m [38;2;84;100;101m;[38;2;201;222;223mX[38;2;189;213;214mK[38;2;189;210;217mK[38;2;182;202;212m0[38;2;191;210;210mK[38;2;167;194;205mO[38;2;182;188;208mO[38;2;118;164;163md[38;2;152;194;192mO[38;2;125;154;169md[38;2;129;147;153mo[38;2;71;91;107m,[38;2;90;101;102m;[38;2;28;26;35m [38;2;3;18;9m [38;2;4;8;10m [38;2;21;36;39m.[38;2;10;42;51m.[38;2;12;46;61m.[38;2;2;15;57m [38;2;148;177;243mk[38;2;67;107;130m;[38;2;12;49;90m.[38;2;84;166;183mo[38;2;15;27;99m.[38;2;255;255;255mM[38;2;14;41;64m.[38;2;35;74;116m'[38;2;49;93;103m,[38;2;75;116;126m:[38;2;18;46;76m.[38;2;93;154;166mo[38;2;4;42;63m.[38;2;46;106;122m;[38;2;40;77;78m'[38;2;10;55;68m.[38;2;20;84;91m'[38;2;147;167;221mx[38;2;10;39;58m.[38;2;76;121;142m:[38;2;6;73;115m.[38;2;15;60;106m.[38;2;65;132;156mc[38;2;19;56;88m.[38;2;6;30;50m [38;2;7;45;67m.[38;2;5;45;51m.[38;2;13;42;58m.[38;2;59;76;108m'[38;2;94;114;137mc[38;2;13;60;72m.[38;2;14;67;86m.[38;2;15;58;61m.[38;2;48;61;61m.[38;2;45;78;77m'[38;2;28;67;80m.[38;2;13;60;79m.[38;2;15;61;76m.[38;2;16;49;62m.[0m
[0m[38;2;33;65;68m.[38;2;14;67;79m.[38;2;15;38;40m.[38;2;11;26;28m [38;2;15;59;75m.[38;2;1;33;55m [38;2;113;207;222mO[38;2;6;24;31m [38;2;46;91;106m,[38;2;46;79;95m'[38;2;21;48;67m.[38;2;148;177;215mk[38;2;131;150;165md[38;2;29;55;69m.[38;2;30;72;90m.[38;2;40;87;108m'[38;2;6;20;49m [38;2;21;66;101m.[38;2;13;58;94m.[38;2;4;39;71m.[38;2;7;21;29m [38;2;31;65;84m.[38;2;16;42;55m.[38;2;10;39;46m.[38;2;16;42;43m.[38;2;20;41;44m.[38;2;12;34;41m [38;2;23;51;106m.[38;2;17;50;65m.[38;2;11;22;19m [38;2;15;50;61m.[38;2;30;63;104m.[38;2;35;64;88m.[38;2;122;129;152ml[38;2;193;215;233mK[38;2;104;108;111m:[38;2;3;10;11m [38;2;0;25;23m [38;2;3;17;6m [38;2;0;3;1m [38;2;0;29;68m [38;2;179;206;255mK[38;2;14;23;34m [38;2;6;14;20m [38;2;21;43;53m.[38;2;28;48;131m.[38;2;255;255;255mM[38;2;1;18;36m [38;2;11;63;90m.[38;2;5;61;88m.[38;2;63;124;155m:[38;2;19;35;58m.[38;2;29;92;111m,[38;2;27;73;103m.[38;2;33;77;102m'[38;2;41;76;91m'[38;2;13;44;57m.[38;2;17;69;74m.[38;2;140;158;213mx[38;2;28;59;97m.[38;2;70;114;135m:[38;2;51;138;164mc[38;2;1;52;89m.[38;2;23;94;127m,[38;2;14;58;84m.[38;2;9;37;43m.[38;2;8;45;67m.[38;2;15;63;75m.[38;2;3;27;37m [38;2;53;83;126m,[38;2;95;112;141m:[38;2;11;58;69m.[38;2;21;53;62m.[38;2;49;65;69m.[38;2;48;77;85m'[38;2;8;57;64m.[38;2;13;62;79m.[38;2;9;62;74m.[38;2;9;60;65m.[38;2;18;54;66m.[0m
[0m[38;2;35;65;71m.[38;2;12;69;80m.[38;2;13;29;35m [38;2;5;30;32m [38;2;18;59;74m.[38;2;1;38;50m [38;2;123;208;222mO[38;2;0;4;6m [38;2;12;55;77m.[38;2;6;48;51m.[38;2;41;67;147m'[38;2;201;214;229mK[38;2;6;20;17m [38;2;77;151;162ml[38;2;80;170;187md[38;2;102;190;216mx[38;2;23;52;80m.[38;2;68;115;148m:[38;2;29;77;100m'[38;2;38;77;107m'[38;2;28;80;109m'[38;2;37;88;117m,[38;2;32;66;75m.[38;2;29;63;73m.[38;2;23;54;43m.[38;2;20;37;51m.[38;2;0;15;9m [38;2;9;62;122m.[38;2;14;71;124m.[38;2;4;35;59m [38;2;3;42;57m.[38;2;17;48;84m.[38;2;24;72;99m.[38;2;0;7;3m [38;2;35;68;116m.[38;2;225;240;255mN[38;2;60;85;118m,[38;2;14;74;118m.[38;2;6;33;40m [38;2;12;30;34m [38;2;14;39;124m.[38;2;211;243;255mN[38;2;2;9;15m [38;2;17;67;79m.[38;2;1;20;34m [38;2;18;70;167m'[38;2;249;255;255mM[38;2;0;0;0m [38;2;5;14;11m [38;2;1;20;16m [38;2;5;30;32m [38;2;10;19;32m [38;2;10;45;54m.[38;2;8;52;58m.[38;2;16;56;81m.[38;2;23;74;84m.[38;2;9;24;39m [38;2;40;101;114m,[38;2;115;145;186mo[38;2;35;66;128m'[38;2;60;95;122m;[38;2;75;156;174mo[38;2;0;49;72m.[38;2;5;53;88m.[38;2;8;49;64m.[38;2;0;3;9m [38;2;6;18;20m [38;2;13;39;39m.[38;2;6;33;36m [38;2;55;94;136m;[38;2;104;115;128mc[38;2;6;15;15m [38;2;37;63;75m.[38;2;18;47;53m.[38;2;10;53;74m.[38;2;11;51;67m.[38;2;14;65;78m.[38;2;7;53;65m.[38;2;7;54;66m.[38;2;19;61;72m.[0m
[0m[38;2;29;67;67m.[38;2;9;65;79m.[38;2;16;34;45m.[38;2;0;28;28m [38;2;10;62;72m.[38;2;2;41;47m.[38;2;124;206;230mO[38;2;0;3;5m [38;2;16;62;77m.[38;2;9;29;50m [38;2;130;169;238mx[38;2;91;100;119m:[38;2;3;40;49m.[38;2;24;67;87m.[38;2;110;201;216mk[38;2;107;198;235mk[38;2;18;51;56m.[38;2;76;134;162mc[38;2;4;49;63m.[38;2;8;68;85m.[38;2;13;64;77m.[38;2;12;56;85m.[38;2;14;57;66m.[38;2;91;194;218mx[38;2;88;196;192mx[38;2;76;190;190md[38;2;19;59;59m.[38;2;94;136;165ml[38;2;40;73;101m'[38;2;55;94;112m,[38;2;27;66;97m.[38;2;24;76;97m.[38;2;42;77;102m'[38;2;20;45;45m.[38;2;4;21;44m [38;2;172;194;255m0[38;2;128;128;150ml[38;2;10;69;115m.[38;2;6;26;40m [38;2;14;32;56m.[38;2;50;77;228m,[38;2;226;249;248mW[38;2;1;20;33m [38;2;30;81;107m'[38;2;1;30;43m [38;2;15;49;135m.[38;2;251;255;255mM[38;2;0;6;2m [38;2;5;13;17m [38;2;16;45;67m.[38;2;12;42;51m.[38;2;12;25;34m [38;2;6;7;11m [38;2;2;8;8m [38;2;1;3;4m [38;2;4;13;10m [38;2;5;9;16m [38;2;5;25;32m [38;2;123;142;175mo[38;2;11;42;71m.[38;2;23;40;62m.[38;2;22;63;84m.[38;2;16;70;114m.[38;2;21;78;120m'[38;2;2;26;32m [38;2;3;8;6m [38;2;0;13;2m [38;2;0;10;6m [38;2;1;6;0m [38;2;88;114;128m:[38;2;64;78;105m,[38;2;25;42;55m.[38;2;17;67;82m.[38;2;18;61;70m.[38;2;11;52;64m.[38;2;24;57;59m.[38;2;15;48;56m.[38;2;12;58;68m.[38;2;13;60;73m.[38;2;19;62;71m.[0m
[0m[38;2;27;68;66m.[38;2;13;66;79m.[38;2;15;39;39m.[38;2;5;28;41m [38;2;16;65;77m.[38;2;4;36;46m [38;2;121;216;225mO[38;2;0;8;8m [38;2;11;61;71m.[38;2;27;50;107m.[38;2;185;215;252mK[38;2;7;24;29m [38;2;10;61;81m.[38;2;4;36;62m.[38;2;81;162;204mo[38;2;109;203;204mk[38;2;22;44;48m.[38;2;122;219;222mO[38;2;8;46;49m.[38;2;9;66;86m.[38;2;13;67;73m.[38;2;15;62;94m.[38;2;5;61;63m.[38;2;67;143;158ml[38;2;86;211;204mk[38;2;96;214;221mO[38;2;35;54;69m.[38;2;126;214;221mO[38;2;27;58;71m.[38;2;88;137;148ml[38;2;28;67;93m.[38;2;10;53;73m.[38;2;17;73;95m.[38;2;29;80;99m'[38;2;4;45;58m.[38;2;163;185;244mO[38;2;139;149;158md[38;2;24;75;81m.[38;2;30;95;117m,[38;2;7;36;89m.[38;2;102;163;251md[38;2;166;194;208mO[38;2;14;42;59m.[38;2;31;75;101m'[38;2;9;35;60m.[38;2;10;39;136m.[38;2;225;255;255mW[38;2;0;2;5m [38;2;12;46;70m.[38;2;15;75;130m.[38;2;7;40;79m.[38;2;23;49;74m.[38;2;27;41;53m.[38;2;122;142;145mo[38;2;102;135;135ml[38;2;110;139;137ml[38;2;95;121;128mc[38;2;63;81;84m,[38;2;108;130;143ml[38;2;49;64;66m.[38;2;50;66;80m.[38;2;27;31;38m.[38;2;4;14;24m [38;2;9;34;44m [38;2;3;16;18m [38;2;0;12;3m [38;2;0;10;0m [38;2;2;12;8m [38;2;1;2;0m [38;2;135;143;148mo[38;2;26;65;96m.[38;2;7;53;63m.[38;2;8;53;67m.[38;2;16;57;73m.[38;2;12;64;75m.[38;2;14;54;57m.[38;2;16;53;64m.[38;2;14;64;72m.[38;2;14;61;70m.[38;2;21;61;73m.[0m
[0m[38;2;25;58;60m.[38;2;10;53;68m.[38;2;7;37;34m [38;2;3;34;34m [38;2;15;63;69m.[38;2;5;37;50m.[38;2;123;208;221mO[38;2;0;19;26m [38;2;9;51;50m.[38;2;35;69;142m'[38;2;218;247;255mW[38;2;0;26;28m [38;2;12;62;86m.[38;2;9;55;88m.[38;2;29;78;105m'[38;2;117;211;208mO[38;2;36;50;54m.[38;2;120;240;229m0[38;2;45;110;119m;[38;2;8;57;72m.[38;2;9;69;72m.[38;2;9;66;80m.[38;2;10;65;65m.[38;2;29;76;71m.[38;2;102;218;213mO[38;2;109;222;218mO[38;2;7;21;25m [38;2;121;222;219mO[38;2;93;181;183md[38;2;18;42;53m.[38;2;81;146;160ml[38;2;15;62;65m.[38;2;24;64;75m.[38;2;17;65;69m.[38;2;7;40;75m.[38;2;171;192;240mO[38;2;125;188;201mk[38;2;79;154;153ml[38;2;2;47;70m.[38;2;14;46;126m.[38;2;200;241;255mN[38;2;131;145;168mo[38;2;72;142;187ml[38;2;99;196;209mk[38;2;3;12;17m [38;2;12;43;117m.[38;2;215;242;255mN[38;2;12;26;27m [38;2;7;50;62m.[38;2;10;61;73m.[38;2;6;37;51m.[38;2;29;57;79m.[38;2;15;29;48m [38;2;13;41;50m.[38;2;6;20;18m [38;2;2;17;14m [38;2;12;45;48m.[38;2;5;30;46m [38;2;109;120;145mc[38;2;4;29;46m [38;2;9;21;42m [38;2;161;173;211mk[38;2;22;39;51m.[38;2;17;56;65m.[38;2;2;10;20m [38;2;0;14;4m [38;2;5;10;6m [38;2;2;11;1m [38;2;0;0;0m [38;2;178;217;230mK[38;2;2;40;62m.[38;2;0;8;6m [38;2;13;70;73m.[38;2;12;65;81m.[38;2;22;65;77m.[38;2;25;65;78m.[38;2;17;47;55m.[38;2;33;68;77m.[38;2;16;51;64m.[38;2;16;63;71m.[0m
[0m[38;2;55;93;90m,[38;2;43;88;103m,[38;2;48;105;101m;[38;2;13;34;37m [38;2;18;59;71m.[38;2;6;40;46m.[38;2;111;201;210mk[38;2;7;21;25m [38;2;39;72;78m.[38;2;34;72;153m'[38;2;195;213;242mK[38;2;27;60;86m.[38;2;38;85;109m'[38;2;41;87;114m,[38;2;40;82;119m'[38;2;92;167;170md[38;2;56;90;93m,[38;2;80;151;154ml[38;2;106;203;216mk[38;2;32;84;84m'[38;2;23;82;88m'[38;2;18;73;91m.[38;2;7;60;76m.[38;2;8;42;46m.[38;2;83;181;183md[38;2;114;223;219mO[38;2;1;8;7m [38;2;116;223;217mO[38;2;97;203;205mk[38;2;81;162;176mo[38;2;19;53;72m.[38;2;65;122;131m:[38;2;10;58;78m.[38;2;11;66;68m.[38;2;28;49;100m.[38;2;159;179;241mO[38;2;103;182;191mx[38;2;97;208;205mk[38;2;58;117;132m:[38;2;43;90;151m,[38;2;254;255;255mM[38;2;54;86;135m,[38;2;16;58;97m.[38;2;121;203;215mk[38;2;0;11;20m [38;2;11;33;81m.[38;2;194;221;246mX[38;2;9;34;37m [38;2;18;66;79m.[38;2;15;69;74m.[38;2;5;38;39m [38;2;60;97;113m;[38;2;29;67;102m.[38;2;55;115;132m:[38;2;78;149;165ml[38;2;59;95;96m,[38;2;12;37;50m.[38;2;9;52;68m.[38;2;159;184;222mO[38;2;25;63;72m.[38;2;2;13;14m [38;2;121;142;185mo[38;2;38;63;87m.[38;2;9;64;69m.[38;2;2;6;17m [38;2;0;17;10m [38;2;0;17;16m [38;2;2;5;2m [38;2;49;60;80m.[38;2;113;151;166mo[38;2;12;58;76m.[38;2;5;16;13m [38;2;21;60;69m.[38;2;4;45;48m.[38;2;20;54;64m.[38;2;9;44;46m.[38;2;17;49;57m.[38;2;27;61;65m.[38;2;36;73;92m'[38;2;31;75;84m.[0m
[0m[38;2;32;69;71m.[38;2;19;61;80m.[38;2;17;70;69m.[38;2;1;31;40m [38;2;15;68;78m.[38;2;6;40;55m.[38;2;102;193;195mx[38;2;2;15;19m [38;2;7;51;65m.[38;2;31;57;141m.[38;2;238;247;253mW[38;2;2;16;35m [38;2;4;36;63m.[38;2;63;124;148m:[38;2;26;63;107m.[38;2;25;61;80m.[38;2;103;170;186md[38;2;13;22;31m [38;2;48;108;128m;[38;2;57;112;130m;[38;2;48;115;115m;[38;2;45;103;125m;[38;2;42;101;116m,[38;2;39;92;104m,[38;2;49;105;117m;[38;2;54;128;118m:[38;2;67;112;123m:[38;2;48;95;91m,[38;2;74;156;149ml[38;2;69;152;140ml[38;2;49;117;113m;[38;2;34;78;90m'[38;2;52;94;117m,[38;2;41;89;97m'[38;2;38;70;118m'[38;2;144;185;243mk[38;2;93;168;176md[38;2;85;186;204mx[38;2;81;181;191md[38;2;121;148;201md[38;2;215;251;255mW[38;2;1;28;61m [38;2;12;66;100m.[38;2;36;91;110m,[38;2;6;37;46m [38;2;8;37;84m.[38;2;182;212;239mK[38;2;3;35;40m [38;2;17;69;86m.[38;2;11;75;72m.[38;2;2;30;38m [38;2;133;205;215mO[38;2;18;64;104m.[38;2;11;53;74m.[38;2;84;169;182md[38;2;82;146;145ml[38;2;14;39;55m.[38;2;0;40;73m.[38;2;145;210;223m0[38;2;39;78;102m'[38;2;0;9;8m [38;2;118;152;195md[38;2;33;67;89m.[38;2;70;124;123m:[38;2;0;1;3m [38;2;0;13;8m [38;2;0;16;24m [38;2;0;1;1m [38;2;166;186;209mO[38;2;21;62;90m.[38;2;13;64;85m.[38;2;6;20;17m [38;2;9;46;59m.[38;2;50;105;117m;[38;2;24;76;130m'[38;2;36;80;114m'[38;2;14;40;53m.[38;2;105;115;113mc[38;2;59;84;83m,[38;2;41;96;103m,[0m
[0m[38;2;26;68;68m.[38;2;13;64;79m.[38;2;21;69;71m.[38;2;3;31;42m [38;2;21;66;77m.[38;2;3;41;56m.[38;2;115;212;215mO[38;2;15;35;45m.[38;2;8;65;77m.[38;2;11;21;83m [38;2;210;239;255mN[38;2;42;64;82m.[38;2;8;49;70m.[38;2;26;74;92m.[38;2;106;180;186mx[38;2;2;35;54m [38;2;80;156;181mo[38;2;8;17;34m [38;2;17;85;107m'[38;2;21;75;101m.[38;2;17;82;100m'[38;2;15;79;100m.[38;2;12;76;93m.[38;2;12;79;103m.[38;2;14;66;87m.[38;2;12;66;77m.[38;2;57;124;126m:[38;2;35;51;56m.[38;2;12;60;62m.[38;2;11;57;67m.[38;2;14;66;75m.[38;2;21;63;84m.[38;2;32;89;93m'[38;2;29;79;99m'[38;2;49;89;143m,[38;2;153;193;252mO[38;2;29;69;96m.[38;2;22;98;108m,[38;2;26;54;106m.[38;2;200;232;252mX[38;2;47;96;140m,[38;2;22;70;100m.[38;2;34;94;129m,[38;2;52;120;142m:[38;2;34;56;70m.[38;2;9;29;88m.[38;2;165;190;220mO[38;2;27;67;67m.[38;2;42;97;115m,[38;2;45;102;122m;[38;2;27;61;69m.[38;2;98;161;158mo[38;2;84;173;193md[38;2;23;53;94m.[38;2;18;56;90m.[38;2;60;110;122m;[38;2;10;35;52m.[38;2;31;58;103m.[38;2;129;149;168md[38;2;6;51;82m.[38;2;0;1;8m [38;2;146;179;230mk[38;2;2;32;59m [38;2;23;77;76m.[38;2;0;5;3m [38;2;3;9;16m [38;2;0;8;13m [38;2;51;57;76m.[38;2;133;153;178md[38;2;11;57;84m.[38;2;15;69;94m.[38;2;4;20;21m [38;2;15;46;55m.[38;2;35;54;71m.[38;2;23;45;61m.[38;2;61;115;131m:[38;2;9;37;46m.[38;2;147;154;154md[38;2;83;124;118mc[38;2;39;99;108m,[0m
[0m[38;2;25;73;73m.[38;2;13;65;76m.[38;2;21;67;74m.[38;2;4;22;28m [38;2;19;70;80m.[38;2;1;40;57m.[38;2;104;195;191mx[38;2;12;34;37m [38;2;9;64;77m.[38;2;1;24;45m [38;2;125;162;231mx[38;2;137;159;166md[38;2;1;36;46m [38;2;5;51;78m.[38;2;58;110;128m;[38;2;67;136;141mc[38;2;81;160;173mo[38;2;4;13;25m [38;2;15;67;94m.[38;2;12;68;85m.[38;2;13;66;108m.[38;2;15;67;112m.[38;2;13;69;110m.[38;2;14;80;114m'[38;2;12;75;122m.[38;2;18;73;121m.[38;2;21;88;128m'[38;2;17;48;71m.[38;2;17;79;108m.[38;2;15;78;116m.[38;2;22;79;116m'[38;2;26;74;118m'[38;2;15;82;110m'[38;2;4;62;96m.[38;2;59;104;195m:[38;2;173;218;255mK[38;2;3;33;80m.[38;2;2;55;95m.[38;2;47;85;166m,[38;2;194;208;217mK[38;2;0;11;29m [38;2;6;67;99m.[38;2;11;72;117m.[38;2;20;83;123m'[38;2;45;83;104m'[38;2;12;39;129m.[38;2;162;187;225mO[38;2;4;39;64m.[38;2;24;75;98m.[38;2;27;85;108m'[38;2;77;137;159mc[38;2;20;38;61m.[38;2;33;92;128m,[38;2;41;88;124m,[38;2;42;87;110m,[38;2;70;124;144m:[38;2;3;24;42m [38;2;117;128;145ml[38;2;82;114;136m:[38;2;54;113;139m;[38;2;2;9;22m [38;2;144;175;198mk[38;2;29;73;78m.[38;2;49;99;106m,[38;2;9;17;19m [38;2;3;16;8m [38;2;4;9;17m [38;2;152;168;182mx[38;2;9;27;46m [38;2;17;75;116m.[38;2;13;71;96m.[38;2;12;21;27m [38;2;15;39;47m.[38;2;90;113;98m:[38;2;80;97;88m;[38;2;34;45;44m.[38;2;0;3;2m [38;2;139;154;154md[38;2;45;76;75m'[38;2;33;76;85m'[0m
[0m[38;2;25;61;56m.[38;2;13;54;55m.[38;2;19;58;61m.[38;2;6;14;13m [38;2;11;57;65m.[38;2;69;131;151mc[38;2;78;151;143ml[38;2;1;10;12m [38;2;10;45;63m.[38;2;4;31;37m [38;2;46;62;111m.[38;2;185;220;251mK[38;2;31;47;51m.[38;2;5;38;42m [38;2;5;33;35m [38;2;59;120;124m:[38;2;71;120;123m:[38;2;0;6;9m [38;2;10;45;54m.[38;2;9;45;54m.[38;2;10;46;60m.[38;2;10;42;64m.[38;2;9;47;51m.[38;2;8;49;63m.[38;2;8;43;62m.[38;2;9;43;72m.[38;2;5;49;73m.[38;2;4;20;36m [38;2;8;51;63m.[38;2;8;46;69m.[38;2;7;46;67m.[38;2;12;48;64m.[38;2;9;48;65m.[38;2;6;32;63m [38;2;47;96;185m;[38;2;206;251;255mW[38;2;0;20;30m [38;2;4;35;63m [38;2;159;199;240m0[38;2;93;104;120m:[38;2;1;40;44m [38;2;7;48;62m.[38;2;14;55;67m.[38;2;16;60;69m.[38;2;15;42;47m.[38;2;29;65;142m.[38;2;146;167;191mx[38;2;6;31;48m [38;2;14;48;61m.[38;2;14;51;71m.[38;2;21;61;77m.[38;2;6;28;45m [38;2;8;53;70m.[38;2;5;47;60m.[38;2;10;47;63m.[38;2;19;54;68m.[38;2;0;10;20m [38;2;163;186;216mO[38;2;8;33;43m [38;2;9;47;59m.[38;2;77;101;130m;[38;2;98;116;130mc[38;2;8;39;61m.[38;2;26;72;101m.[38;2;11;23;47m [38;2;0;8;3m [38;2;110;130;156ml[38;2;57;65;76m'[38;2;8;26;31m [38;2;21;84;107m'[38;2;10;70;75m.[38;2;15;23;25m [38;2;15;56;69m.[38;2;40;74;80m'[38;2;39;67;69m.[38;2;15;40;53m.[38;2;5;33;38m [38;2;96;111;112m:[38;2;28;64;74m.[38;2;33;76;90m'[0m
[0m[38;2;25;69;69m.[38;2;16;61;77m.[38;2;10;42;40m.[38;2;5;17;25m [38;2;11;49;62m.[38;2;82;167;171mo[38;2;80;147;144ml[38;2;7;11;9m [38;2;1;9;7m [38;2;12;22;27m [38;2;6;18;16m [38;2;74;118;193mc[38;2;154;179;204mk[38;2;29;32;32m.[38;2;0;2;0m [38;2;0;9;0m [38;2;0;5;1m [38;2;4;33;40m [38;2;5;35;41m [38;2;3;16;16m [38;2;26;29;28m [38;2;51;52;52m.[38;2;51;51;51m.[38;2;51;51;51m.[38;2;53;53;53m.[38;2;55;58;62m.[38;2;56;63;70m.[38;2;63;68;74m'[38;2;59;62;70m.[38;2;59;72;73m'[38;2;61;68;74m'[38;2;12;19;31m [38;2;1;11;17m [38;2;0;0;0m [38;2;50;85;168m,[38;2;237;255;255mM[38;2;0;4;12m [38;2;42;94;170m;[38;2;206;235;241mN[38;2;52;71;79m'[38;2;96;102;102m:[38;2;90;98;103m;[38;2;101;102;102m:[38;2;98;102;102m:[38;2;105;108;113m:[38;2;30;58;146m.[38;2;147;161;172mx[38;2;86;98;95m;[38;2;62;67;70m'[38;2;24;24;40m [38;2;0;3;2m [38;2;8;29;33m [38;2;5;30;37m [38;2;6;18;20m [38;2;2;9;12m [38;2;3;8;4m [38;2;0;1;5m [38;2;179;226;242mK[38;2;38;43;45m.[38;2;32;36;36m.[38;2;144;163;191mx[38;2;71;77;96m,[38;2;65;69;68m'[38;2;32;42;39m.[38;2;2;2;7m [38;2;51;69;81m'[38;2;126;151;165md[38;2;0;1;0m [38;2;12;30;30m [38;2;18;80;95m.[38;2;11;66;70m.[38;2;21;32;31m [38;2;12;55;64m.[38;2;8;48;58m.[38;2;7;44;46m.[38;2;15;72;91m.[38;2;7;52;58m.[38;2;112;182;190mx[38;2;16;70;84m.[38;2;30;72;84m.[0m
[0m[38;2;26;72;69m.[38;2;10;66;77m.[38;2;11;50;53m.[38;2;7;23;27m [38;2;9;47;62m.[38;2;89;161;188mo[38;2;64;142;144mc[38;2;10;19;19m [38;2;4;12;14m [38;2;31;62;76m.[38;2;10;32;38m [38;2;11;34;48m [38;2;73;112;186m:[38;2;149;190;226mO[38;2;72;77;77m'[38;2;0;4;0m [38;2;0;3;0m [38;2;10;80;96m.[38;2;13;73;97m.[38;2;3;22;26m [38;2;106;128;128mc[38;2;180;208;212m0[38;2;175;205;211m0[38;2;170;206;214m0[38;2;174;204;209m0[38;2;165;192;200mO[38;2;164;187;196mO[38;2;154;180;184mk[38;2;145;156;170md[38;2;129;163;161md[38;2;140;169;177mx[38;2;126;147;170mo[38;2;97;118;139mc[38;2;49;107;143m;[38;2;63;124;195mc[38;2;105;169;221md[38;2;51;84;147m,[38;2;128;165;228mx[38;2;76;89;97m,[38;2;106;144;144ml[38;2;155;181;179mk[38;2;160;179;178mk[38;2;155;183;180mk[38;2;153;180;180mk[38;2;157;178;163mk[38;2;32;58;126m.[38;2;150;164;161mx[38;2;122;151;148mo[38;2;96;126;153mc[38;2;103;117;154mc[38;2;67;97;122m;[38;2;120;141;170mo[38;2;36;52;62m.[38;2;9;36;25m [38;2;0;8;6m [38;2;2;16;2m [38;2;7;15;35m [38;2;154;184;189mk[38;2;105;125;124mc[38;2;67;90;98m,[38;2;166;206;233m0[38;2;57;79;88m'[38;2;54;71;72m'[38;2;64;82;86m,[38;2;111;121;135mc[38;2;144;184;197mk[38;2;10;17;21m [38;2;0;7;1m [38;2;18;31;38m [38;2;18;76;103m.[38;2;11;63;73m.[38;2;5;27;29m [38;2;10;75;81m.[38;2;13;73;97m.[38;2;0;1;2m [38;2;22;69;79m.[38;2;5;49;68m.[38;2;117;192;197mk[38;2;7;46;68m.[38;2;23;62;79m.[0m
[0m[38;2;31;66;72m.[38;2;9;64;77m.[38;2;7;49;49m.[38;2;12;27;31m [38;2;9;47;57m.[38;2;96;182;199mx[38;2;52;120;126m:[38;2;9;20;22m [38;2;5;22;23m [38;2;7;28;31m [38;2;15;55;69m.[38;2;14;37;44m.[38;2;7;7;12m [38;2;42;78;133m'[38;2;159;203;241m0[38;2;128;148;154mo[38;2;37;46;52m.[38;2;10;57;71m.[38;2;10;64;88m.[38;2;3;44;54m.[38;2;4;20;21m [38;2;18;58;70m.[38;2;11;35;33m [38;2;7;29;28m [38;2;7;29;29m [38;2;7;30;32m [38;2;10;38;45m.[38;2;17;55;81m.[38;2;19;63;87m.[38;2;16;63;70m.[38;2;21;56;71m.[38;2;16;56;73m.[38;2;6;34;45m [38;2;0;0;0m [38;2;64;119;188mc[38;2;154;188;216mO[38;2;95;130;164ml[38;2;89;117;186mc[38;2;77;103;161m:[38;2;6;31;44m [38;2;14;55;66m.[38;2;2;12;11m [38;2;2;6;5m [38;2;3;6;7m [38;2;8;14;21m [38;2;42;80;151m,[38;2;128;137;143mo[38;2;5;29;42m [38;2;2;10;10m [38;2;0;2;2m [38;2;2;5;11m [38;2;56;81;122m,[38;2;199;208;221mK[38;2;6;15;17m [38;2;7;15;25m [38;2;7;24;12m [38;2;37;63;94m.[38;2;128;132;132ml[38;2;14;30;26m [38;2;72;99;130m;[38;2;124;163;176md[38;2;28;63;61m.[38;2;45;64;69m.[38;2;20;33;47m.[38;2;93;117;162mc[38;2;120;153;167md[38;2;0;1;2m [38;2;0;10;4m [38;2;10;33;39m [38;2;19;82;106m'[38;2;10;61;71m.[38;2;12;30;30m [38;2;14;78;90m.[38;2;16;75;88m.[38;2;0;0;2m [38;2;28;70;74m.[38;2;39;92;107m,[38;2;66;124;141m:[38;2;12;55;67m.[38;2;12;58;72m.[0m
[0m[38;2;28;68;71m.[38;2;13;65;75m.[38;2;10;59;54m.[38;2;9;19;24m [38;2;8;46;59m.[38;2;101;195;203mx[38;2;55;112;115m;[38;2;0;19;22m [38;2;8;63;72m.[38;2;11;56;66m.[38;2;7;64;79m.[38;2;8;39;45m.[38;2;3;17;15m [38;2;6;10;13m [38;2;15;41;57m.[38;2;76;114;155m:[38;2;150;198;220mO[38;2;141;165;178mx[38;2;79;98;111m;[38;2;20;57;73m.[38;2;13;52;75m.[38;2;23;74;95m.[38;2;19;46;49m.[38;2;23;46;52m.[38;2;27;51;51m.[38;2;31;45;49m.[38;2;0;11;19m [38;2;41;99;122m,[38;2;25;83;77m'[38;2;21;63;65m.[38;2;24;63;84m.[38;2;46;84;114m,[38;2;42;75;96m'[38;2;52;97;127m,[38;2;59;144;217ml[38;2;171;202;211m0[38;2;65;95;101m,[38;2;27;58;78m.[38;2;131;174;248mk[38;2;39;73;111m'[38;2;24;63;63m.[38;2;60;115;115m:[38;2;73;128;122mc[38;2;61;106;109m;[38;2;8;18;15m [38;2;43;87;138m,[38;2;152;169;172mx[38;2;61;122;137m:[38;2;53;104;114m;[38;2;84;170;168mo[38;2;55;95;97m,[38;2;3;24;41m [38;2;214;227;251mX[38;2;7;18;35m [38;2;65;129;134mc[38;2;60;106;103m;[38;2;62;91;117m,[38;2;134;146;152mo[38;2;55;116;119m;[38;2;109;166;202md[38;2;31;68;79m.[38;2;101;198;188mx[38;2;130;225;228m0[38;2;78;122;157mc[38;2;133;147;168md[38;2;131;156;163md[38;2;5;8;21m [38;2;0;11;6m [38;2;15;37;46m.[38;2;17;79;108m'[38;2;13;50;71m.[38;2;17;36;34m.[38;2;10;72;83m.[38;2;19;71;85m.[38;2;0;2;0m [38;2;18;62;68m.[38;2;92;157;182mo[38;2;16;60;59m.[38;2;17;64;71m.[38;2;20;66;82m.[0m
[0m[38;2;28;56;61m.[38;2;36;94;121m,[38;2;63;139;124mc[38;2;7;18;19m [38;2;3;46;64m.[38;2;101;193;206mx[38;2;55;116;120m;[38;2;16;30;34m [38;2;59;114;113m;[38;2;58;113;123m;[38;2;58;118;126m:[38;2;63;144;136mc[38;2;52;106;104m;[38;2;34;72;74m.[38;2;33;82;89m'[38;2;33;67;68m.[38;2;6;20;35m [38;2;46;92;121m,[38;2;90;126;162mc[38;2;117;149;191mo[38;2;104;149;186mo[38;2;81;133;159mc[38;2;109;142;160mo[38;2;111;162;172md[38;2;132;172;176mx[38;2;138;170;173mx[38;2;118;129;130ml[38;2;125;165;183md[38;2;137;172;178mx[38;2;124;160;167md[38;2;138;159;175md[38;2;128;168;197mx[38;2;75;145;191ml[38;2;56;119;124m:[38;2;82;164;204mo[38;2;135;171;196mx[38;2;2;30;45m [38;2;16;52;76m.[38;2;89;129;183ml[38;2;83;124;175mc[38;2;60;115;123m:[38;2;80;151;158ml[38;2;92;191;193mx[38;2;93;177;174md[38;2;1;12;13m [38;2;63;111;195m:[38;2;136;148;147mo[38;2;77;148;153ml[38;2;33;69;84m.[38;2;94;188;193mx[38;2;70;130;130mc[38;2;0;18;39m [38;2;189;222;253mX[38;2;21;31;60m.[38;2;14;80;85m.[38;2;46;83;88m'[38;2;74;103;125m;[38;2;128;128;133ml[38;2;24;38;65m.[38;2;115;153;164mo[38;2;7;28;30m [38;2;18;67;64m.[38;2;78;142;164ml[38;2;134;166;181mx[38;2;10;10;18m [38;2;89;113;124m:[38;2;50;72;104m'[38;2;3;2;2m [38;2;16;37;48m.[38;2;22;77;105m.[38;2;8;54;68m.[38;2;18;40;39m.[38;2;17;61;80m.[38;2;12;69;79m.[38;2;0;4;2m [38;2;30;76;86m.[38;2;83;142;152ml[38;2;5;38;49m.[38;2;28;64;75m.[38;2;24;65;75m.[0m
[0m[38;2;53;89;94m,[38;2;109;214;222mO[38;2;25;64;57m.[38;2;9;20;28m [38;2;2;46;65m.[38;2;108;202;211mk[38;2;46;113;116m;[38;2;36;58;72m.[38;2;116;221;220mO[38;2;92;199;196mx[38;2;88;194;186mx[38;2;81;199;190mx[38;2;101;203;208mk[38;2;24;65;67m.[38;2;10;53;78m.[38;2;18;62;70m.[38;2;1;18;34m [38;2;13;65;75m.[38;2;18;59;62m.[38;2;8;49;60m.[38;2;31;69;93m.[38;2;31;79;109m'[38;2;71;136;191ml[38;2;53;131;187mc[38;2;56;99;145m;[38;2;55;101;155m;[38;2;46;77;99m'[38;2;19;91;122m'[38;2;16;61;91m.[38;2;9;48;62m.[38;2;22;63;75m.[38;2;87;199;198mx[38;2;96;189;178mx[38;2;59;141;135mc[38;2;103;161;216md[38;2;128;145;168mo[38;2;6;37;45m [38;2;11;71;86m.[38;2;68;111;147m:[38;2;82;149;181ml[38;2;0;7;7m [38;2;57;118;117m:[38;2;70;133;149mc[38;2;75;137;140mc[38;2;2;12;20m [38;2;90;142;228mo[38;2;128;135;136ml[38;2;8;32;49m [38;2;94;149;151ml[38;2;18;62;71m.[38;2;62;91;98m,[38;2;0;10;29m [38;2;195;217;248mK[38;2;23;47;59m.[38;2;8;52;56m.[38;2;10;35;42m [38;2;51;76;99m'[38;2;120;128;132ml[38;2;105;121;135mc[38;2;57;105;107m;[38;2;27;54;46m.[38;2;8;37;45m.[38;2;88;124;148mc[38;2;54;92;112m,[38;2;2;5;3m [38;2;81;121;119m:[38;2;50;76;110m'[38;2;5;4;4m [38;2;18;42;40m.[38;2;15;75;95m.[38;2;9;47;73m.[38;2;29;44;39m.[38;2;4;43;53m.[38;2;27;68;78m.[38;2;0;1;2m [38;2;106;177;188mx[38;2;19;64;71m.[38;2;13;64;71m.[38;2;32;52;63m.[38;2;18;58;69m.[0m
[0m[38;2;109;200;181mk[38;2;32;97;104m,[38;2;4;25;23m [38;2;12;24;36m [38;2;5;44;68m.[38;2;112;197;215mk[38;2;55;120;121m:[38;2;37;57;65m.[38;2;104;212;210mk[38;2;89;186;191mx[38;2;82;184;178md[38;2;86;184;182md[38;2;100;190;191mx[38;2;82;179;185md[38;2;18;56;69m.[38;2;12;57;63m.[38;2;0;24;29m [38;2;13;67;64m.[38;2;13;62;70m.[38;2;8;62;72m.[38;2;10;62;67m.[38;2;7;47;52m.[38;2;71;149;148ml[38;2;113;218;223mO[38;2;43;108;118m;[38;2;2;54;67m.[38;2;0;33;34m [38;2;13;66;85m.[38;2;11;68;76m.[38;2;13;67;80m.[38;2;13;59;78m.[38;2;30;89;105m'[38;2;89;177;169md[38;2;33;96;85m,[38;2;122;181;222mk[38;2;128;139;153mo[38;2;4;20;33m [38;2;6;53;59m.[38;2;69;114;150m:[38;2;94;154;198mo[38;2;9;25;21m [38;2;29;75;87m.[38;2;60;110;115m;[38;2;37;76;80m'[38;2;14;27;32m [38;2;93;160;208md[38;2;129;136;136mo[38;2;29;64;64m.[38;2;29;78;78m.[38;2;46;90;106m,[38;2;76;125;137mc[38;2;0;2;15m [38;2;174;198;236m0[38;2;48;78;99m'[38;2;8;61;80m.[38;2;19;69;88m.[38;2;20;43;63m.[38;2;114;129;136ml[38;2;144;175;199mk[38;2;4;27;39m [38;2;16;39;48m.[38;2;25;48;49m.[38;2;137;160;173md[38;2;4;14;14m [38;2;0;2;0m [38;2;132;150;152md[38;2;21;28;47m [38;2;3;2;2m [38;2;17;42;46m.[38;2;14;76;98m.[38;2;9;43;55m.[38;2;26;43;42m.[38;2;9;50;52m.[38;2;21;68;83m.[38;2;24;41;33m.[38;2;75;138;144mc[38;2;11;58;67m.[38;2;15;68;77m.[38;2;27;52;67m.[38;2;23;58;70m.[0m
[0m[38;2;49;98;87m,[38;2;10;58;79m.[38;2;7;35;30m [38;2;10;22;28m [38;2;3;44;66m.[38;2;104;199;218mk[38;2;46;102;86m,[38;2;35;55;77m.[38;2;100;215;216mO[38;2;79;190;198mx[38;2;81;185;186md[38;2;85;183;181md[38;2;93;196;190mx[38;2;79;169;175mo[38;2;81;156;155mo[38;2;11;58;62m.[38;2;1;26;30m [38;2;21;63;74m.[38;2;15;63;72m.[38;2;5;58;66m.[38;2;11;56;72m.[38;2;10;49;63m.[38;2;8;35;42m [38;2;65;119;121m:[38;2;77;151;156ml[38;2;37;76;94m'[38;2;26;62;65m.[38;2;9;37;46m.[38;2;25;64;67m.[38;2;23;64;72m.[38;2;26;67;67m.[38;2;26;71;63m.[38;2;35;99;98m,[38;2;14;39;46m.[38;2;152;186;242mO[38;2;129;149;166md[38;2;13;28;32m [38;2;82;160;152mo[38;2;80;129;159mc[38;2;94;147;208mo[38;2;9;19;25m [38;2;32;87;104m'[38;2;17;74;83m.[38;2;11;62;80m.[38;2;0;24;31m [38;2;109;178;221mx[38;2;128;131;136ml[38;2;7;40;69m.[38;2;15;77;95m.[38;2;14;73;94m.[38;2;29;80;91m'[38;2;0;3;4m [38;2;162;178;217mk[38;2;92;118;125mc[38;2;4;33;36m [38;2;10;38;47m.[38;2;1;11;15m [38;2;136;175;206mx[38;2;139;177;209mk[38;2;19;23;22m [38;2;14;20;20m [38;2;110;134;141ml[38;2;38;50;62m.[38;2;3;3;1m [38;2;11;23;36m [38;2;161;187;197mO[38;2;1;0;0m [38;2;4;5;2m [38;2;17;46;45m.[38;2;12;76;92m.[38;2;9;42;51m.[38;2;18;40;43m.[38;2;9;57;69m.[38;2;19;60;68m.[38;2;18;36;32m.[38;2;18;55;66m.[38;2;16;50;68m.[38;2;22;60;65m.[38;2;24;55;73m.[38;2;13;46;57m.[0m
[0m[38;2;28;63;65m.[38;2;7;66;85m.[38;2;8;47;32m.[38;2;9;20;24m [38;2;10;45;54m.[38;2;99;192;209mx[38;2;35;93;85m'[38;2;27;43;60m.[38;2;70;155;162ml[38;2;61;129;132m:[38;2;59;126;124m:[38;2;62;128;124m:[38;2;70;130;129mc[38;2;81;145;148ml[38;2;55;107;100m;[38;2;53;99;98m,[38;2;52;96;89m,[38;2;4;16;18m [38;2;14;53;61m.[38;2;9;49;60m.[38;2;15;51;63m.[38;2;9;56;61m.[38;2;32;70;78m.[38;2;27;78;77m.[38;2;25;68;78m.[38;2;36;86;102m'[38;2;75;146;155ml[38;2;0;25;26m [38;2;28;73;103m.[38;2;10;73;96m.[38;2;12;63;84m.[38;2;17;61;89m.[38;2;8;69;99m.[38;2;0;28;51m [38;2;149;176;249mk[38;2;128;130;146ml[38;2;0;4;9m [38;2;92;193;177mx[38;2;98;161;205md[38;2;80;132;178mc[38;2;0;25;31m [38;2;22;76;97m.[38;2;8;76;82m.[38;2;8;62;68m.[38;2;2;22;39m [38;2;133;186;233mk[38;2;128;129;130ml[38;2;6;21;34m [38;2;46;51;47m.[38;2;61;68;68m'[38;2;61;60;53m.[38;2;51;51;39m.[38;2;152;154;162md[38;2;100;113;112m:[38;2;2;23;37m [38;2;16;62;86m.[38;2;0;21;42m [38;2;121;145;159mo[38;2;116;161;164md[38;2;91;109;108m:[38;2;69;77;74m'[38;2;146;187;219mk[38;2;29;40;34m.[38;2;21;29;32m [38;2;138;150;167md[38;2;37;47;51m.[38;2;1;8;0m [38;2;2;7;3m [38;2;20;49;45m.[38;2;12;74;85m.[38;2;13;43;59m.[38;2;17;40;38m.[38;2;8;47;59m.[38;2;8;45;37m.[38;2;9;26;25m [38;2;13;59;69m.[38;2;17;46;69m.[38;2;23;41;58m.[38;2;22;54;60m.[38;2;60;107;123m;[0m
[0m[38;2;24;55;56m.[38;2;6;56;60m.[38;2;5;48;39m.[38;2;9;46;56m.[38;2;5;36;57m [38;2;93;178;211md[38;2;51;124;105m:[38;2;1;3;10m [38;2;10;40;51m.[38;2;9;47;59m.[38;2;13;63;78m.[38;2;31;74;80m.[38;2;31;81;93m'[38;2;36;92;98m,[38;2;32;84;98m'[38;2;55;109;120m;[38;2;119;229;218m0[38;2;3;4;9m [38;2;11;67;75m.[38;2;13;60;71m.[38;2;3;62;74m.[38;2;0;62;74m.[38;2;11;63;67m.[38;2;10;63;77m.[38;2;15;61;74m.[38;2;12;62;78m.[38;2;17;70;87m.[38;2;30;47;57m.[38;2;19;68;91m.[38;2;12;61;95m.[38;2;13;62;79m.[38;2;13;64;83m.[38;2;12;69;91m.[38;2;0;30;50m [38;2;152;174;227mk[38;2;128;133;136ml[38;2;1;3;6m [38;2;56;103;102m;[38;2;142;209;251m0[38;2;60;91;120m,[38;2;0;21;19m [38;2;9;22;22m [38;2;27;37;33m.[38;2;82;80;71m,[38;2;106;102;74m:[38;2;195;186;145mO[38;2;188;191;140mO[38;2;204;199;103mO[38;2;242;233;130mX[38;2;255;255;150mW[38;2;255;255;138mW[38;2;255;255;140mW[38;2;249;229;105mX[38;2;219;211;96m0[38;2;180;163;91mx[38;2;156;163;106md[38;2;140;118;75mc[38;2;120;133;106ml[38;2;180;187;147mO[38;2;119;102;50m:[38;2;153;140;81mo[38;2;202;203;151m0[38;2;153;151;73mo[38;2;180;171;137mk[38;2;51;38;36m.[38;2;0;2;0m [38;2;0;7;0m [38;2;0;4;0m [38;2;21;47;43m.[38;2;17;69;88m.[38;2;16;52;70m.[38;2;9;28;23m [38;2;19;29;35m [38;2;6;29;32m [38;2;11;44;43m.[38;2;18;53;62m.[38;2;63;108;118m;[38;2;84;135;151ml[38;2;89;152;170mo[38;2;72;128;157mc[0m
[0m[38;2;36;63;67m.[38;2;7;63;77m.[38;2;11;63;74m.[38;2;5;59;73m.[38;2;7;35;56m [38;2;92;160;205mo[38;2;64;133;127mc[38;2;0;12;24m [38;2;6;66;70m.[38;2;2;63;65m.[38;2;5;60;69m.[38;2;7;57;67m.[38;2;4;58;69m.[38;2;7;62;68m.[38;2;2;60;69m.[38;2;4;48;57m.[38;2;70;141;146mc[38;2;0;13;14m [38;2;8;70;77m.[38;2;5;62;72m.[38;2;7;63;67m.[38;2;7;62;68m.[38;2;9;60;76m.[38;2;9;61;71m.[38;2;10;59;80m.[38;2;12;63;81m.[38;2;10;66;75m.[38;2;61;85;89m,[38;2;19;66;81m.[38;2;7;48;56m.[38;2;10;46;59m.[38;2;10;39;42m.[38;2;4;29;30m [38;2;0;8;9m [38;2;145;176;219mk[38;2;129;136;134mo[38;2;2;15;11m [38;2;33;54;88m.[38;2;148;232;255mK[38;2;37;40;52m.[38;2;67;63;40m.[38;2;136;128;112ml[38;2;230;222;139mX[38;2;254;232;129mN[38;2;255;211;83mK[38;2;255;204;72mK[38;2;255;204;70mK[38;2;255;212;79mK[38;2;238;193;72m0[38;2;214;167;63mk[38;2;255;222;86mX[38;2;255;240;111mN[38;2;255;255;142mW[38;2;255;255;132mW[38;2;255;255;111mW[38;2;255;255;119mW[38;2;255;255;119mW[38;2;255;255;125mW[38;2;255;255;124mW[38;2;255;255;121mW[38;2;255;232;107mX[38;2;255;241;103mN[38;2;255;255;116mW[38;2;255;255;121mW[38;2;225;197;105m0[38;2;204;185;89mk[38;2;179;174;106mx[38;2;103;83;65m;[38;2;30;33;33m.[38;2;6;49;81m.[38;2;13;62;85m.[38;2;10;59;67m.[38;2;5;41;44m.[38;2;32;72;77m.[38;2;50;86;102m,[38;2;58;107;119m;[38;2;46;93;105m,[38;2;17;55;81m.[38;2;9;52;65m.[38;2;11;49;70m.[0m
[0m[38;2;26;63;70m.[38;2;8;59;77m.[38;2;2;58;70m.[38;2;4;61;60m.[38;2;4;36;51m [38;2;84;149;204mo[38;2;74;152;149ml[38;2;0;5;16m [38;2;9;59;70m.[38;2;2;60;68m.[38;2;7;60;65m.[38;2;2;60;66m.[38;2;3;61;64m.[38;2;0;61;66m.[38;2;3;60;66m.[38;2;6;60;73m.[38;2;9;57;66m.[38;2;4;21;25m [38;2;12;72;97m.[38;2;9;59;78m.[38;2;5;62;68m.[38;2;7;53;56m.[38;2;7;47;52m.[38;2;6;37;42m [38;2;4;28;33m [38;2;6;23;28m [38;2;8;17;19m [38;2;15;28;30m [38;2;10;28;31m [38;2;0;8;0m [38;2;16;35;32m.[38;2;15;34;40m.[38;2;6;18;20m [38;2;0;0;0m [38;2;132;165;205mx[38;2;135;152;152md[38;2;3;16;14m [38;2;39;71;116m'[38;2;172;187;159mk[38;2;228;199;88m0[38;2;255;217;81mK[38;2;252;215;104mK[38;2;247;190;62m0[38;2;194;129;30mo[38;2;188;139;54mo[38;2;232;157;37mx[38;2;244;166;32mk[38;2;229;161;41mx[38;2;215;145;30md[38;2;184;132;23mo[38;2;196;134;36mo[38;2;168;129;41ml[38;2;243;177;62mO[38;2;245;181;53mO[38;2;251;154;19mx[38;2;255;253;129mW[38;2;255;255;119mW[38;2;255;255;117mW[38;2;255;255;119mW[38;2;255;255;111mW[38;2;255;255;113mW[38;2;255;255;107mW[38;2;255;255;113mW[38;2;255;255;112mW[38;2;255;255;112mW[38;2;255;254;105mN[38;2;255;249;99mN[38;2;255;255;148mW[38;2;224;191;102mO[38;2;191;182;120mk[38;2;103;89;70m;[38;2;3;25;37m [38;2;14;37;43m.[38;2;23;56;66m.[38;2;15;44;59m.[38;2;17;61;69m.[38;2;15;59;73m.[38;2;15;64;84m.[38;2;19;60;89m.[38;2;17;51;60m.[0m
[0m[38;2;23;65;75m.[38;2;9;60;77m.[38;2;7;54;74m.[38;2;0;59;62m.[38;2;1;30;45m [38;2;83;148;206mo[38;2;79;170;154mo[38;2;0;15;22m [38;2;8;57;74m.[38;2;5;65;73m.[38;2;9;63;76m.[38;2;9;61;79m.[38;2;9;57;63m.[38;2;2;51;63m.[38;2;3;47;51m.[38;2;3;38;44m [38;2;3;35;38m [38;2;2;14;11m [38;2;7;22;24m [38;2;2;18;15m [38;2;3;16;14m [38;2;9;24;18m [38;2;2;11;3m [38;2;0;4;0m [38;2;5;8;0m [38;2;1;4;4m [38;2;55;66;62m.[38;2;51;79;86m'[38;2;107;135;135ml[38;2;102;103;102m:[38;2;107;114;115mc[38;2;110;114;117mc[38;2;104;111;110m:[38;2;48;44;43m.[38;2;185;192;207mO[38;2;204;211;208mK[38;2;153;153;153md[38;2;155;168;178mx[38;2;205;192;164m0[38;2;131;117;62mc[38;2;141;119;59mc[38;2;151;130;85ml[38;2;84;87;54m,[38;2;84;80;65m,[38;2;156;135;92mo[38;2;211;166;71mk[38;2;208;157;41mx[38;2;131;109;41m:[38;2;77;82;78m,[38;2;104;185;159mx[38;2;79;108;113m:[38;2;213;176;72mk[38;2;248;174;30mk[38;2;192;128;31mo[38;2;235;135;7md[38;2;255;255;147mW[38;2;255;255;120mW[38;2;255;255;115mW[38;2;255;255;119mW[38;2;255;255;111mW[38;2;255;255;112mW[38;2;255;255;112mW[38;2;255;255;113mWW[38;2;255;255;111mW[38;2;255;255;110mW[38;2;255;248;112mN[38;2;255;242;92mN[38;2;255;255;121mW[38;2;255;255;121mW[38;2;255;248;135mN[38;2;78;60;19m.[38;2;3;17;32m [38;2;8;27;35m [38;2;13;30;37m [38;2;14;44;49m.[38;2;20;53;72m.[38;2;16;55;70m.[38;2;24;47;76m.[38;2;12;36;58m.[0m
[0m[38;2;28;68;79m.[38;2;9;60;80m.[38;2;6;49;67m.[38;2;6;59;76m.[38;2;1;33;51m [38;2;67;127;185mc[38;2;80;172;160mo[38;2;0;17;18m [38;2;7;28;40m [38;2;0;32;26m [38;2;2;24;25m [38;2;5;19;17m [38;2;0;8;5m [38;2;0;10;2m [38;2;0;6;0m [38;2;0;9;1m [38;2;5;27;45m [38;2;7;37;47m.[38;2;13;48;61m.[38;2;10;51;61m.[38;2;17;61;71m.[38;2;18;80;86m.[38;2;2;15;12m [38;2;0;7;0m [38;2;0;13;5m [38;2;0;9;1m [38;2;52;67;66m.[38;2;30;63;65m.[38;2;74;114;125m:[38;2;68;96;106m;[38;2;79;104;106m;[38;2;90;115;111m:[38;2;100;111;114m:[38;2;25;41;42m.[38;2;97;128;123mc[38;2;120;174;170mx[38;2;95;141;135ml[38;2;111;162;186md[38;2;140;157;142md[38;2;124;140;123mo[38;2;98;121;92mc[38;2;146;109;76mc[38;2;85;101;77m;[38;2;37;73;72m.[38;2;46;70;117m'[38;2;149;192;207mO[38;2;99;121;152mc[38;2;65;84;118m,[38;2;71;104;122m;[38;2;53;134;143mc[38;2;120;112;86mc[38;2;255;194;29m0[38;2;218;148;27md[38;2;187;135;28mo[38;2;147;90;16m;[38;2;255;255;127mW[38;2;255;255;117mW[38;2;255;255;116mW[38;2;255;255;110mW[38;2;255;255;104mW[38;2;255;255;110mW[38;2;255;255;112mW[38;2;255;255;108mW[38;2;255;255;109mW[38;2;255;255;112mW[38;2;255;255;115mW[38;2;255;255;109mW[38;2;255;246;100mN[38;2;255;227;83mX[38;2;255;244;108mN[38;2;255;255;115mW[38;2;222;206;128m0[38;2;33;36;36m.[38;2;9;57;96m.[38;2;11;33;51m [38;2;0;18;21m [38;2;18;33;38m.[38;2;17;50;65m.[38;2;34;52;59m.[38;2;26;48;48m.[0m
[0m[38;2;16;37;42m.[38;2;10;31;41m [38;2;16;26;27m [38;2;4;20;37m [38;2;10;47;76m.[38;2;65;113;169m:[38;2;97;184;182mx[38;2;0;18;2m [38;2;0;8;7m [38;2;17;27;28m [38;2;8;24;24m [38;2;20;36;35m.[38;2;0;11;0m [38;2;8;16;0m [38;2;0;11;6m [38;2;4;9;3m [38;2;9;37;43m [38;2;7;51;78m.[38;2;22;66;77m.[38;2;17;60;69m.[38;2;21;58;86m.[38;2;17;59;76m.[38;2;0;22;9m [38;2;0;16;4m [38;2;0;14;7m [38;2;0;12;2m [38;2;0;11;15m [38;2;10;53;58m.[38;2;16;52;65m.[38;2;16;44;66m.[38;2;20;56;45m.[38;2;10;38;36m.[38;2;49;77;75m'[38;2;76;112;99m:[38;2;36;53;52m.[38;2;225;243;251mW[38;2;89;108;121m:[38;2;57;120;199m:[38;2;191;153;102mx[38;2;249;211;122mK[38;2;255;255;171mW[38;2;255;220;113mX[38;2;253;200;93mK[38;2;143;128;92ml[38;2;90;77;85m,[38;2;155;177;187mk[38;2;10;22;24m [38;2;124;140;166mo[38;2;137;155;185md[38;2;23;63;59m.[38;2;91;81;62m,[38;2;255;202;53m0[38;2;255;193;38m0[38;2;204;153;40md[38;2;126;70;31m,[38;2;255;251;117mN[38;2;255;255;127mW[38;2;255;255;113mW[38;2;255;255;113mW[38;2;255;255;102mN[38;2;255;255;128mW[38;2;255;255;98mN[38;2;255;255;125mW[38;2;255;255;114mW[38;2;255;255;117mW[38;2;255;255;116mW[38;2;255;255;112mW[38;2;255;255;113mW[38;2;255;244;104mN[38;2;255;224;82mX[38;2;255;255;114mW[38;2;255;255;126mW[38;2;182;154;91md[38;2;4;41;59m.[38;2;25;72;111m.[38;2;29;68;85m.[38;2;0;10;11m [38;2;7;13;2m [38;2;10;21;14m [38;2;2;5;3m [0m
