[0m[38;2;35;60;52m.[38;2;17;56;57m.[38;2;16;49;49m.[38;2;2;18;8m [38;2;15;42;55m.[38;2;5;31;41m [38;2;103;183;171mx[38;2;20;46;40m.[38;2;0;7;2m [38;2;0;16;0m [38;2;4;17;6m [38;2;9;27;17m [38;2;9;28;22m [38;2;3;13;22m [38;2;134;177;204mx[38;2;107;122;131mc[38;2;1;8;7m [38;2;10;54;55m.[38;2;12;57;75m.[38;2;5;56;58m.[38;2;13;56;63m.[38;2;7;56;59m.[38;2;7;56;75m.[38;2;16;52;69m.[38;2;12;57;61m.[38;2;10;43;50m.[38;2;98;200;194mk[38;2;19;30;35m [38;2;45;96;103m,[38;2;60;128;143m:[38;2;58;103;108m;[38;2;29;67;79m.[38;2;14;55;56m.[38;2;8;54;51m.[38;2;10;47;72m.[38;2;72;133;156mc[38;2;54;87;87m,[38;2;94;192;195mx[38;2;57;119;140m:[38;2;8;55;59m.[38;2;6;50;58m.[38;2;41;67;145m'[38;2;140;162;164md[38;2;5;49;54m.[38;2;3;27;37m [38;2;15;45;117m.[38;2;219;254;255mW[38;2;50;119;142m:[38;2;65;129;151mc[38;2;45;85;100m'[38;2;7;31;32m [38;2;13;49;47m.[38;2;3;35;31m [38;2;3;48;45m.[38;2;5;59;65m.[38;2;5;37;47m [38;2;8;59;61m.[38;2;4;21;17m [38;2;75;120;159mc[38;2;5;43;49m.[38;2;2;36;48m [38;2;6;38;50m.[38;2;13;36;46m.[38;2;16;56;73m.[38;2;4;48;57m.[38;2;18;47;71m.[38;2;6;35;48m [38;2;15;53;57m.[38;2;10;54;62m.[38;2;17;62;70m.[38;2;2;34;41m [38;2;20;55;64m.[38;2;11;54;47m.[38;2;0;5;2m [38;2;9;36;28m [38;2;9;42;50m.[38;2;14;49;55m.[38;2;6;44;35m.[38;2;18;51;55m.[38;2;3;50;49m.[0m
[0m[38;2;30;58;53m.[38;2;11;53;58m.[38;2;8;39;38m.[38;2;0;15;13m [38;2;3;41;47m.[38;2;1;36;40m [38;2;98;175;185md[38;2;12;29;32m [38;2;0;7;6m [38;2;0;7;0m [38;2;0;1;0m [38;2;0;6;0m [38;2;0;2;0m [38;2;27;49;68m.[38;2;210;229;246mX[38;2;15;17;21m [38;2;5;15;16m [38;2;2;19;14m [38;2;7;29;27m [38;2;0;35;37m [38;2;9;42;42m.[38;2;7;46;51m.[38;2;4;52;63m.[38;2;11;58;67m.[38;2;4;58;67m.[38;2;7;49;65m.[38;2;41;108;120m;[38;2;19;35;39m.[38;2;10;57;57m.[38;2;8;49;67m.[38;2;7;50;71m.[38;2;22;64;76m.[38;2;19;51;71m.[38;2;21;64;74m.[38;2;23;67;88m.[38;2;55;97;105m,[38;2;47;78;73m'[38;2;88;178;191md[38;2;99;185;201mx[38;2;18;59;74m.[38;2;3;28;41m [38;2;48;71;164m'[38;2;134;146;161mo[38;2;7;53;60m.[38;2;4;28;41m [38;2;16;47;120m.[38;2;231;254;255mW[38;2;8;24;31m [38;2;81;168;196md[38;2;94;200;210mk[38;2;39;93;91m,[38;2;45;89;91m,[38;2;4;33;36m [38;2;40;81;83m'[38;2;8;42;45m.[38;2;2;22;23m [38;2;5;46;44m.[38;2;2;14;13m [38;2;103;156;191mo[38;2;8;35;63m.[38;2;2;33;45m [38;2;6;39;56m.[38;2;63;76;96m'[38;2;57;67;72m'[38;2;60;82;87m,[38;2;64;81;89m,[38;2;53;76;76m'[38;2;36;67;71m.[38;2;20;55;68m.[38;2;11;56;65m.[38;2;0;25;32m [38;2;16;53;61m.[38;2;11;36;40m.[38;2;0;7;3m [38;2;11;38;37m.[38;2;5;36;39m [38;2;10;38;41m.[38;2;7;32;30m [38;2;17;47;54m.[38;2;6;43;51m.[0m
[0m[38;2;31;58;55m.[38;2;9;53;65m.[38;2;15;40;46m.[38;2;0;15;23m [38;2;7;45;56m.[38;2;0;40;49m.[38;2;99;176;175md[38;2;2;17;31m [38;2;5;33;39m [38;2;8;27;33m [38;2;6;28;39m [38;2;11;29;38m [38;2;0;2;10m [38;2;158;189;209mO[38;2;103;109;134m:[38;2;8;29;41m [38;2;9;35;57m.[38;2;0;5;2m [38;2;3;6;0m [38;2;0;6;2m [38;2;0;10;0m [38;2;0;2;2m [38;2;0;9;4m [38;2;4;15;16m [38;2;6;24;28m [38;2;9;31;37m [38;2;7;42;57m.[38;2;5;15;21m [38;2;19;53;65m.[38;2;15;57;80m.[38;2;13;58;78m.[38;2;13;59;82m.[38;2;12;53;74m.[38;2;11;55;76m.[38;2;8;40;67m.[38;2;91;156;173mo[38;2;39;65;70m.[38;2;27;68;86m.[38;2;48;107;134m;[38;2;46;103;108m,[38;2;13;39;40m.[38;2;58;91;158m;[38;2;115;129;143ml[38;2;16;47;57m.[38;2;5;16;34m [38;2;14;38;110m.[38;2;244;255;255mM[38;2;0;14;22m [38;2;19;67;93m.[38;2;94;195;214mx[38;2;37;84;87m'[38;2;88;154;160mo[38;2;2;39;46m [38;2;55;108;118m;[38;2;102;187;191mx[38;2;27;56;57m.[38;2;24;52;50m.[38;2;30;57;62m.[38;2;143;187;205mk[38;2;2;30;36m [38;2;7;33;26m [38;2;5;30;41m [38;2;70;104;97m;[38;2;71;97;100m;[38;2;76;106;114m;[38;2;73;101;105m;[38;2;75;103;95m;[38;2;50;79;98m'[38;2;91;107;121m:[38;2;64;88;111m,[38;2;1;32;28m [38;2;10;31;28m [38;2;7;13;17m [38;2;3;42;45m.[38;2;12;57;67m.[38;2;10;32;38m [38;2;19;50;50m.[38;2;9;35;31m [38;2;12;48;54m.[38;2;8;46;57m.[0m
[0m[38;2;36;59;67m.[38;2;20;55;63m.[38;2;13;42;46m.[38;2;5;19;24m [38;2;14;52;75m.[38;2;5;35;48m [38;2;90;176;199md[38;2;10;37;49m.[38;2;1;11;8m [38;2;10;47;52m.[38;2;1;19;30m [38;2;15;35;43m.[38;2;85;107;147m:[38;2;209;222;229mX[38;2;4;18;33m [38;2;11;54;75m.[38;2;4;33;49m [38;2;11;45;63m.[38;2;7;44;70m.[38;2;6;30;34m [38;2;5;16;13m [38;2;46;55;51m.[38;2;43;55;51m.[38;2;44;52;55m.[38;2;44;53;52m.[38;2;47;53;51m.[38;2;43;52;53m.[38;2;38;45;47m.[38;2;22;34;38m.[38;2;41;54;54m.[38;2;29;43;47m.[38;2;13;27;39m [38;2;8;32;48m [38;2;12;38;57m.[38;2;18;51;70m.[38;2;30;70;98m.[38;2;28;49;51m.[38;2;18;65;84m.[38;2;17;63;86m.[38;2;16;55;77m.[38;2;0;14;31m [38;2;92;129;186ml[38;2;103;130;137ml[38;2;46;91;119m,[38;2;59;94;104m,[38;2;11;29;87m.[38;2;250;255;255mM[38;2;2;19;34m [38;2;0;35;58m [38;2;52;118;130m:[38;2;45;88;92m,[38;2;44;86;98m'[38;2;48;97;106m,[38;2;0;33;34m [38;2;95;177;186md[38;2;26;64;64m.[38;2;13;35;47m.[38;2;79;148;152ml[38;2;134;157;183md[38;2;2;11;10m [38;2;21;40;41m.[38;2;6;40;48m.[38;2;7;46;47m.[38;2;0;34;47m [38;2;9;54;81m.[38;2;7;45;63m.[38;2;5;45;56m.[38;2;14;52;65m.[38;2;5;35;51m [38;2;117;133;162ml[38;2;25;37;49m.[38;2;6;27;30m [38;2;14;52;62m.[38;2;7;65;69m.[38;2;9;46;53m.[38;2;5;5;5m [38;2;60;73;71m'[38;2;35;67;69m.[38;2;17;44;62m.[38;2;4;47;54m.[0m
[0m[38;2;29;61;64m.[38;2;15;55;65m.[38;2;8;39;45m.[38;2;7;22;29m [38;2;10;54;71m.[38;2;5;33;46m [38;2;95;180;187md[38;2;11;45;51m.[38;2;14;42;48m.[38;2;4;21;20m [38;2;6;26;37m [38;2;27;50;81m.[38;2;222;243;255mW[38;2;53;64;81m.[38;2;3;47;56m.[38;2;8;52;72m.[38;2;2;27;35m [38;2;10;56;73m.[38;2;9;58;92m.[38;2;2;21;36m [38;2;74;97;95m;[38;2;173;215;217m0[38;2;162;206;205m0[38;2;168;197;203mO[38;2;163;195;203mO[38;2;164;200;205mO[38;2;143;170;182mx[38;2;163;162;181mx[38;2;103;137;145ml[38;2;137;175;159mx[38;2;120;139;151mo[38;2;127;140;152mo[38;2;67;81;105m,[38;2;87;94;102m;[38;2;26;28;31m [38;2;1;6;10m [38;2;2;9;6m [38;2;14;32;38m [38;2;18;36;50m.[38;2;12;35;52m.[38;2;1;14;45m [38;2;146;171;229mk[38;2;60;83;111m,[38;2;8;50;88m.[38;2;80;142;166ml[38;2;14;30;79m.[38;2;247;255;255mM[38;2;11;38;53m.[38;2;28;74;99m.[38;2;29;77;86m.[38;2;55;98;108m,[38;2;10;35;31m [38;2;79;128;144mc[38;2;5;42;42m.[38;2;33;82;89m'[38;2;37;73;71m.[38;2;9;41;54m.[38;2;28;68;67m.[38;2;143;160;192mx[38;2;8;33;38m [38;2;67;94;103m,[38;2;18;68;67m.[38;2;11;57;78m.[38;2;68;114;134m:[38;2;12;50;66m.[38;2;8;29;38m [38;2;2;40;47m.[38;2;8;36;50m.[38;2;11;40;46m.[38;2;46;61;97m.[38;2;81;101;123m;[38;2;9;52;55m.[38;2;12;55;79m.[38;2;16;46;52m.[38;2;35;50;47m.[38;2;46;69;64m.[38;2;31;64;64m.[38;2;11;51;70m.[38;2;11;53;67m.[38;2;12;43;54m.[0m
[0m[38;2;26;55;64m.[38;2;10;55;69m.[38;2;6;37;38m [38;2;8;29;42m [38;2;2;54;60m.[38;2;1;36;50m [38;2;99;186;192mx[38;2;3;19;29m [38;2;42;83;86m'[38;2;41;68;77m.[38;2;18;38;58m.[38;2;143;172;210mx[38;2;125;138;156mo[38;2;22;42;54m.[38;2;28;67;73m.[38;2;31;76;87m'[38;2;4;15;25m [38;2;15;60;72m.[38;2;9;48;74m.[38;2;5;33;47m [38;2;7;18;19m [38;2;25;53;53m.[38;2;13;36;40m.[38;2;15;28;21m [38;2;13;30;27m [38;2;14;31;33m [38;2;12;28;25m [38;2;19;44;58m.[38;2;15;38;48m.[38;2;7;22;12m [38;2;12;33;41m [38;2;28;51;88m.[38;2;31;55;73m.[38;2;116;125;143ml[38;2;193;206;222mK[38;2;94;106;110m:[38;2;1;8;11m [38;2;3;16;22m [38;2;0;13;6m [38;2;0;7;3m [38;2;1;19;57m [38;2;174;196;250m0[38;2;11;15;27m [38;2;3;14;20m [38;2;20;39;42m.[38;2;20;42;108m.[38;2;253;255;255mM[38;2;2;15;28m [38;2;13;52;73m.[38;2;8;46;66m.[38;2;62;112;131m:[38;2;8;31;41m [38;2;34;79;89m'[38;2;21;67;80m.[38;2;24;68;79m.[38;2;32;68;82m.[38;2;9;38;48m.[38;2;20;54;60m.[38;2;125;145;181mo[38;2;22;38;57m.[38;2;59;95;94m,[38;2;62;132;139mc[38;2;3;45;61m.[38;2;29;80;98m'[38;2;8;50;73m.[38;2;12;27;43m [38;2;6;44;63m.[38;2;15;55;70m.[38;2;1;26;37m [38;2;47;69;103m'[38;2;80;101;135m:[38;2;14;52;58m.[38;2;13;45;48m.[38;2;38;60;63m.[38;2;42;68;66m.[38;2;11;51;63m.[38;2;14;54;69m.[38;2;14;53;65m.[38;2;6;52;59m.[38;2;10;44;57m.[0m
[0m[38;2;27;57;65m.[38;2;11;59;75m.[38;2;6;31;42m [38;2;6;25;36m [38;2;8;54;74m.[38;2;4;35;54m [38;2;96;177;195md[38;2;0;9;18m [38;2;11;47;62m.[38;2;3;42;44m.[38;2;27;56;118m.[38;2;189;208;227mK[38;2;3;13;20m [38;2;70;135;146mc[38;2;73;150;156ml[38;2;93;159;175mo[38;2;18;31;39m [38;2;58;100;111m;[38;2;26;70;84m.[38;2;36;77;95m'[38;2;31;70;88m.[38;2;32;75;89m.[38;2;25;53;68m.[38;2;34;54;56m.[38;2;25;41;44m.[38;2;18;33;31m [38;2;0;6;2m [38;2;13;49;80m.[38;2;15;54;91m.[38;2;6;24;37m [38;2;11;37;47m.[38;2;10;45;75m.[38;2;14;55;89m.[38;2;1;1;0m [38;2;37;57;95m.[38;2;215;233;254mN[38;2;45;69;97m'[38;2;15;69;96m.[38;2;1;19;28m [38;2;9;21;24m [38;2;15;44;123m.[38;2;177;233;255mX[38;2;0;7;8m [38;2;16;55;69m.[38;2;4;21;32m [38;2;13;60;151m.[38;2;246;255;255mM[38;2;0;0;0m [38;2;0;12;7m [38;2;2;15;14m [38;2;1;26;23m [38;2;7;22;25m [38;2;12;38;43m.[38;2;13;41;57m.[38;2;5;52;63m.[38;2;19;62;75m.[38;2;3;22;32m [38;2;37;73;86m'[38;2;102;145;170mo[38;2;22;52;76m.[38;2;54;84;81m'[38;2;71;144;157ml[38;2;5;45;66m.[38;2;9;48;79m.[38;2;7;42;49m.[38;2;2;4;4m [38;2;5;16;20m [38;2;14;32;35m [38;2;8;27;37m [38;2;48;83;117m,[38;2;86;106;126m:[38;2;6;13;18m [38;2;38;55;60m.[38;2;15;39;49m.[38;2;14;46;54m.[38;2;5;48;54m.[38;2;13;55;65m.[38;2;8;47;57m.[38;2;2;48;55m.[38;2;17;53;67m.[0m
[0m[38;2;25;61;59m.[38;2;8;61;81m.[38;2;8;28;41m [38;2;8;24;41m [38;2;8;54;66m.[38;2;4;34;61m [38;2;98;179;196mx[38;2;0;4;7m [38;2;7;55;60m.[38;2;2;23;37m [38;2;115;154;225md[38;2;79;96;104m;[38;2;6;31;35m [38;2;22;63;67m.[38;2;92;181;186md[38;2;87;166;177mo[38;2;17;43;51m.[38;2;61;123;143m:[38;2;7;46;62m.[38;2;10;58;73m.[38;2;12;57;72m.[38;2;5;49;69m.[38;2;17;49;78m.[38;2;80;166;175mo[38;2;80;154;166mo[38;2;86;158;196mo[38;2;32;41;50m.[38;2;66;129;135mc[38;2;30;66;87m.[38;2;45;88;99m,[38;2;24;64;74m.[38;2;26;66;99m.[38;2;35;70;86m.[38;2;21;37;38m.[38;2;7;15;28m [38;2;159;179;244mO[38;2;123;128;136ml[38;2;5;56;78m.[38;2;2;18;22m [38;2;5;25;26m [38;2;39;86;183m,[38;2;191;236;246mX[38;2;0;15;13m [38;2;15;60;77m.[38;2;0;25;27m [38;2;12;36;114m.[38;2;239;255;255mM[38;2;0;4;7m [38;2;2;15;18m [38;2;12;36;51m.[38;2;11;39;43m.[38;2;12;20;30m [38;2;2;10;6m [38;2;0;8;9m [38;2;0;5;7m [38;2;2;13;12m [38;2;1;9;15m [38;2;5;20;23m [38;2;108;144;160mo[38;2;9;34;71m.[38;2;15;32;45m [38;2;13;53;63m.[38;2;13;59;79m.[38;2;27;62;94m.[38;2;5;20;23m [38;2;0;10;0m [38;2;0;8;0m [38;2;0;6;0m [38;2;1;4;1m [38;2;78;103;125m;[38;2;55;70;105m'[38;2;16;36;47m.[38;2;14;59;70m.[38;2;11;54;59m.[38;2;8;39;50m.[38;2;7;42;48m.[38;2;13;43;51m.[38;2;10;52;62m.[38;2;11;51;61m.[38;2;17;48;63m.[0m
[0m[38;2;21;60;57m.[38;2;14;56;71m.[38;2;10;39;33m.[38;2;5;35;48m [38;2;8;56;76m.[38;2;2;36;60m [38;2;106;195;179mx[38;2;1;6;12m [38;2;10;54;56m.[38;2;22;44;81m.[38;2;160;201;254m0[38;2;3;22;25m [38;2;10;51;57m.[38;2;4;34;39m [38;2;67;140;147mc[38;2;85;167;180mo[38;2;17;31;40m [38;2;105;181;206mx[38;2;6;36;56m.[38;2;8;56;71m.[38;2;7;59;81m.[38;2;2;57;77m.[38;2;7;43;61m.[38;2;56;117;126m:[38;2;85;178;178md[38;2;92;191;200mx[38;2;27;38;43m.[38;2;103;194;188mx[38;2;22;44;71m.[38;2;73;129;153mc[38;2;22;66;86m.[38;2;9;53;72m.[38;2;24;61;81m.[38;2;24;73;87m.[38;2;10;31;58m [38;2;148;179;215mk[38;2;134;142;148mo[38;2;20;61;77m.[38;2;21;66;79m.[38;2;7;24;28m [38;2;83;115;227mc[38;2;161;181;201mk[38;2;11;29;38m [38;2;17;58;72m.[38;2;2;24;25m [38;2;9;37;78m.[38;2;215;248;252mW[38;2;0;1;2m [38;2;7;33;39m [38;2;15;62;80m.[38;2;7;38;51m.[38;2;12;40;49m.[38;2;19;37;40m.[38;2;111;136;134ml[38;2;103;131;126mc[38;2;98;128;127mc[38;2;84;111;116m:[38;2;57;75;76m'[38;2;94;120;126mc[38;2;44;58;61m.[38;2;47;59;69m.[38;2;26;31;30m.[38;2;1;16;18m [38;2;9;32;37m [38;2;0;12;10m [38;2;0;6;0m [38;2;0;7;0m [38;2;2;7;0m [38;2;0;4;0m [38;2;118;137;142ml[38;2;26;58;73m.[38;2;9;45;49m.[38;2;6;46;55m.[38;2;12;52;57m.[38;2;14;52;58m.[38;2;7;38;44m.[38;2;15;48;54m.[38;2;11;53;57m.[38;2;14;52;58m.[38;2;12;51;59m.[0m
[0m[38;2;23;51;55m.[38;2;10;46;71m.[38;2;7;30;30m [38;2;6;30;43m [38;2;12;55;70m.[38;2;6;36;62m.[38;2;100;190;171mx[38;2;2;14;24m [38;2;2;37;53m [38;2;33;60;120m.[38;2;190;226;247mX[38;2;2;24;25m [38;2;8;55;60m.[38;2;8;53;57m.[38;2;20;61;68m.[38;2;91;172;176md[38;2;25;48;51m.[38;2;108;202;203mk[38;2;37;90;112m,[38;2;7;46;59m.[38;2;7;59;86m.[38;2;10;58;80m.[38;2;10;54;73m.[38;2;27;65;86m.[38;2;90;196;186mx[38;2;96;194;201mx[38;2;3;11;15m [38;2;100;197;211mk[38;2;88;156;185mo[38;2;14;33;67m.[38;2;74;134;150mc[38;2;15;59;80m.[38;2;16;61;79m.[38;2;10;60;69m.[38;2;12;27;56m [38;2;165;184;236mO[38;2;127;163;171md[38;2;59;127;125m:[38;2;5;39;55m.[38;2;14;27;67m [38;2;160;217;255mK[38;2;126;138;144mo[38;2;62;116;127m:[38;2;94;171;170md[38;2;2;6;9m [38;2;10;34;74m.[38;2;209;238;247mN[38;2;7;20;16m [38;2;19;46;66m.[38;2;7;58;72m.[38;2;2;28;40m [38;2;17;50;61m.[38;2;7;22;32m [38;2;12;32;30m [38;2;6;17;11m [38;2;1;13;13m [38;2;9;38;45m.[38;2;2;26;39m [38;2;99;118;141mc[38;2;3;21;38m [38;2;7;16;24m [38;2;158;170;188mk[38;2;20;32;43m.[38;2;10;41;54m.[38;2;3;5;6m [38;2;3;6;3m [38;2;0;7;0m [38;2;2;8;0m [38;2;0;0;0m [38;2;155;187;221mO[38;2;6;35;42m [38;2;0;6;6m [38;2;16;56;64m.[38;2;14;51;66m.[38;2;18;57;62m.[38;2;18;55;63m.[38;2;14;38;48m.[38;2;24;60;61m.[38;2;12;45;51m.[38;2;16;55;58m.[0m
[0m[38;2;47;85;87m'[38;2;38;82;100m'[38;2;44;90;93m,[38;2;12;29;33m [38;2;13;59;69m.[38;2;5;38;55m.[38;2;96;174;181md[38;2;5;18;24m [38;2;26;68;63m.[38;2;33;69;125m'[38;2;173;194;213mO[38;2;25;53;54m.[38;2;34;78;88m'[38;2;38;74;89m'[38;2;31;73;78m.[38;2;70;135;139mc[38;2;45;81;75m'[38;2;68;133;130mc[38;2;86;181;179md[38;2;23;68;77m.[38;2;20;73;87m.[38;2;16;63;78m.[38;2;8;52;50m.[38;2;7;40;55m.[38;2;85;160;156mo[38;2;105;195;200mk[38;2;6;7;11m [38;2;105;193;208mk[38;2;84;180;192md[38;2;72;143;149ml[38;2;16;48;66m.[38;2;57;111;137m;[38;2;5;54;71m.[38;2;8;58;52m.[38;2;20;48;80m.[38;2;152;177;218mk[38;2;102;151;184mo[38;2;79;182;179md[38;2;39;103;100m,[38;2;36;59;102m.[38;2;253;255;255mM[38;2;41;71;82m.[38;2;10;39;52m.[38;2;96;182;186mx[38;2;0;8;20m [38;2;7;30;66m [38;2;196;216;234mK[38;2;9;27;33m [38;2;16;58;77m.[38;2;14;59;78m.[38;2;8;32;44m [38;2;43;90;88m,[38;2;21;57;80m.[38;2;51;100;104m,[38;2;72;132;148mc[38;2;49;84;83m'[38;2;11;30;37m [38;2;5;42;50m.[38;2;136;173;219mx[38;2;19;49;43m.[38;2;0;13;4m [38;2;102;130;161ml[38;2;31;47;73m.[38;2;9;50;49m.[38;2;4;4;2m [38;2;0;8;2m [38;2;0;6;0m [38;2;1;6;2m [38;2;46;49;65m.[38;2;107;139;159ml[38;2;4;52;55m.[38;2;0;12;7m [38;2;18;53;56m.[38;2;9;36;42m [38;2;16;46;54m.[38;2;8;37;43m [38;2;14;43;49m.[38;2;23;56;57m.[38;2;35;67;71m.[38;2;28;69;70m.[0m
[0m[38;2;24;61;60m.[38;2;10;56;71m.[38;2;14;60;63m.[38;2;1;20;28m [38;2;16;59;71m.[38;2;6;39;60m.[38;2;90;164;175mo[38;2;1;13;21m [38;2;9;47;58m.[38;2;30;54;106m.[38;2;213;238;248mN[38;2;0;10;16m [38;2;1;35;55m [38;2;58;111;117m;[38;2;20;57;72m.[38;2;13;54;62m.[38;2;86;155;171mo[38;2;2;15;19m [38;2;40;99;108m,[38;2;44;98;113m,[38;2;41;99;105m,[38;2;40;95;106m,[38;2;40;91;92m,[38;2;37;84;94m'[38;2;44;97;114m,[38;2;51;106;114m;[38;2;65;113;124m:[38;2;42;72;82m'[38;2;69;135;142mc[38;2;63;126;153m:[38;2;48;108;109m;[38;2;32;75;81m.[38;2;40;84;100m'[38;2;33;88;81m'[38;2;26;58;115m.[38;2;146;182;224mk[38;2;82;147;171ml[38;2;66;156;160ml[38;2;66;153;145ml[38;2;114;132;173ml[38;2;212;243;249mN[38;2;0;16;25m [38;2;7;46;60m.[38;2;33;74;89m.[38;2;5;30;35m [38;2;5;34;63m [38;2;182;199;222m0[38;2;6;28;28m [38;2;15;58;81m.[38;2;12;60;79m.[38;2;5;29;35m [38;2;110;190;182mx[38;2;18;57;70m.[38;2;7;36;59m.[38;2;69;142;157ml[38;2;66;132;125mc[38;2;14;31;29m [38;2;1;24;42m [38;2;131;179;217mk[38;2;32;62;55m.[38;2;0;8;8m [38;2;108;135;190ml[38;2;24;59;67m.[38;2;60;118;117m:[38;2;2;5;0m [38;2;0;7;2m [38;2;0;7;2m [38;2;1;2;0m [38;2;155;181;199mk[38;2;22;49;60m.[38;2;11;51;61m.[38;2;0;16;9m [38;2;8;43;56m.[38;2;41;92;102m,[38;2;21;65;109m.[38;2;30;72;99m.[38;2;11;33;41m [38;2;102;102;99m:[38;2;48;75;76m'[38;2;35;85;80m'[0m
[0m[38;2;22;58;62m.[38;2;12;58;69m.[38;2;19;61;70m.[38;2;1;28;42m [38;2;16;57;73m.[38;2;4;36;57m [38;2;100;182;189mx[38;2;9;40;49m.[38;2;8;57;62m.[38;2;10;21;72m [38;2;193;228;253mX[38;2;36;53;72m.[38;2;6;46;75m.[38;2;21;75;76m.[38;2;89;158;169mo[38;2;3;34;44m [38;2;73;150;173ml[38;2;0;12;16m [38;2;14;58;80m.[38;2;10;58;73m.[38;2;8;62;70m.[38;2;6;59;74m.[38;2;11;55;58m.[38;2;11;55;68m.[38;2;8;51;68m.[38;2;7;48;61m.[38;2;52;109;121m;[38;2;22;31;40m.[38;2;9;51;66m.[38;2;8;45;65m.[38;2;10;53;66m.[38;2;13;58;77m.[38;2;31;73;95m.[38;2;27;77;89m.[38;2;40;68;137m'[38;2;148;189;229mO[38;2;24;50;67m.[38;2;27;68;66m.[38;2;21;44;57m.[38;2;191;214;238mK[38;2;46;78;92m'[38;2;22;57;65m.[38;2;31;71;88m.[38;2;44;95;104m,[38;2;22;44;49m.[38;2;7;22;52m [38;2;158;189;202mO[38;2;24;54;57m.[38;2;39;88;100m'[38;2;38;92;114m,[38;2;24;56;65m.[38;2;73;145;133ml[38;2;72;138;153mc[38;2;13;44;60m.[38;2;13;49;57m.[38;2;49;94;91m,[38;2;9;29;40m [38;2;27;44;65m.[38;2;122;140;153mo[38;2;5;43;35m.[38;2;0;2;7m [38;2;116;149;190mo[38;2;7;28;30m [38;2;28;69;64m.[38;2;2;6;0m [38;2;3;5;4m [38;2;0;8;0m [38;2;40;51;57m.[38;2;127;153;163md[38;2;8;42;41m.[38;2;17;58;67m.[38;2;2;18;17m [38;2;18;43;48m.[38;2;32;45;52m.[38;2;19;42;47m.[38;2;65;111;115m;[38;2;3;29;31m [38;2;143;153;147md[38;2;69;105;98m;[38;2;30;81;81m'[0m
[0m[38;2;23;61;61m.[38;2;14;57;66m.[38;2;11;65;69m.[38;2;4;21;32m [38;2;18;61;74m.[38;2;3;36;58m [38;2;95;165;174md[38;2;9;34;38m [38;2;13;57;71m.[38;2;4;21;42m [38;2;108;146;220mo[38;2;133;147;154mo[38;2;4;31;45m [38;2;4;46;65m.[38;2;53;100;116m;[38;2;59;124;129m:[38;2;68;145;154ml[38;2;5;12;22m [38;2;14;56;83m.[38;2;8;61;71m.[38;2;12;57;78m.[38;2;11;61;69m.[38;2;11;61;68m.[38;2;10;58;74m.[38;2;7;59;68m.[38;2;5;58;67m.[38;2;15;68;74m.[38;2;14;35;35m [38;2;14;56;70m.[38;2;15;56;73m.[38;2;12;58;70m.[38;2;10;57;71m.[38;2;12;60;73m.[38;2;7;47;52m.[38;2;50;82;158m,[38;2;159;201;251m0[38;2;2;25;30m [38;2;1;41;46m.[38;2;41;68;109m'[38;2;181;199;214m0[38;2;0;10;15m [38;2;7;55;67m.[38;2;14;60;80m.[38;2;22;70;87m.[38;2;36;67;65m.[38;2;2;28;57m [38;2;157;175;190mk[38;2;5;33;43m [38;2;24;70;89m.[38;2;29;73;89m.[38;2;58;108;125m;[38;2;14;29;38m [38;2;30;72;94m.[38;2;37;75;96m'[38;2;34;77;85m'[38;2;54;101;111m;[38;2;4;16;28m [38;2;111;124;138mc[38;2;66;91;107m,[38;2;40;93;88m,[38;2;4;6;15m [38;2;129;159;169md[38;2;26;56;70m.[38;2;41;91;90m,[38;2;5;14;12m [38;2;0;5;0m [38;2;3;8;8m [38;2;142;158;171md[38;2;10;23;24m [38;2;15;63;83m.[38;2;11;60;70m.[38;2;2;19;18m [38;2;10;35;40m [38;2;83;93;82m;[38;2;71;85;81m,[38;2;29;37;31m.[38;2;0;1;1m [38;2;138;148;144mo[38;2;37;62;61m.[38;2;28;67;66m.[0m
[0m[38;2;22;51;53m.[38;2;12;48;57m.[38;2;13;54;65m.[38;2;1;18;18m [38;2;12;48;55m.[38;2;64;114;141m:[38;2;65;127;130m:[38;2;1;9;14m [38;2;7;40;43m.[38;2;5;29;27m [38;2;34;50;106m.[38;2;173;207;244m0[38;2;27;45;50m.[38;2;2;35;39m [38;2;2;28;40m [38;2;51;104;119m;[38;2;51;107;102m;[38;2;0;6;15m [38;2;9;38;51m.[38;2;2;41;45m.[38;2;8;39;52m.[38;2;7;35;46m [38;2;6;39;36m [38;2;7;37;42m [38;2;12;40;48m.[38;2;12;38;51m.[38;2;7;42;50m.[38;2;0;19;20m [38;2;14;40;40m.[38;2;11;40;43m.[38;2;6;40;43m.[38;2;8;38;50m.[38;2;9;41;48m.[38;2;6;30;34m [38;2;44;73;135m'[38;2;196;244;255mN[38;2;2;18;20m [38;2;4;21;42m [38;2;142;182;232mk[38;2;92;98;107m;[38;2;6;26;39m [38;2;6;40;75m.[38;2;12;49;62m.[38;2;12;50;56m.[38;2;10;29;22m [38;2;21;45;89m.[38;2;144;161;173mx[38;2;8;26;38m [38;2;14;40;50m.[38;2;9;44;53m.[38;2;21;46;52m.[38;2;7;27;31m [38;2;10;44;54m.[38;2;13;41;48m.[38;2;12;44;52m.[38;2;19;43;50m.[38;2;0;9;17m [38;2;159;179;198mk[38;2;8;20;29m [38;2;8;39;41m.[38;2;76;86;116m,[38;2;75;101;109m;[38;2;10;25;30m [38;2;20;58;73m.[38;2;6;20;22m [38;2;0;2;0m [38;2;110;126;142ml[38;2;53;64;64m.[38;2;7;22;20m [38;2;17;69;84m.[38;2;13;56;63m.[38;2;2;23;19m [38;2;22;47;52m.[38;2;37;62;58m.[38;2;39;57;69m.[38;2;10;35;38m [38;2;5;25;26m [38;2;91;109;109m:[38;2;25;52;56m.[38;2;32;67;67m.[0m
[0m[38;2;23;64;61m.[38;2;13;57;69m.[38;2;11;42;38m.[38;2;1;17;24m [38;2;9;43;53m.[38;2;77;147;145ml[38;2;62;129;129m:[38;2;0;14;16m [38;2;2;6;7m [38;2;9;23;26m [38;2;8;16;19m [38;2;67;105;181m:[38;2;137;168;201mx[38;2;26;31;29m.[38;2;0;4;0m [38;2;0;8;4m [38;2;0;5;2m [38;2;3;31;41m [38;2;5;30;39m [38;2;6;14;16m [38;2;20;27;24m [38;2;51;51;51m.[38;2;52;53;51m.[38;2;52;51;51m.[38;2;52;53;58m.[38;2;55;56;55m.[38;2;58;61;63m.[38;2;62;66;66m'[38;2;57;52;59m.[38;2;52;61;64m.[38;2;54;65;65m.[38;2;7;14;21m [38;2;2;4;10m [38;2;0;0;0m [38;2;40;70;138m'[38;2;215;249;255mW[38;2;0;2;5m [38;2;40;75;143m'[38;2;198;220;232mX[38;2;56;62;64m.[38;2;85;92;90m;[38;2;85;89;89m;[38;2;91;100;100m;[38;2;83;97;99m;[38;2;100;104;106m:[38;2;25;40;73m.[38;2;144;155;159md[38;2;92;92;82m;[38;2;48;55;41m.[38;2;19;19;18m [38;2;0;4;1m [38;2;11;16;19m [38;2;10;24;24m [38;2;1;10;15m [38;2;0;4;8m [38;2;2;10;1m [38;2;0;1;6m [38;2;158;194;221mO[38;2;33;37;40m.[38;2;31;33;34m.[38;2;140;159;183md[38;2;58;67;77m'[38;2;55;63;57m.[38;2;31;40;35m.[38;2;1;2;1m [38;2;46;60;65m.[38;2;119;141;154mo[38;2;0;1;0m [38;2;7;28;26m [38;2;13;67;80m.[38;2;16;51;59m.[38;2;10;25;24m [38;2;18;46;50m.[38;2;10;37;42m.[38;2;11;35;44m [38;2;20;58;63m.[38;2;7;42;47m.[38;2;98;163;166mo[38;2;18;62;72m.[38;2;27;60;60m.[0m
[0m[38;2;23;61;62m.[38;2;11;58;68m.[38;2;6;47;41m.[38;2;6;19;21m [38;2;13;43;64m.[38;2;81;149;160ml[38;2;54;117;136m:[38;2;2;15;22m [38;2;2;8;14m [38;2;22;56;64m.[38;2;6;32;39m [38;2;8;30;45m [38;2;63;100;172m;[38;2;143;183;219mk[38;2;69;71;77m'[38;2;0;4;1m [38;2;0;3;0m [38;2;14;69;96m.[38;2;12;61;91m.[38;2;2;22;24m [38;2;96;118;117mc[38;2;178;205;204m0[38;2;165;194;196mO[38;2;159;198;200mO[38;2;165;197;200mO[38;2;155;190;192mk[38;2;156;183;190mk[38;2;142;169;177mx[38;2;126;136;151mo[38;2;114;144;145mo[38;2;122;159;169md[38;2;124;137;159mo[38;2;95;111;140m:[38;2;50;87;134m,[38;2;55;99;179m;[38;2;92;150;212mo[38;2;44;64;128m'[38;2;106;147;195mo[38;2;72;83;86m,[38;2;105;131;133ml[38;2;134;169;163mx[38;2;142;172;169mx[38;2;137;166;158md[38;2;143;170;161mx[38;2;160;171;168mx[38;2;23;35;45m.[38;2;141;154;155md[38;2;131;130;124ml[38;2;85;106;105m:[38;2;101;108;121m:[38;2;69;88;99m,[38;2;123;133;140ml[38;2;35;48;47m.[38;2;10;22;19m [38;2;0;7;7m [38;2;2;8;0m [38;2;7;10;13m [38;2;134;166;176mx[38;2;97;115;114m:[38;2;68;74;87m'[38;2;149;197;221mO[38;2;59;73;71m'[38;2;49;62;59m.[38;2;62;76;78m'[38;2;103;117;123mc[38;2;140;167;188mx[38;2;8;14;13m [38;2;0;9;4m [38;2;8;28;29m [38;2;13;67;77m.[38;2;14;51;60m.[38;2;7;25;25m [38;2;19;60;68m.[38;2;16;62;70m.[38;2;0;1;0m [38;2;21;59;58m.[38;2;7;39;55m.[38;2;105;163;161md[38;2;11;39;55m.[38;2;17;50;58m.[0m
[0m[38;2;24;59;64m.[38;2;11;56;64m.[38;2;8;44;45m.[38;2;14;27;28m [38;2;8;37;50m.[38;2;81;155;176mo[38;2;42;103;103m,[38;2;5;20;23m [38;2;1;19;23m [38;2;7;27;31m [38;2;11;52;73m.[38;2;5;37;40m [38;2;4;6;12m [38;2;33;78;134m'[38;2;145;181;238mk[38;2;125;142;149mo[38;2;34;38;48m.[38;2;8;51;76m.[38;2;15;59;78m.[38;2;7;40;45m.[38;2;3;17;23m [38;2;14;55;69m.[38;2;7;28;30m [38;2;8;25;21m [38;2;12;30;26m [38;2;10;25;22m [38;2;10;31;37m [38;2;16;49;56m.[38;2;14;46;69m.[38;2;12;46;51m.[38;2;10;45;54m.[38;2;14;45;53m.[38;2;6;22;32m [38;2;0;0;0m [38;2;58;92;150m;[38;2;154;168;197mx[38;2;85;102;158m:[38;2;72;92;154m;[38;2;68;85;143m,[38;2;7;22;28m [38;2;23;47;39m.[38;2;7;12;13m [38;2;5;5;1m [38;2;1;7;1m [38;2;9;18;13m [38;2;34;54;68m.[38;2;130;138;139mo[38;2;14;19;18m [38;2;1;4;2m [38;2;0;0;3m [38;2;2;7;6m [38;2;58;60;79m.[38;2;195;192;204m0[38;2;8;12;5m [38;2;9;20;15m [38;2;9;13;9m [38;2;36;45;66m.[38;2;115;132;130ml[38;2;11;20;15m [38;2;56;70;94m'[38;2;125;152;165md[38;2;27;52;42m.[38;2;41;58;51m.[38;2;16;29;28m [38;2;76;103;165m:[38;2;123;141;155mo[38;2;0;2;0m [38;2;2;13;4m [38;2;10;28;31m [38;2;12;71;72m.[38;2;11;50;57m.[38;2;11;29;25m [38;2;15;61;76m.[38;2;21;62;70m.[38;2;0;0;0m [38;2;28;57;60m.[38;2;34;74;85m.[38;2;63;111;128m:[38;2;8;48;55m.[38;2;10;53;57m.[0m
[0m[38;2;25;61;62m.[38;2;12;56;65m.[38;2;13;49;55m.[38;2;10;18;20m [38;2;7;38;61m.[38;2;96;175;190md[38;2;45;104;104m,[38;2;1;13;20m [38;2;12;53;70m.[38;2;11;50;75m.[38;2;6;59;80m.[38;2;9;38;43m.[38;2;4;12;11m [38;2;2;10;12m [38;2;13;34;59m.[38;2;70;105;164m:[38;2;142;186;221mk[38;2;126;157;175md[38;2;79;101;97m;[38;2;19;49;56m.[38;2;7;42;55m.[38;2;13;64;82m.[38;2;16;41;44m.[38;2;20;42;48m.[38;2;27;51;39m.[38;2;23;35;36m.[38;2;0;12;10m [38;2;38;80;90m'[38;2;16;63;68m.[38;2;16;60;62m.[38;2;17;57;64m.[38;2;40;69;86m.[38;2;35;59;90m.[38;2;43;71;99m'[38;2;70;125;186mc[38;2;164;180;184mk[38;2;54;78;75m'[38;2;17;45;55m.[38;2;113;141;226mo[38;2;30;58;86m.[38;2;28;54;55m.[38;2;47;93;97m,[38;2;63;117;98m:[38;2;61;82;78m,[38;2;0;12;7m [38;2;43;65;100m.[38;2;150;166;164mx[38;2;57;101;84m,[38;2;49;85;72m'[38;2;99;145;136ml[38;2;56;85;77m,[38;2;3;16;22m [38;2;198;204;224mK[38;2;12;11;18m [38;2;64;115;99m;[38;2;56;93;77m,[38;2;59;71;88m'[38;2;129;143;138mo[38;2;52;98;80m,[38;2;103;144;162mo[38;2;35;57;52m.[38;2;93;169;141mo[38;2;113;196;166mx[38;2;68;107;112m;[38;2;124;139;152mo[38;2;130;147;153mo[38;2;11;8;15m [38;2;0;7;1m [38;2;18;32;38m [38;2;16;67;78m.[38;2;6;43;57m.[38;2;10;31;29m [38;2;10;63;71m.[38;2;26;59;71m.[38;2;0;0;0m [38;2;21;53;57m.[38;2;82;133;151mc[38;2;18;53;58m.[38;2;14;54;63m.[38;2;18;60;65m.[0m
[0m[38;2;23;49;55m.[38;2;33;83;108m'[38;2;63;121;115m:[38;2;4;19;20m [38;2;7;42;57m.[38;2;92;170;181md[38;2;44;107;111m;[38;2;11;25;27m [38;2;53;103;110m;[38;2;45;93;115m,[38;2;56;102;115m;[38;2;51;133;136m:[38;2;47;93;101m,[38;2;22;68;69m.[38;2;31;75;79m.[38;2;22;66;62m.[38;2;5;24;41m [38;2;38;83;117m'[38;2;85;116;156mc[38;2;105;141;176mo[38;2;100;138;177ml[38;2;80;118;148mc[38;2;102;128;139mc[38;2;96;144;154ml[38;2;120;162;159md[38;2;122;159;162md[38;2;107;127;130mc[38;2;124;148;169mo[38;2;127;154;168md[38;2;116;147;164mo[38;2;129;148;174md[38;2;120;154;189md[38;2;63;121;168m:[38;2;44;97;121m,[38;2;78;132;200ml[38;2;134;152;159md[38;2;0;22;27m [38;2;2;39;50m.[38;2;85;106;164m:[38;2;56;94;151m;[38;2;51;103;102m;[38;2;48;99;99m,[38;2;72;153;144ml[38;2;87;153;142ml[38;2;1;7;10m [38;2;60;92;135m;[38;2;136;142;145mo[38;2;70;126;100m:[38;2;31;58;54m.[38;2;89;157;158mo[38;2;63;115;98m;[38;2;5;13;14m [38;2;196;206;215mK[38;2;24;25;35m [38;2;16;55;47m.[38;2;41;68;64m.[38;2;64;79;91m,[38;2;128;129;128ml[38;2;22;35;46m.[38;2;105;140;144ml[38;2;7;20;15m [38;2;19;54;45m.[38;2;70;128;110m:[38;2;120;159;176md[38;2;7;12;12m [38;2;83;101;103m;[38;2;51;64;73m.[38;2;3;2;1m [38;2;19;33;34m.[38;2;21;62;70m.[38;2;10;43;50m.[38;2;13;35;34m [38;2;13;56;64m.[38;2;22;55;57m.[38;2;0;5;2m [38;2;27;67;67m.[38;2;73;121;130m:[38;2;9;32;42m [38;2;20;54;64m.[38;2;18;58;64m.[0m
[0m[38;2;46;81;101m'[38;2;95;191;204mx[38;2;22;58;50m.[38;2;5;22;28m [38;2;6;42;61m.[38;2;100;175;192md[38;2;38;98;106m,[38;2;29;53;69m.[38;2;97;204;215mk[38;2;77;172;179mo[38;2;79;162;185mo[38;2;73;180;203md[38;2;94;181;191md[38;2;18;62;72m.[38;2;8;52;65m.[38;2;12;54;63m.[38;2;0;26;33m [38;2;12;57;69m.[38;2;12;51;66m.[38;2;8;42;51m.[38;2;28;61;85m.[38;2;26;61;99m.[38;2;62;126;167mc[38;2;45;116;152m:[38;2;40;87;119m,[38;2;44;98;128m,[38;2;31;68;91m.[38;2;24;69;106m.[38;2;12;52;85m.[38;2;5;41;57m.[38;2;19;54;70m.[38;2;83;176;175md[38;2;76;163;168mo[38;2;66;112;110m;[38;2;98;122;134mc[38;2;168;139;90mo[38;2;91;81;50m,[38;2;153;159;101md[38;2;169;173;100mx[38;2;180;178;110mk[38;2;204;195;89mO[38;2;204;193;83mO[38;2;177;167;91mx[38;2;166;176;92mx[38;2;117;103;55m:[38;2;122;125;109ml[38;2;140;130;122ml[38;2;39;41;29m.[38;2;72;120;131m:[38;2;13;37;46m.[38;2;99;122;91mc[38;2;37;18;16m [38;2;176;174;199mk[38;2;23;29;36m [38;2;12;44;39m.[38;2;7;28;22m [38;2;50;69;76m'[38;2;112;126;130ml[38;2;96;112;120m:[38;2;60;88;98m,[38;2;36;43;33m.[38;2;8;38;33m [38;2;81;118;129m:[38;2;57;76;79m'[38;2;0;2;2m [38;2;78;104;112m;[38;2;53;71;82m'[38;2;0;4;3m [38;2;8;41;34m.[38;2;19;60;65m.[38;2;15;39;50m.[38;2;25;37;34m.[38;2;5;44;43m.[38;2;27;60;66m.[38;2;0;0;1m [38;2;95;156;149mo[38;2;20;54;65m.[38;2;15;55;58m.[38;2;26;47;55m.[38;2;21;54;61m.[0m
[0m[38;2;98;176;170md[38;2;25;82;94m'[38;2;6;22;19m [38;2;9;22;32m [38;2;5;38;58m.[38;2;95;174;195md[38;2;46;105;99m,[38;2;30;48;69m.[38;2;95;189;201mx[38;2;72;164;175mo[38;2;70;166;176mo[38;2;72;163;180mo[38;2;83;175;178md[38;2;75;160;159mo[38;2;16;55;67m.[38;2;10;53;54m.[38;2;0;26;37m [38;2;12;54;69m.[38;2;11;54;65m.[38;2;7;54;64m.[38;2;8;55;65m.[38;2;4;41;56m.[38;2;62;132;137mc[38;2;94;198;183mx[38;2;32;81;83m'[38;2;8;53;61m.[38;2;0;30;37m [38;2;11;56;72m.[38;2;7;56;71m.[38;2;14;57;67m.[38;2;7;53;70m.[38;2;31;84;84m'[38;2;77;153;156ml[38;2;38;64;72m.[38;2;147;146;132mo[38;2;185;164;68mx[38;2;208;191;72mO[38;2;219;193;69mO[38;2;224;192;70mO[38;2;214;156;46mx[38;2;166;139;60mo[38;2;244;234;106mX[38;2;255;255;103mN[38;2;255;254;99mN[38;2;255;255;100mN[38;2;255;255;116mW[38;2;255;255;125mW[38;2;238;224;98mK[38;2;185;178;88mk[38;2;195;156;72mx[38;2;238;196;112m0[38;2;227;188;101mO[38;2;224;213;108mK[38;2;161;146;78mo[38;2;110;111;78m:[38;2;90;86;63m,[38;2;71;79;73m,[38;2;123;128;99ml[38;2;117;128;129ml[38;2;6;21;27m [38;2;17;28;26m [38;2;19;43;42m.[38;2;123;153;163md[38;2;8;10;9m [38;2;0;2;0m [38;2;133;146;143mo[38;2;19;27;37m [38;2;0;1;6m [38;2;20;37;35m.[38;2;22;59;64m.[38;2;17;39;47m.[38;2;24;35;32m.[38;2;8;41;41m.[38;2;21;59;64m.[38;2;27;36;32m.[38;2;66;120;110m:[38;2;12;51;57m.[38;2;18;56;64m.[38;2;24;50;58m.[38;2;22;51;54m.[0m
[0m[38;2;41;90;79m'[38;2;8;51;67m.[38;2;7;28;29m [38;2;15;20;31m [38;2;4;40;56m.[38;2;90;171;194md[38;2;38;93;77m'[38;2;31;46;69m.[38;2;93;186;199mx[38;2;72;163;177mo[38;2;69;165;180mo[38;2;72;160;167mo[38;2;78;168;164mo[38;2;71;162;158mo[38;2;65;140;138mc[38;2;15;54;63m.[38;2;0;26;29m [38;2;14;56;73m.[38;2;6;55;69m.[38;2;7;55;61m.[38;2;2;50;52m.[38;2;6;44;58m.[38;2;10;35;43m [38;2;49;100;107m,[38;2;71;122;140m:[38;2;25;62;62m.[38;2;22;52;52m.[38;2;7;40;41m.[38;2;21;53;62m.[38;2;25;63;66m.[38;2;22;60;70m.[38;2;23;65;56m.[38;2;34;79;86m'[38;2;13;36;43m.[38;2;136;162;220mx[38;2;107;111;121mc[38;2;14;27;20m [38;2;74;118;92m:[38;2;67;98;114m;[38;2;80;108;128m:[38;2;0;1;12m [38;2;69;63;45m.[38;2;183;151;82md[38;2;188;157;64md[38;2;224;189;70mO[38;2;182;132;54mo[38;2;255;246;112mN[38;2;255;254;98mN[38;2;255;254;93mN[38;2;255;255;97mN[38;2;254;239;97mN[38;2;237;203;71m0[38;2;245;210;84mK[38;2;248;212;82mK[38;2;236;200;88m0[38;2;243;215;117mK[38;2;255;255;127mW[38;2;255;255;108mW[38;2;206;186;101mO[38;2;146;103;48m:[38;2;153;149;90mo[38;2;115;115;103mc[38;2;33;41;53m.[38;2;0;1;6m [38;2;11;21;28m [38;2;156;178;177mk[38;2;0;1;0m [38;2;0;6;1m [38;2;21;38;36m.[38;2;25;62;70m.[38;2;13;40;42m.[38;2;20;32;27m [38;2;10;49;49m.[38;2;19;48;53m.[38;2;19;32;30m [38;2;12;50;57m.[38;2;15;47;56m.[38;2;15;48;53m.[38;2;28;54;64m.[38;2;11;37;41m.[0m
[0m[38;2;26;58;58m.[38;2;5;60;71m.[38;2;4;36;29m [38;2;11;17;22m [38;2;8;42;56m.[38;2;91;164;193md[38;2;35;86;75m'[38;2;22;36;52m.[38;2;64;135;145mc[38;2;54;114;111m;[38;2;48;115;116m;[38;2;55;112;114m;[38;2;59;114;112m;[38;2;69;133;144mc[38;2;47;96;108m,[38;2;46;92;99m,[38;2;46;84;83m'[38;2;4;19;21m [38;2;11;49;55m.[38;2;4;45;58m.[38;2;13;43;58m.[38;2;12;47;59m.[38;2;25;63;69m.[38;2;24;70;72m.[38;2;24;68;79m.[38;2;23;71;78m.[38;2;61;116;131m:[38;2;0;25;27m [38;2;16;64;66m.[38;2;7;59;71m.[38;2;1;58;63m.[38;2;4;56;63m.[38;2;9;52;75m.[38;2;2;21;37m [38;2;151;167;210mx[38;2;126;128;128ml[38;2;0;0;0m [38;2;94;157;138mo[38;2;70;114;169m:[38;2;78;96;144m;[38;2;127;120;77mc[38;2;224;180;86mO[38;2;241;159;43mk[38;2;161;109;33mc[38;2;129;95;29m;[38;2;117;85;45m;[38;2;133;95;50m:[38;2;177;164;62md[38;2;250;229;94mX[38;2;255;231;83mX[38;2;254;226;84mX[38;2;255;252;90mN[38;2;255;253;92mN[38;2;255;254;92mN[38;2;236;211;84mK[38;2;240;199;82m0[38;2;227;177;94mO[38;2;245;222;98mX[38;2;255;255;101mN[38;2;249;233;89mX[38;2;255;255;101mN[38;2;241;228;100mX[38;2;198;180;82mk[38;2;151;128;75ml[38;2;115;103;93m:[38;2;39;41;47m.[38;2;0;8;1m [38;2;0;7;2m [38;2;22;40;36m.[38;2;18;63;75m.[38;2;16;37;37m.[38;2;23;32;33m.[38;2;13;39;45m.[38;2;17;37;35m.[38;2;11;21;17m [38;2;21;53;54m.[38;2;13;47;54m.[38;2;12;38;42m.[38;2;25;47;52m.[38;2;48;93;100m,[0m
[0m[38;2;23;47;47m.[38;2;9;46;57m.[38;2;7;37;36m [38;2;7;40;57m.[38;2;6;32;53m [38;2;84;161;184mo[38;2;50;103;95m,[38;2;3;5;10m [38;2;7;37;44m [38;2;5;38;55m.[38;2;14;61;68m.[38;2;23;67;80m.[38;2;34;72;83m.[38;2;29;82;99m'[38;2;33;83;98m'[38;2;46;101;115m,[38;2;111;204;214mk[38;2;1;9;16m [38;2;14;57;64m.[38;2;10;55;64m.[38;2;12;56;68m.[38;2;5;54;65m.[38;2;6;56;60m.[38;2;7;56;66m.[38;2;6;56;69m.[38;2;7;57;71m.[38;2;12;68;77m.[38;2;24;50;54m.[38;2;12;66;73m.[38;2;11;57;72m.[38;2;5;58;69m.[38;2;11;59;67m.[38;2;13;59;74m.[38;2;3;27;41m [38;2;138;163;202mx[38;2;125;135;134ml[38;2;0;1;0m [38;2;54;89;80m,[38;2;125;109;112mc[38;2;239;186;85mO[38;2;249;176;32mO[38;2;249;158;23mk[38;2;195;136;28mo[38;2;125;102;27m:[38;2;12;4;0m [38;2;93;123;155mc[38;2;147;151;143md[38;2;178;146;76md[38;2;168;102;20mc[38;2;127;82;29m;[38;2;243;138;21md[38;2;255;254;124mW[38;2;255;254;102mN[38;2;255;255;97mN[38;2;255;255;98mN[38;2;255;255;99mN[38;2;255;255;112mW[38;2;244;200;67m0[38;2;255;255;107mW[38;2;255;255;92mN[38;2;255;255;100mN[38;2;255;255;98mN[38;2;255;255;99mN[38;2;255;255;103mN[38;2;220;209;116m0[38;2;31;24;12m [38;2;2;7;2m [38;2;0;6;6m [38;2;20;45;33m.[38;2;22;58;68m.[38;2;22;49;53m.[38;2;16;25;24m [38;2;18;29;29m [38;2;17;31;27m [38;2;19;34;41m.[38;2;25;44;47m.[38;2;56;105;106m;[38;2;76;115;125m:[38;2;76;133;137mc[38;2;62;111;126m;[0m
[0m[38;2;25;57;63m.[38;2;15;57;78m.[38;2;10;53;61m.[38;2;6;53;62m.[38;2;5;30;49m [38;2;79;138;179ml[38;2;62;114;117m:[38;2;1;11;20m [38;2;10;57;67m.[38;2;2;53;73m.[38;2;5;52;67m.[38;2;5;53;66m.[38;2;9;53;65m.[38;2;8;54;61m.[38;2;2;53;58m.[38;2;6;45;57m.[38;2;66;117;144m:[38;2;0;17;20m [38;2;8;59;67m.[38;2;8;55;69m.[38;2;7;55;65m.[38;2;9;55;70m.[38;2;2;55;71m.[38;2;11;56;77m.[38;2;7;60;74m.[38;2;8;58;82m.[38;2;6;61;63m.[38;2;50;75;87m'[38;2;14;63;76m.[38;2;7;42;53m.[38;2;3;36;50m [38;2;7;34;33m [38;2;7;25;25m [38;2;3;7;7m [38;2;125;165;202mx[38;2;128;139;136mo[38;2;5;14;10m [38;2;30;46;70m.[38;2;114;145;164mo[38;2;53;43;21m.[38;2;70;69;50m'[38;2;54;46;21m.[38;2;6;4;0m [38;2;2;11;0m [38;2;3;9;15m [38;2;70;71;95m'[38;2;255;215;94mK[38;2;182;113;13ml[38;2;134;85;30m;[38;2;57;47;30m.[38;2;250;157;32mk[38;2;255;243;118mN[38;2;255;255;105mW[38;2;255;255;97mN[38;2;255;255;99mN[38;2;255;255;96mN[38;2;255;255;97mN[38;2;255;255;97mN[38;2;243;211;81mK[38;2;247;225;96mX[38;2;255;255;96mN[38;2;255;255;89mN[38;2;255;255;95mN[38;2;255;255;96mN[38;2;255;255;103mN[38;2;214;202;117m0[38;2;39;27;15m.[38;2;0;3;2m [38;2;20;43;34m.[38;2;23;56;67m.[38;2;24;55;68m.[38;2;22;55;53m.[38;2;9;36;30m [38;2;32;66;64m.[38;2;48;77;82m'[38;2;54;93;92m,[38;2;42;84;87m'[38;2;19;53;67m.[38;2;10;47;62m.[38;2;15;47;60m.[0m
[0m[38;2;25;58;61m.[38;2;7;55;69m.[38;2;6;49;65m.[38;2;5;49;63m.[38;2;6;33;52m [38;2;72;129;177mc[38;2;63;130;130mc[38;2;0;6;16m [38;2;4;54;69m.[38;2;0;50;66m.[38;2;5;50;61m.[38;2;7;53;63m.[38;2;8;53;66m.[38;2;6;54;63m.[38;2;4;52;68m.[38;2;6;52;60m.[38;2;11;46;61m.[38;2;5;22;34m [38;2;2;64;73m.[38;2;11;53;74m.[38;2;10;52;52m.[38;2;6;46;52m.[38;2;4;40;49m.[38;2;8;36;46m [38;2;5;30;32m [38;2;4;20;25m [38;2;2;24;17m [38;2;10;23;22m [38;2;6;29;32m [38;2;0;7;9m [38;2;16;35;39m.[38;2;10;34;46m [38;2;3;19;23m [38;2;0;0;0m [38;2;108;160;195md[38;2;131;147;146mo[38;2;1;16;14m [38;2;53;91;126m,[38;2;108;181;244mx[38;2;5;14;10m [38;2;24;77;71m.[38;2;5;31;25m [38;2;2;6;0m [38;2;1;10;3m [38;2;21;31;40m.[38;2;96;85;122m;[38;2;251;209;44m0[38;2;189;121;36ml[38;2;63;57;31m.[38;2;31;44;50m.[38;2;224;165;59mk[38;2;249;197;67m0[38;2;255;254;122mW[38;2;255;255;97mN[38;2;255;255;99mN[38;2;255;255;99mN[38;2;255;255;95mN[38;2;255;255;97mN[38;2;255;255;99mN[38;2;242;184;74mO[38;2;255;235;94mX[38;2;255;255;95mN[38;2;255;254;91mN[38;2;255;254;92mN[38;2;255;254;95mN[38;2;255;255;107mW[38;2;222;208;124m0[38;2;48;32;14m.[38;2;17;36;35m.[38;2;15;60;69m.[38;2;23;55;67m.[38;2;9;26;31m [38;2;19;34;41m.[38;2;28;50;51m.[38;2;22;41;58m.[38;2;19;55;66m.[38;2;20;50;66m.[38;2;17;53;69m.[38;2;27;55;64m.[38;2;16;41;50m.[0m
[0m[38;2;26;57;64m.[38;2;6;53;66m.[38;2;7;47;64m.[38;2;2;48;58m.[38;2;1;32;49m [38;2;76;131;185mc[38;2;66;148;132mc[38;2;1;15;22m [38;2;6;50;72m.[38;2;10;53;70m.[38;2;7;58;62m.[38;2;7;55;65m.[38;2;12;47;60m.[38;2;4;42;56m.[38;2;2;39;56m.[38;2;5;34;38m [38;2;5;38;44m [38;2;3;14;16m [38;2;2;19;20m [38;2;4;13;16m [38;2;27;31;32m.[38;2;51;51;52m.[38;2;51;51;51m.[38;2;51;52;52m.[38;2;51;53;52m.[38;2;51;52;52m.[38;2;50;52;50m.[38;2;56;78;91m'[38;2;33;72;76m.[38;2;43;33;40m.[38;2;19;33;37m [38;2;14;37;51m.[38;2;5;20;23m [38;2;0;0;0m [38;2;67;115;158m:[38;2;182;211;219mK[38;2;0;2;0m [38;2;85;136;177ml[38;2;76;119;175mc[38;2;9;19;19m [38;2;5;44;47m.[38;2;11;33;43m [38;2;28;57;61m.[38;2;45;78;71m'[38;2;28;51;96m.[38;2;122;143;164mo[38;2;191;159;46md[38;2;100;62;21m'[38;2;43;92;101m,[38;2;79;174;190md[38;2;55;43;24m.[38;2;255;229;109mX[38;2;255;254;102mN[38;2;255;254;94mN[38;2;255;255;96mN[38;2;255;255;100mN[38;2;255;255;96mN[38;2;255;255;100mN[38;2;255;255;98mN[38;2;255;255;103mN[38;2;255;245;90mN[38;2;255;254;93mN[38;2;255;254;93mN[38;2;255;254;88mN[38;2;255;254;92mN[38;2;255;253;100mN[38;2;255;255;107mW[38;2;226;211;110mK[38;2;57;51;33m.[38;2;11;49;67m.[38;2;8;32;38m [38;2;31;35;39m.[38;2;8;26;34m [38;2;8;30;25m [38;2;7;33;36m [38;2;9;42;46m.[38;2;19;49;62m.[38;2;18;46;66m.[38;2;17;46;60m.[38;2;13;34;46m.[0m
[0m[38;2;26;61;72m.[38;2;6;56;71m.[38;2;4;48;63m.[38;2;7;45;70m.[38;2;4;34;42m [38;2;60;109;166m:[38;2;64;150;142ml[38;2;0;14;15m [38;2;3;30;37m [38;2;4;28;28m [38;2;0;19;20m [38;2;2;18;11m [38;2;0;8;4m [38;2;0;4;0m [38;2;0;7;0m  [38;2;5;29;41m [38;2;8;36;45m [38;2;10;34;48m [38;2;1;7;10m [38;2;152;173;190mk[38;2;196;230;233mX[38;2;207;229;233mX[38;2;204;234;232mX[38;2;203;233;237mX[38;2;207;231;235mX[38;2;186;217;218mK[38;2;150;164;178mx[38;2;163;202;199mO[38;2;151;166;168mx[38;2;104;126;147ml[38;2;132;155;163md[38;2;106;110;113m:[38;2;17;24;26m [38;2;28;48;82m.[38;2;226;243;253mW[38;2;25;13;12m [38;2;102;144;174mo[38;2;123;123;109mc[38;2;52;61;43m.[38;2;51;62;47m.[38;2;9;26;48m [38;2;76;161;172mo[38;2;90;199;179mx[38;2;16;48;114m.[38;2;190;221;239mK[38;2;2;16;27m [38;2;2;46;48m.[38;2;47;99;125m,[38;2;23;80;100m'[38;2;163;152;101md[38;2;255;254;128mW[38;2;255;252;91mN[38;2;255;250;92mN[38;2;255;252;92mN[38;2;255;252;94mN[38;2;255;253;95mN[38;2;255;253;101mN[38;2;255;253;96mN[38;2;255;252;95mN[38;2;255;250;90mN[38;2;255;253;94mN[38;2;255;251;92mN[38;2;255;251;92mN[38;2;255;251;93mN[38;2;255;251;94mN[38;2;255;252;99mN[38;2;255;253;103mN[38;2;231;224;114mK[38;2;77;62;29m.[38;2;0;6;6m [38;2;27;59;59m.[38;2;25;64;77m.[38;2;21;57;59m.[38;2;19;33;43m.[38;2;6;22;29m [38;2;13;34;37m [38;2;16;47;54m.[38;2;28;53;65m.[38;2;26;47;55m.[0m
[0m[38;2;17;35;36m.[38;2;9;28;39m [38;2;14;26;25m [38;2;2;15;36m [38;2;13;41;57m.[38;2;55;91;148m,[38;2;73;170;162mo[38;2;0;12;4m [38;2;0;8;7m [38;2;21;25;26m [38;2;5;19;27m [38;2;15;35;31m [38;2;4;11;3m [38;2;4;11;0m [38;2;0;13;6m [38;2;0;6;2m [38;2;14;37;50m.[38;2;12;54;70m.[38;2;16;57;72m.[38;2;5;19;29m [38;2;17;39;40m.[38;2;31;68;83m.[38;2;25;59;75m.[38;2;27;72;83m.[38;2;27;79;89m'[38;2;32;83;100m'[38;2;35;62;78m.[38;2;34;59;88m.[38;2;37;66;68m.[38;2;24;55;39m.[38;2;9;23;46m [38;2;51;111;155m;[38;2;129;167;210mx[38;2;182;199;213m0[38;2;24;27;45m [38;2;117;143;157mo[38;2;206;159;70mx[38;2;253;218;116mX[38;2;246;224;110mX[38;2;255;255;113mW[38;2;255;233;113mX[38;2;174;151;84md[38;2;65;73;55m'[38;2;83;160;153mo[38;2;45;73;151m'[38;2;138;157;172md[38;2;9;30;47m [38;2;11;60;73m.[38;2;4;27;48m [38;2;134;127;93ml[38;2;255;255;125mW[38;2;255;250;107mN[38;2;255;252;96mN[38;2;255;237;80mX[38;2;255;247;88mN[38;2;255;240;79mX[38;2;255;249;96mN[38;2;255;250;102mN[38;2;255;248;93mN[38;2;255;251;102mN[38;2;255;248;93mN[38;2;255;251;95mN[38;2;255;245;85mN[38;2;255;243;84mN[38;2;255;244;87mN[38;2;255;248;87mN[38;2;255;249;92mN[38;2;255;251;94mN[38;2;255;254;103mN[38;2;238;219;125mK[38;2;43;30;13m.[38;2;17;51;64m.[38;2;16;52;55m.[38;2;30;56;70m.[38;2;35;64;77m.[38;2;42;66;92m.[38;2;2;18;16m [38;2;4;19;18m [38;2;7;22;29m [38;2;0;8;15m [0m
