[0m[38;2;21;50;47m.[38;2;10;45;55m.[38;2;11;40;33m.[38;2;1;14;4m [38;2;4;42;50m.[38;2;3;29;36m [38;2;72;152;151ml[38;2;17;38;37m.[38;2;0;4;2m [38;2;0;10;0m [38;2;1;12;4m [38;2;6;23;14m [38;2;8;24;26m [38;2;2;13;19m [38;2;138;172;205mx[38;2;91;106;122m:[38;2;4;12;11m [38;2;9;48;54m.[38;2;10;48;73m.[38;2;9;44;62m.[38;2;8;48;68m.[38;2;9;52;65m.[38;2;10;51;78m.[38;2;10;49;72m.[38;2;13;47;79m.[38;2;11;33;71m.[38;2;87;164;202md[38;2;12;22;33m [38;2;38;77;118m'[38;2;49;103;129m;[38;2;49;93;123m,[38;2;24;59;79m.[38;2;9;41;85m.[38;2;12;43;86m.[38;2;8;34;68m.[38;2;63;113;156m:[38;2;44;66;82m.[38;2;69;153;190ml[38;2;54;103;132m;[38;2;8;40;65m.[38;2;2;39;46m [38;2;37;59;122m.[38;2;133;149;159md[38;2;9;42;63m.[38;2;1;22;34m [38;2;18;35;96m.[38;2;193;246;255mN[38;2;38;86;123m,[38;2;51;101;114m;[38;2;30;72;89m.[38;2;12;26;31m [38;2;14;46;63m.[38;2;6;28;40m [38;2;8;42;56m.[38;2;4;44;63m.[38;2;9;36;43m [38;2;13;50;61m.[38;2;2;13;23m [38;2;68;98;162m;[38;2;14;34;54m.[38;2;2;30;58m [38;2;9;34;63m.[38;2;9;32;61m [38;2;6;48;77m.[38;2;6;40;64m.[38;2;9;44;71m.[38;2;3;37;51m [38;2;18;50;61m.[38;2;7;44;57m.[38;2;12;54;63m.[38;2;1;30;31m [38;2;11;47;52m.[38;2;9;45;43m.[38;2;1;7;4m [38;2;8;32;29m [38;2;15;41;44m.[38;2;13;38;44m.[38;2;10;39;33m.[38;2;12;43;47m.[38;2;3;44;47m.[0m
[0m[38;2;23;45;46m.[38;2;6;43;47m.[38;2;10;31;26m [38;2;0;10;12m [38;2;4;38;43m [38;2;2;30;30m [38;2;79;148;152ml[38;2;7;27;25m [38;2;1;5;4m [38;2;0;7;1m [38;2;0;2;0m  [38;2;0;2;1m [38;2;26;43;61m.[38;2;200;223;243mX[38;2;9;11;20m [38;2;7;13;13m [38;2;3;18;20m [38;2;2;25;30m [38;2;5;27;42m [38;2;6;30;59m [38;2;9;37;67m.[38;2;7;42;79m.[38;2;13;46;89m.[38;2;13;46;88m.[38;2;6;39;81m.[38;2;42;94;138m,[38;2;15;27;51m [38;2;13;42;103m.[38;2;5;42;92m.[38;2;18;45;94m.[38;2;22;54;95m.[38;2;18;51;101m.[38;2;23;53;96m.[38;2;23;58;97m.[38;2;43;80;119m'[38;2;39;62;81m.[38;2;70;148;182ml[38;2;78;157;180mo[38;2;16;45;80m.[38;2;1;21;42m [38;2;41;69;150m'[38;2;119;139;153mo[38;2;7;39;57m.[38;2;4;23;44m [38;2;17;36;112m.[38;2;190;239;255mN[38;2;7;15;22m [38;2;70;135;172mc[38;2;76;160;193mo[38;2;38;76;94m'[38;2;41;72;111m'[38;2;5;30;52m [38;2;31;73;100m.[38;2;10;36;55m.[38;2;5;19;38m [38;2;9;39;61m.[38;2;0;12;41m [38;2;92;124;194ml[38;2;9;34;55m [38;2;4;26;59m [38;2;5;34;62m [38;2;50;76;98m'[38;2;54;64;75m.[38;2;55;77;95m'[38;2;49;70;88m'[38;2;47;65;77m.[38;2;33;58;71m.[38;2;14;49;58m.[38;2;4;44;55m.[38;2;0;26;28m [38;2;15;47;51m.[38;2;4;32;30m [38;2;0;4;3m [38;2;7;31;31m [38;2;7;31;36m [38;2;7;29;39m [38;2;7;33;31m [38;2;11;39;44m.[38;2;3;39;43m [0m
[0m[38;2;25;47;55m.[38;2;10;43;53m.[38;2;15;34;33m [38;2;1;10;16m [38;2;7;40;53m.[38;2;2;28;35m [38;2;81;151;153ml[38;2;2;14;24m [38;2;7;22;23m [38;2;9;23;28m [38;2;5;21;24m [38;2;9;23;35m [38;2;1;2;9m [38;2;149;180;203mk[38;2;89;104;125m:[38;2;5;26;52m [38;2;7;28;61m [38;2;0;3;13m [38;2;0;3;24m [38;2;0;4;27m [38;2;2;5;23m [38;2;0;6;34m [38;2;1;8;33m [38;2;7;20;47m [38;2;9;20;57m [38;2;6;28;76m [38;2;13;37;84m.[38;2;5;13;56m [38;2;20;49;116m.[38;2;22;52;114m.[38;2;19;53;129m.[38;2;18;50;121m.[38;2;16;48;111m.[38;2;10;50;111m.[38;2;8;39;97m.[38;2;74;125;186mc[38;2;33;56;83m.[38;2;32;59;103m.[38;2;43;93;133m,[38;2;33;76;119m'[38;2;17;30;53m [38;2;48;83;160m,[38;2;91;125;137mc[38;2;5;35;65m.[38;2;4;16;44m [38;2;13;34;105m.[38;2;209;249;255mW[38;2;0;6;27m [38;2;17;60;81m.[38;2;88;166;196md[38;2;33;54;80m.[38;2;75;128;178mc[38;2;3;23;65m [38;2;50;97;134m;[38;2;83;159;191mo[38;2;22;44;59m.[38;2;27;48;74m.[38;2;21;49;88m.[38;2;117;165;239mx[38;2;5;29;77m [38;2;14;29;136m.[38;2;4;23;115m [38;2;65;96;190m;[38;2;70;92;162m;[38;2;70;94;142m;[38;2;69;86;118m,[38;2;71;86;111m,[38;2;48;73;93m'[38;2;80;103;117m;[38;2;53;75;103m'[38;2;4;28;29m [38;2;7;23;28m [38;2;4;15;16m [38;2;7;32;44m [38;2;13;45;56m.[38;2;11;30;35m [38;2;19;42;45m.[38;2;7;23;24m [38;2;15;40;48m.[38;2;6;37;43m [0m
[0m[38;2;21;55;55m.[38;2;10;46;55m.[38;2;8;34;40m [38;2;7;15;18m [38;2;11;43;56m.[38;2;2;29;38m [38;2;81;145;161ml[38;2;10;32;43m [38;2;3;4;5m [38;2;18;39;47m.[38;2;3;13;21m [38;2;12;26;39m [38;2;78;101;133m;[38;2;194;216;228mK[38;2;3;12;49m [38;2;12;43;94m.[38;2;5;32;78m [38;2;11;39;99m.[38;2;15;37;109m.[38;2;4;26;88m [38;2;11;20;65m [38;2;34;52;95m.[38;2;37;51;101m.[38;2;35;50;100m.[38;2;33;50;96m.[38;2;34;46;100m.[38;2;37;49;90m.[38;2;36;39;89m.[38;2;19;30;94m.[38;2;32;47;98m.[38;2;26;36;100m.[38;2;13;23;84m [38;2;10;31;96m.[38;2;12;39;102m.[38;2;14;43;106m.[38;2;30;62;130m.[38;2;23;37;78m.[38;2;15;49;116m.[38;2;17;54;111m.[38;2;10;51;101m.[38;2;0;9;36m [38;2;81;121;191mc[38;2;84;104;133m:[38;2;42;78;105m'[38;2;46;79;90m'[38;2;10;20;77m [38;2;219;254;255mW[38;2;5;15;30m [38;2;3;23;61m [38;2;60;116;139m:[38;2;39;67;92m.[38;2;39;84;119m'[38;2;37;72;126m'[38;2;8;30;68m [38;2;80;151;183ml[38;2;20;44;62m.[38;2;13;32;82m.[38;2;62;131;181mc[38;2;110;154;222md[38;2;2;28;189m.[38;2;57;145;244ml[38;2;72;193;255mx[38;2;51;164;252mo[38;2;8;112;243m;[38;2;9;70;218m'[38;2;12;42;159m.[38;2;7;42;95m.[38;2;13;42;83m.[38;2;6;27;45m [38;2;102;126;160ml[38;2;21;30;47m [38;2;7;21;26m [38;2;10;42;58m.[38;2;7;48;61m.[38;2;9;36;39m [38;2;1;4;6m [38;2;44;65;61m.[38;2;28;55;56m.[38;2;12;40;47m.[38;2;9;35;41m [0m
[0m[38;2;20;49;49m.[38;2;11;44;51m.[38;2;6;30;34m [38;2;11;17;20m [38;2;8;44;53m.[38;2;0;27;45m [38;2;80;143;163ml[38;2;18;35;54m.[38;2;11;34;52m.[38;2;5;17;29m [38;2;8;21;37m [38;2;21;34;81m.[38;2;211;235;250mN[38;2;48;58;95m.[38;2;5;38;94m.[38;2;12;48;128m.[38;2;7;31;121m.[38;2;13;51;170m.[38;2;16;62;195m.[38;2;2;23;150m.[38;2;69;105;191m:[38;2;138;202;247mO[38;2;143;188;241mO[38;2;133;185;239mk[38;2;131;179;235mk[38;2;133;184;240mk[38;2;122;162;231mx[38;2;149;145;224md[38;2;99;128;216ml[38;2;106;163;221md[38;2;98;132;194ml[38;2;112;130;179ml[38;2;59;76;153m,[38;2;87;94;132m;[38;2;23;27;88m.[38;2;3;8;76m [38;2;1;9;61m [38;2;9;26;91m [38;2;11;34;78m.[38;2;12;30;70m.[38;2;6;21;83m [38;2;118;162;233mx[38;2;46;67;97m'[38;2;12;44;78m.[38;2;62;112;141m:[38;2;13;24;71m [38;2;206;248;255mN[38;2;16;25;45m [38;2;26;57;90m.[38;2;33;60;92m.[38;2;48;83;111m,[38;2;14;32;63m.[38;2;61;109;147m:[38;2;8;32;71m [38;2;36;74;114m'[38;2;26;50;73m.[38;2;17;40;92m.[38;2;14;69;132m.[38;2;114;158;229md[38;2;5;66;244m'[38;2;74;199;255mx[38;2;110;255;255mK[38;2;100;255;255mK[38;2;126;255;255mX[38;2;3;173;255ml[38;2;1;53;234m.[38;2;18;39;140m.[38;2;6;40;86m.[38;2;11;35;65m.[38;2;49;55;99m.[38;2;65;87;123m,[38;2;8;44;56m.[38;2;11;44;66m.[38;2;10;37;45m.[38;2;35;46;44m.[38;2;31;57;59m.[38;2;24;50;53m.[38;2;8;43;55m.[38;2;7;45;51m.[38;2;12;36;44m.[0m
[0m[38;2;19;47;48m.[38;2;10;44;57m.[38;2;11;31;28m [38;2;9;18;22m [38;2;5;43;59m.[38;2;2;27;45m [38;2;83;145;167ml[38;2;7;13;22m [38;2;34;72;95m.[38;2;32;61;87m.[38;2;18;29;78m.[38;2;124;165;211mx[38;2;107;121;160mc[38;2;20;49;105m.[38;2;22;62;150m.[38;2;24;74;202m'[38;2;2;72;229m'[38;2;18;127;246m:[38;2;6;140;251mc[38;2;7;111;241m;[38;2;4;103;242m;[38;2;13;122;246m:[38;2;12;105;244m;[38;2;9;81;233m,[38;2;8;73;234m'[38;2;7;73;238m'[38;2;2;65;231m'[38;2;11;76;228m'[38;2;12;59;211m.[38;2;2;54;203m.[38;2;4;59;213m.[38;2;19;67;214m'[38;2;30;71;208m'[38;2;107;125;213ml[38;2;181;208;239mK[38;2;84;97;149m:[38;2;7;12;107m [38;2;2;17;109m [38;2;1;15;64m [38;2;1;6;31m [38;2;14;36;107m.[38;2;138;188;248mO[38;2;5;10;21m [38;2;4;15;25m [38;2;17;32;56m.[38;2;15;35;98m.[38;2;216;248;255mW[38;2;2;9;30m [38;2;6;43;75m.[38;2;6;39;81m.[38;2;48;90;133m,[38;2;15;32;47m [38;2;21;60;98m.[38;2;24;58;97m.[38;2;23;57;90m.[38;2;28;53;93m.[38;2;18;35;85m.[38;2;19;43;123m.[38;2;104;154;227md[38;2;10;85;255m,[38;2;81;212;255mk[38;2;113;255;255mK[38;2;77;255;255m0[38;2;131;255;255mX[38;2;1;179;255mo[38;2;2;72;254m'[38;2;15;42;171m.[38;2;14;52;112m.[38;2;4;23;48m [38;2;42;61;115m.[38;2;63;86;128m,[38;2;12;44;51m.[38;2;14;38;48m.[38;2;36;49;52m.[38;2;34;55;59m.[38;2;8;40;49m.[38;2;10;43;57m.[38;2;8;43;55m.[38;2;9;41;52m.[38;2;13;37;46m.[0m
[0m[38;2;28;47;50m.[38;2;6;48;62m.[38;2;6;21;23m [38;2;10;23;29m [38;2;7;43;58m.[38;2;2;30;47m [38;2;84;143;179ml[38;2;0;7;18m [38;2;7;42;78m.[38;2;4;34;68m.[38;2;30;64;147m.[38;2;167;200;227m0[38;2;4;13;58m [38;2;56;122;205mc[38;2;69;139;227ml[38;2;71;160;253mo[38;2;4;189;255mo[38;2;152;255;255mX[38;2;107;247;255mK[38;2;96;244;255m0[38;2;90;247;255m0[38;2;76;238;255m0[38;2;81;233;255mO[38;2;68;217;255mk[38;2;52;214;255mk[38;2;29;186;255md[38;2;4;174;255ml[38;2;7;177;255mo[38;2;6;164;255ml[38;2;6;142;254mc[38;2;6;131;255m:[38;2;3;121;253m:[38;2;4;113;252m;[38;2;1;47;218m.[38;2;24;86;242m,[38;2;184;237;255mX[38;2;40;64;210m'[38;2;18;69;202m'[38;2;5;24;121m.[38;2;4;20;86m [38;2;20;55;162m.[38;2;149;206;255m0[38;2;3;5;28m [38;2;22;48;99m.[38;2;1;13;46m [38;2;15;45;135m.[38;2;196;232;252mX[38;2;0;0;1m [38;2;1;6;16m [38;2;1;10;21m [38;2;6;15;28m [38;2;6;19;30m [38;2;7;31;56m [38;2;8;35;62m.[38;2;11;41;71m.[38;2;16;51;89m.[38;2;10;22;60m [38;2;34;58;139m.[38;2;83;126;218ml[38;2;29;81;231m,[38;2;57;184;255md[38;2;100;233;255m0[38;2;96;255;255mK[38;2;142;255;255mX[38;2;3;174;255ml[38;2;0;49;232m.[38;2;9;20;111m [38;2;8;28;88m [38;2;12;32;45m [38;2;41;71;128m'[38;2;66;90;119m,[38;2;6;12;12m [38;2;29;46;54m.[38;2;10;34;31m [38;2;9;35;51m.[38;2;9;38;49m.[38;2;10;43;60m.[38;2;7;43;51m.[38;2;7;38;48m.[38;2;12;42;50m.[0m
[0m[38;2;20;50;50m.[38;2;8;47;59m.[38;2;5;21;26m [38;2;3;26;33m [38;2;7;44;57m.[38;2;0;27;43m [38;2;91;153;175mo[38;2;0;3;20m [38;2;16;44;79m.[38;2;8;22;70m [38;2;94;146;226mo[38;2;68;83;113m,[38;2;5;41;132m.[38;2;22;63;190m'[38;2;68;162;251mo[38;2;68;181;255md[38;2;1;201;255md[38;2;175;255;255mN[38;2;113;255;255mK[38;2;117;255;255mK[38;2;121;255;255mX[38;2;136;255;255mX[38;2;143;255;255mX[38;2;168;255;255mN[38;2;185;255;255mN[38;2;175;255;255mN[38;2;103;255;255mK[38;2;124;250;255mK[38;2;114;249;255mK[38;2;114;252;255mK[38;2;90;247;255m0[38;2;85;239;255m0[38;2;66;230;255mO[38;2;44;204;255mx[38;2;5;173;255ml[38;2;89;232;255m0[38;2;92;162;250md[38;2;3;76;248m'[38;2;4;36;175m.[38;2;3;25;145m.[38;2;38;91;196m;[38;2;163;210;243m0[38;2;2;13;42m [38;2;15;61;115m.[38;2;3;22;52m [38;2;8;32;115m.[38;2;193;240;252mN[38;2;0;3;7m [38;2;2;9;31m [38;2;12;33;63m.[38;2;11;29;50m [38;2;10;20;31m [38;2;1;6;7m [38;2;0;5;5m [38;2;2;2;5m [38;2;3;8;12m [38;2;2;10;20m [38;2;7;16;42m [38;2;98;117;190mc[38;2;11;28;122m.[38;2;9;43;170m.[38;2;10;80;220m'[38;2;10;120;228m:[38;2;41;145;226ml[38;2;3;65;201m.[38;2;1;11;117m [38;2;0;12;46m [38;2;1;6;27m [38;2;1;5;4m [38;2;71;89;125m;[38;2;42;53;77m.[38;2;19;33;36m.[38;2;13;49;60m.[38;2;13;41;55m.[38;2;7;38;47m.[38;2;8;39;48m.[38;2;8;35;41m [38;2;9;40;49m.[38;2;10;44;55m.[38;2;14;43;55m.[0m
[0m[38;2;21;50;50m.[38;2;13;45;60m.[38;2;8;23;28m [38;2;11;27;33m [38;2;7;44;57m.[38;2;2;25;43m [38;2;91;156;174mo[38;2;1;9;26m [38;2;11;43;79m.[38;2;21;37;101m.[38;2;130;192;245mk[38;2;9;18;51m [38;2;14;53;152m.[38;2;8;45;172m.[38;2;54;145;250ml[38;2;59;187;255md[38;2;0;210;255md[38;2;198;255;255mW[38;2;132;255;255mX[38;2;127;255;255mX[38;2;133;255;255mX[38;2;137;255;255mX[38;2;145;255;255mX[38;2;153;255;255mX[38;2;160;255;255mN[38;2;174;255;255mN[38;2;128;255;255mX[38;2;174;255;255mN[38;2;162;255;255mN[38;2;159;255;255mN[38;2;165;255;255mN[38;2;162;255;255mN[38;2;171;255;255mN[38;2;174;255;255mN[38;2;150;255;255mX[38;2;200;255;255mW[38;2;43;230;255mk[38;2;13;142;255mc[38;2;18;102;243m;[38;2;5;37;187m.[38;2;77;133;234ml[38;2;148;168;207mx[38;2;10;29;78m [38;2;18;53;138m.[38;2;12;30;128m.[38;2;3;33;173m.[38;2;165;211;243m0[38;2;0;1;12m [38;2;7;30;65m [38;2;12;52;89m.[38;2;5;28;50m [38;2;15;30;47m [38;2;23;38;43m.[38;2;106;129;134ml[38;2;95;120;128mc[38;2;94;117;123mc[38;2;86;104;105m:[38;2;51;67;71m.[38;2;95;115;131mc[38;2;37;50;67m.[38;2;45;53;88m.[38;2;25;30;63m.[38;2;0;14;61m [38;2;4;31;71m [38;2;0;11;68m [38;2;0;9;25m [38;2;0;6;23m [38;2;2;5;16m [38;2;3;2;0m [38;2;104;124;153mc[38;2;20;46;61m.[38;2;11;40;43m.[38;2;7;39;47m.[38;2;10;42;53m.[38;2;16;43;54m.[38;2;12;32;43m [38;2;13;37;47m.[38;2;8;43;50m.[38;2;11;43;50m.[38;2;13;42;51m.[0m
[0m[38;2;20;41;45m.[38;2;11;38;56m.[38;2;11;23;31m [38;2;7;27;36m [38;2;8;45;56m.[38;2;5;29;44m [38;2;89;153;169mo[38;2;1;13;24m [38;2;7;34;58m [38;2;21;51;128m.[38;2;151;203;243m0[38;2;7;22;60m [38;2;10;55;144m.[38;2;15;63;169m.[38;2;22;90;238m,[38;2;69;192;255mx[38;2;0;215;255md[38;2;214;255;255mW[38;2;153;255;255mX[38;2;144;255;255mXX[38;2;146;255;255mX[38;2;152;255;255mX[38;2;147;255;255mX[38;2;176;255;255mN[38;2;182;255;255mN[38;2;127;255;255mX[38;2;199;255;255mW[38;2;178;255;255mN[38;2;165;255;255mN[38;2;175;255;255mN[38;2;165;255;255mN[38;2;147;255;255mX[38;2;155;255;255mX[38;2;177;255;255mN[38;2;222;255;255mW[38;2;30;251;255mO[38;2;17;200;255md[38;2;5;72;251m'[38;2;4;61;227m.[38;2;115;199;255mO[38;2;98;124;169mc[38;2;33;91;162m,[38;2;69;115;184m:[38;2;74;139;231ml[38;2;154;211;250m0[38;2;186;216;238mK[38;2;152;149;169md[38;2;95;126;166mc[38;2;103;97;120m:[38;2;103;107;84m:[38;2;79;79;62m,[38;2;21;10;19m [38;2;58;69;63m'[38;2;28;29;23m [38;2;3;12;14m [38;2;8;31;50m [38;2;5;21;63m [38;2;88;112;150m:[38;2;5;25;62m [38;2;8;17;67m [38;2;145;170;207mx[38;2;19;26;75m.[38;2;8;38;92m.[38;2;0;16;56m [38;2;0;15;39m [38;2;0;8;18m [38;2;1;6;13m [38;2;1;0;3m [38;2;131;166;209mx[38;2;5;28;35m [38;2;1;7;9m [38;2;22;46;62m.[38;2;14;45;56m.[38;2;20;49;56m.[38;2;15;47;53m.[38;2;10;30;38m [38;2;24;48;49m.[38;2;12;36;44m.[38;2;13;43;46m.[0m
[0m[38;2;36;70;70m.[38;2;31;66;74m.[38;2;39;71;81m.[38;2;9;20;30m [38;2;8;48;55m.[38;2;5;28;49m [38;2;89;145;163ml[38;2;10;17;25m [38;2;27;56;76m.[38;2;27;58;128m.[38;2;146;178;203mk[38;2;25;50;87m.[38;2;30;66;134m.[38;2;35;72;164m'[38;2;28;89;226m,[38;2;56;154;254mo[38;2;15;211;255mx[38;2;153;242;255mX[38;2;137;255;255mX[38;2;142;255;255mX[38;2;146;255;255mX[38;2;168;255;255mN[38;2;174;255;255mN[38;2;178;255;255mN[38;2;197;255;255mN[38;2;207;255;255mW[38;2;126;255;255mX[38;2;220;255;255mW[38;2;195;255;255mN[38;2;182;255;255mN[38;2;171;255;255mN[38;2;171;255;255mN[38;2;167;255;255mN[38;2;163;255;255mN[38;2;179;255;255mN[38;2;217;255;255mW[38;2;106;247;255mK[38;2;145;226;255mK[38;2;168;174;239mO[38;2;170;179;209mO[38;2;206;222;190mK[38;2;211;194;162m0[38;2;213;199;151m0[38;2;245;227;152mX[38;2;255;236;159mN[38;2;255;227;158mN[38;2;255;227;130mX[38;2;255;229;120mX[38;2;255;230;116mX[38;2;254;216;105mX[38;2;255;233;100mX[38;2;255;238;118mN[38;2;212;189;93mO[38;2;216;198;119m0[38;2;205;169;101mk[38;2;172;161;84md[38;2;163;159;84md[38;2;110;112;94m:[38;2;106;127;172ml[38;2;12;48;143m.[38;2;31;70;195m'[38;2;63;166;240mo[38;2;38;112;219m:[38;2;12;115;225m;[38;2;0;56;179m.[38;2;0;21;124m [38;2;0;12;65m [38;2;1;12;30m [38;2;43;50;80m.[38;2;85;122;147mc[38;2;8;45;54m.[38;2;1;15;12m [38;2;16;42;50m.[38;2;6;30;33m [38;2;14;40;47m.[38;2;9;27;34m [38;2;8;35;42m [38;2;24;44;45m.[38;2;31;55;65m.[38;2;22;54;54m.[0m
[0m[38;2;17;49;56m.[38;2;10;47;58m.[38;2;17;44;57m.[38;2;3;18;33m [38;2;8;47;58m.[38;2;3;31;47m [38;2;81;135;165ml[38;2;1;10;22m [38;2;11;41;58m.[38;2;26;40;105m.[38;2;196;222;240mX[38;2;3;13;30m [38;2;1;35;95m.[38;2;44;101;164m;[38;2;16;67;146m.[38;2;22;60;200m'[38;2;49;145;245ml[38;2;7;103;243m;[38;2;5;159;255ml[38;2;6;167;255ml[38;2;8;186;255mo[38;2;38;203;255mx[38;2;46;213;255mx[38;2;57;221;255mk[38;2;55;226;255mk[38;2;80;229;255mO[38;2;43;244;255mO[38;2;98;238;255m0[38;2;101;249;255mK[38;2;108;250;255mK[38;2;122;251;255mK[38;2;121;250;255mK[38;2;127;249;255mK[38;2;177;255;255mN[38;2;215;255;255mW[38;2;228;248;255mW[38;2;199;202;250mK[38;2;164;172;218mk[38;2;207;184;204m0[38;2;194;176;168mO[38;2;191;167;144mk[38;2;205;178;112mk[38;2;203;178;112mk[38;2;177;143;78md[38;2;254;227;133mX[38;2;255;229;133mX[38;2;255;227;108mX[38;2;255;226;107mX[38;2;255;226;106mX[38;2;255;226;110mX[38;2;255;227;107mX[38;2;255;227;105mX[38;2;255;227;106mX[38;2;255;233;106mX[38;2;242;214;97mK[38;2;235;195;108m0[38;2;241;206;93mK[38;2;255;241;141mN[38;2;225;212;152mK[38;2;124;158;215md[38;2;107;172;255mx[38;2;104;222;255mO[38;2;139;255;255mX[38;2;187;255;255mN[38;2;0;208;255md[38;2;0;65;244m'[38;2;0;18;135m [38;2;1;3;34m [38;2;139;174;210mx[38;2;16;49;57m.[38;2;12;46;63m.[38;2;3;15;15m [38;2;7;33;49m [38;2;38;80;95m'[38;2;17;54;79m.[38;2;29;68;94m.[38;2;6;25;29m [38;2;90;94;93m;[38;2;45;65;63m.[38;2;27;68;65m.[0m
[0m[38;2;20;49;53m.[38;2;10;49;56m.[38;2;11;44;54m.[38;2;1;25;33m [38;2;10;47;65m.[38;2;5;29;42m [38;2;86;150;168ml[38;2;5;28;48m [38;2;15;46;58m.[38;2;8;16;59m [38;2;195;219;250mX[38;2;21;34;52m.[38;2;3;37;85m.[38;2;26;67;113m.[38;2;65;130;175mc[38;2;2;31;110m.[38;2;62;128;207mc[38;2;6;27;143m.[38;2;7;73;200m'[38;2;17;75;214m'[38;2;17;80;220m,[38;2;15;91;234m,[38;2;16;93;236m,[38;2;6;96;241m,[38;2;8;109;247m;[38;2;7;111;249m;[38;2;26;141;251mc[38;2;10;114;249m:[38;2;9;134;252m:[38;2;11;140;252mc[38;2;2;137;252m:[38;2;73;187;255mx[38;2;205;249;253mN[38;2;241;229;243mN[38;2;204;200;235mK[38;2;181;171;236mO[38;2;150;141;194md[38;2;126;118;165ml[38;2;143;124;145ml[38;2;145;121;106ml[38;2;122;98;72m:[38;2;114;89;83m;[38;2;97;80;76m,[38;2;86;55;36m.[38;2;255;248;154mW[38;2;255;226;127mX[38;2;255;224;105mX[38;2;255;227;106mX[38;2;255;226;106mX[38;2;255;227;106mX[38;2;255;227;101mX[38;2;255;226;102mX[38;2;255;227;103mX[38;2;255;227;103mX[38;2;255;226;99mX[38;2;255;232;105mX[38;2;244;208;98mK[38;2;228;181;104mO[38;2;237;206;145mK[38;2;255;239;201mW[38;2;234;232;249mN[38;2;152;232;255mK[38;2;183;255;255mN[38;2;204;255;255mW[38;2;0;216;255md[38;2;0;77;252m'[38;2;1;8;119m [38;2;37;51;104m.[38;2;102;134;159ml[38;2;10;48;54m.[38;2;17;49;64m.[38;2;6;15;19m [38;2;9;38;45m.[38;2;25;47;50m.[38;2;19;31;43m [38;2;56;104;108m;[38;2;2;20;23m [38;2;129;140;140mo[38;2;56;94;88m,[38;2;24;67;72m.[0m
[0m[38;2;18;51;52m.[38;2;8;47;53m.[38;2;14;47;50m.[38;2;5;16;26m [38;2;9;50;64m.[38;2;3;28;46m [38;2;77;134;153mc[38;2;6;28;36m [38;2;11;50;69m.[38;2;2;16;34m [38;2;106;136;201mo[38;2;116;132;143ml[38;2;6;31;57m [38;2;5;38;70m.[38;2;38;89;127m,[38;2;49;95;142m,[38;2;55;121;168m:[38;2;3;12;68m [38;2;13;58;126m.[38;2;6;60;129m.[38;2;11;59;149m.[38;2;18;59;154m.[38;2;14;62;166m.[38;2;18;60;167m.[38;2;8;70;179m'[38;2;6;73;195m'[38;2;19;74;194m'[38;2;12;47;175m.[38;2;4;70;214m'[38;2;15;59;201m.[38;2;95;105;195mc[38;2;243;242;229mW[38;2;186;153;163mx[38;2;119;102;160mc[38;2;142;135;176mo[38;2;172;144;152md[38;2;152;126;110ml[38;2;153;126;113ml[38;2;123;110;118mc[38;2;110;110;121mc[38;2;0;2;44m [38;2;15;24;60m [38;2;170;140;101mo[38;2;61;40;26m.[38;2;214;199;138m0[38;2;255;235;115mN[38;2;255;228;105mX[38;2;255;224;105mX[38;2;255;224;105mX[38;2;255;224;102mX[38;2;255;224;98mX[38;2;255;224;98mX[38;2;255;225;97mX[38;2;255;225;97mX[38;2;255;226;96mX[38;2;255;225;95mX[38;2;255;225;106mX[38;2;255;236;110mN[38;2;220;187;99mO[38;2;220;180;122mO[38;2;244;219;196mX[38;2;255;233;220mW[38;2;237;244;245mW[38;2;223;251;251mW[38;2;15;100;226m;[38;2;0;21;182m.[38;2;3;8;65m [38;2;127;150;191md[38;2;7;23;32m [38;2;14;58;78m.[38;2;15;48;64m.[38;2;9;18;23m [38;2;7;30;33m [38;2;64;81;68m'[38;2;66;78;72m'[38;2;27;30;19m [38;2;0;3;2m [38;2;135;143;137mo[38;2;34;58;51m.[38;2;24;56;59m.[0m
[0m[38;2;20;45;46m.[38;2;7;40;50m.[38;2;11;42;46m.[38;2;1;14;15m [38;2;7;46;58m.[38;2;53;98;115m,[38;2;49;98;102m,[38;2;1;13;13m [38;2;7;35;45m [38;2;5;22;29m [38;2;29;42;94m.[38;2;147;197;231mO[38;2;24;37;45m.[38;2;1;27;46m [38;2;4;20;43m [38;2;50;86;105m,[38;2;44;86;106m'[38;2;0;4;23m [38;2;8;39;70m.[38;2;9;34;75m.[38;2;9;36;82m.[38;2;8;36;74m.[38;2;12;32;92m.[38;2;19;34;92m.[38;2;10;35;100m.[38;2;7;37;103m.[38;2;13;36;107m.[38;2;3;16;79m [38;2;19;45;118m.[38;2;167;161;170mx[38;2;195;160;126mx[38;2;158;125;85ml[38;2;118;106;124mc[38;2;61;73;107m'[38;2;95;106;160m:[38;2;58;66;88m'[38;2;53;78;109m'[38;2;71;89;148m;[38;2;89;117;215mc[38;2;88;123;177mc[38;2;90;122;173mc[38;2;89;124;164mc[38;2;125;155;178md[38;2;67;73;113m,[38;2;33;15;29m [38;2;255;252;156mW[38;2;255;228;107mX[38;2;255;225;102mX[38;2;255;227;106mX[38;2;255;227;101mX[38;2;255;224;102mX[38;2;255;224;93mX[38;2;255;225;93mX[38;2;255;225;100mX[38;2;255;225;100mX[38;2;255;225;95mX[38;2;255;226;100mX[38;2;255;225;91mX[38;2;255;229;100mX[38;2;254;226;110mX[38;2;227;184;85mO[38;2;253;218;131mX[38;2;255;223;139mX[38;2;255;236;145mN[38;2;197;186;119mO[38;2;77;61;53m'[38;2;66;83;115m,[38;2;42;55;62m.[38;2;8;14;22m [38;2;17;44;59m.[38;2;13;35;56m.[38;2;5;14;18m [38;2;7;27;34m [38;2;34;36;36m.[38;2;24;38;42m.[38;2;13;26;30m [38;2;4;18;18m [38;2;84;93;101m;[38;2;25;50;48m.[38;2;28;54;63m.[0m
[0m[38;2;17;45;51m.[38;2;8;44;63m.[38;2;7;28;25m [38;2;5;18;16m [38;2;7;36;47m [38;2;59;109;116m;[38;2;53;101;112m;[38;2;1;9;16m [38;2;1;6;3m [38;2;7;17;19m [38;2;3;15;20m [38;2;56;92;155m;[38;2;125;153;183md[38;2;19;28;26m [38;2;0;1;3m [38;2;0;5;8m [38;2;1;4;9m [38;2;13;22;37m [38;2;7;25;45m [38;2;2;8;23m [38;2;5;12;28m [38;2;12;18;35m [38;2;39;45;68m.[38;2;98;101;110m:[38;2;102;102;117m:[38;2;102;120;139mc[38;2;133;145;153mo[38;2;78;94;132m;[38;2;184;208;230mK[38;2;115;151;172mo[38;2;33;74;123m'[38;2;29;65;126m.[38;2;57;91;131m,[38;2;62;73;113m'[38;2;55;65;114m'[38;2;17;33;61m.[38;2;33;56;92m.[38;2;62;87;152m,[38;2;129;162;203mx[38;2;56;72;97m'[38;2;91;123;141mc[38;2;98;127;136mc[38;2;114;144;173mo[38;2;74;103;171m:[38;2;130;106;141mc[38;2;255;239;117mN[38;2;255;225;102mX[38;2;255;224;99mX[38;2;255;226;90mX[38;2;255;224;99mX[38;2;255;223;97mX[38;2;255;221;91mX[38;2;255;226;97mX[38;2;255;222;95mX[38;2;255;223;98mX[38;2;255;222;92mX[38;2;255;224;93mX[38;2;255;225;91mX[38;2;255;225;88mX[38;2;255;225;88mX[38;2;255;227;92mX[38;2;255;228;95mX[38;2;255;226;84mX[38;2;250;221;87mK[38;2;200;177;90mk[38;2;164;166;121mx[38;2;87;110;114m:[38;2;103;145;153ml[38;2;101;135;138ml[38;2;80;95;97m;[38;2;94;102;104m:[38;2;136;144;144mo[38;2;151;160;160mx[38;2;145;156;154md[38;2;146;155;158md[38;2;137;155;161md[38;2;103;114;117mc[38;2;136;152;161md[38;2;90;110;114m:[38;2;64;75;78m'[0m
[0m[38;2;21;47;48m.[38;2;8;45;59m.[38;2;7;35;31m [38;2;4;17;19m [38;2;10;33;58m.[38;2;60;117;124m:[38;2;48;101;111m,[38;2;1;13;16m [38;2;1;6;6m [38;2;18;44;55m.[38;2;6;27;34m [38;2;9;25;35m [38;2;50;85;151m,[38;2;133;167;206mx[38;2;59;69;71m'[38;2;0;2;2m [38;2;0;3;3m [38;2;11;54;86m.[38;2;9;54;88m.[38;2;3;12;17m [38;2;85;106;117m:[38;2;53;75;84m'[38;2;87;107;118m:[38;2;95;114;124m:[38;2;72;89;100m,[38;2;46;75;92m'[38;2;38;63;99m.[38;2;20;45;99m.[38;2;35;71;131m'[38;2;35;52;119m.[38;2;54;78;128m,[38;2;151;133;126mo[38;2;216;184;129mO[38;2;207;180;132mO[38;2;207;187;114mO[38;2;176;164;112mx[38;2;84;83;76m,[38;2;113;129;170ml[38;2;62;67;79m'[38;2;98;117;141mc[38;2;131;154;156md[38;2;155;162;159mx[38;2;164;181;170mk[38;2;150;140;94mo[38;2;255;234;135mN[38;2;255;227;98mX[38;2;255;226;100mX[38;2;255;226;99mX[38;2;255;227;93mX[38;2;255;227;93mX[38;2;255;227;97mX[38;2;255;224;95mX[38;2;255;224;93mX[38;2;255;223;90mX[38;2;255;223;89mX[38;2;255;225;89mX[38;2;255;225;88mX[38;2;255;225;90mX[38;2;255;224;86mX[38;2;255;223;83mX[38;2;255;227;88mX[38;2;255;242;93mN[38;2;199;170;63mx[38;2;139;116;107ml[38;2;99;142;165ml[38;2;103;149;165mo[38;2;114;153;160mo[38;2;91;131;141mc[38;2;140;162;167md[38;2;213;227;227mX[38;2;230;248;249mW[38;2;224;244;248mW[38;2;222;244;245mN[38;2;222;244;246mN[38;2;223;243;246mN[38;2;224;244;247mW[38;2;225;246;248mW[38;2;225;245;248mW[38;2;231;247;249mW[38;2;233;248;250mW[0m
[0m[38;2;24;46;47m.[38;2;8;45;56m.[38;2;3;31;27m [38;2;8;22;24m [38;2;5;32;40m [38;2;65;126;127m:[38;2;40;84;85m'[38;2;5;16;21m [38;2;3;12;13m [38;2;7;23;25m [38;2;15;40;56m.[38;2;4;26;36m [38;2;5;5;8m [38;2;29;56;107m.[38;2;130;169;216mx[38;2;119;134;140ml[38;2;31;35;35m.[38;2;5;37;51m [38;2;6;48;72m.[38;2;7;31;43m [38;2;4;22;31m [38;2;14;42;68m.[38;2;0;12;32m [38;2;0;8;31m [38;2;0;6;53m [38;2;0;9;70m [38;2;0;24;123m [38;2;11;60;181m.[38;2;10;70;194m'[38;2;13;52;184m.[38;2;35;63;184m'[38;2;112;117;180ml[38;2;104;86;143m;[38;2;208;198;181m0[38;2;222;203;144m0[38;2;244;226;144mX[38;2;255;241;142mN[38;2;228;197;113m0[38;2;207;189;122mO[38;2;208;195;103mO[38;2;229;202;108m0[38;2;250;220;117mX[38;2;254;231;108mX[38;2;255;232;106mX[38;2;255;224;107mX[38;2;255;224;105mX[38;2;255;226;107mX[38;2;255;225;98mX[38;2;255;226;97mX[38;2;255;224;94mX[38;2;255;225;88mX[38;2;255;225;97mX[38;2;255;225;93mX[38;2;255;224;91mX[38;2;255;225;84mX[38;2;255;223;85mX[38;2;255;224;85mX[38;2;255;224;84mX[38;2;255;225;85mX[38;2;255;226;82mX[38;2;255;240;89mN[38;2;197;153;52md[38;2;97;116;129mc[38;2;104;144;162mo[38;2;111;151;156mo[38;2;107;153;158mo[38;2;93;118;115mc[38;2;209;220;222mX[38;2;226;247;248mW[38;2;227;242;246mW[38;2;220;241;243mN[38;2;219;241;244mN[38;2;220;241;244mN[38;2;219;240;242mN[38;2;220;241;243mN[38;2;224;240;244mN[38;2;219;240;243mN[38;2;223;240;243mN[38;2;219;241;243mN[38;2;219;241;243mN[0m
[0m[38;2;25;47;55m.[38;2;9;46;56m.[38;2;8;38;40m.[38;2;6;17;22m [38;2;1;31;47m [38;2;74;139;147mc[38;2;36;82;78m'[38;2;4;10;19m [38;2;11;44;54m.[38;2;6;42;47m.[38;2;7;44;57m.[38;2;5;25;33m [38;2;6;10;11m [38;2;1;8;9m [38;2;8;26;40m [38;2;60;94;136m;[38;2;134;164;201mx[38;2;112;140;157mo[38;2;78;90;102m;[38;2;14;43;60m.[38;2;6;35;60m.[38;2;14;54;85m.[38;2;12;34;60m.[38;2;17;37;76m.[38;2;18;41;97m.[38;2;17;45;159m.[38;2;3;83;232m,[38;2;55;172;253md[38;2;54;187;255md[38;2;61;185;255md[38;2;72;176;255md[38;2;55;159;254mo[38;2;12;98;237m;[38;2;85;124;225ml[38;2;90;96;178m:[38;2;177;161;185mk[38;2;234;216;163mX[38;2;245;222;147mX[38;2;253;229;131mX[38;2;255;231;120mX[38;2;255;243;119mN[38;2;226;186;86mO[38;2;247;216;111mK[38;2;255;230;106mX[38;2;255;229;107mX[38;2;255;225;94mX[38;2;255;226;101mX[38;2;255;225;99mX[38;2;255;223;92mX[38;2;255;224;100mX[38;2;255;224;94mX[38;2;255;225;86mX[38;2;255;226;84mX[38;2;255;227;85mX[38;2;255;230;89mX[38;2;255;232;92mX[38;2;250;219;84mK[38;2;248;218;85mK[38;2;255;230;93mX[38;2;255;239;89mN[38;2;255;231;90mX[38;2;110;106;69m:[38;2;101;148;160mo[38;2;111;148;141mo[38;2;108;147;143mo[38;2;75;108;115m:[38;2;194;204;207m0[38;2;226;248;249mW[38;2;217;241;242mN[38;2;219;241;243mN[38;2;217;241;243mN[38;2;219;241;243mN[38;2;220;241;243mN[38;2;221;241;243mN[38;2;217;241;243mN[38;2;218;241;243mN[38;2;217;241;244mN[38;2;219;240;243mN[38;2;219;241;243mN[38;2;217;241;242mN[0m
[0m[38;2;21;41;50m.[38;2;29;78;95m'[38;2;47;93;83m,[38;2;4;18;19m [38;2;2;30;45m [38;2;71;142;147mc[38;2;37;81;81m'[38;2;14;23;24m [38;2;42;83;93m'[38;2;39;80;84m'[38;2;45;87;89m'[38;2;47;100;100m,[38;2;38;71;79m.[38;2;23;54;60m.[38;2;25;60;62m.[38;2;18;46;48m.[38;2;6;19;31m [38;2;31;68;97m.[38;2;81;104;144m:[38;2;95;123;165mc[38;2;82;118;159mc[38;2;67;101;142m;[38;2;97;124;154mc[38;2;98;134;179ml[38;2;109;141;208mo[38;2;111;155;240md[38;2;84;181;255mx[38;2;189;251;255mN[38;2;134;250;255mX[38;2;106;249;255mK[38;2;94;251;255mK[38;2;97;242;255m0[38;2;74;225;255mO[38;2;132;221;255m0[38;2;14;204;255md[38;2;111;152;242md[38;2;34;61;184m'[38;2;60;74;134m,[38;2;86;87;98m;[38;2;103;96;85m;[38;2;117;113;86mc[38;2;138;131;104ml[38;2;168;140;71mo[38;2;200;165;68mx[38;2;204;166;72mx[38;2;209;167;71mk[38;2;215;177;72mk[38;2;215;183;86mO[38;2;224;184;70mO[38;2;222;185;76mO[38;2;222;183;72mO[38;2;216;176;67mk[38;2;216;176;71mk[38;2;208;166;58mx[38;2;203;152;57md[38;2;195;139;43mo[38;2;168;113;30mc[38;2;180;128;41mo[38;2;192;132;40mo[38;2;203;147;50md[38;2;190;123;30ml[38;2;92;136;120mc[38;2;100;143;151ml[38;2;106;136;147ml[38;2;106;136;156ml[38;2;52;95;91m,[38;2;245;255;253mM[38;2;214;241;242mN[38;2;215;241;242mN[38;2;216;241;242mN[38;2;215;240;243mN[38;2;215;241;242mN[38;2;221;240;242mN[38;2;219;241;241mN[38;2;216;241;242mN[38;2;216;241;243mN[38;2;219;241;244mN[38;2;219;241;244mN[38;2;218;241;244mN[38;2;217;240;244mN[0m
[0m[38;2;44;68;83m.[38;2;79;160;178mo[38;2;16;40;33m.[38;2;4;19;23m [38;2;6;32;51m [38;2;77;144;150ml[38;2;34;79;81m'[38;2;32;49;55m.[38;2;79;168;171mo[38;2;58;141;141mc[38;2;61;137;135mc[38;2;58;140;144mc[38;2;71;144;142ml[38;2;13;48;55m.[38;2;6;43;53m.[38;2;4;42;51m.[38;2;0;25;29m [38;2;6;47;64m.[38;2;11;42;59m.[38;2;5;35;58m [38;2;25;50;91m.[38;2;18;55;115m.[38;2;46;110;160m;[38;2;35;90;189m,[38;2;43;87;220m;[38;2;41;119;252mc[38;2;25;204;255mx[38;2;120;235;255mK[38;2;118;248;255mK[38;2;116;250;255mK[38;2;152;254;255mX[38;2;197;255;255mW[38;2;188;255;255mN[38;2;236;255;255mW[38;2;41;255;255mO[38;2;109;159;254md[38;2;7;71;233m'[38;2;6;68;167m.[38;2;11;57;115m.[38;2;15;48;104m.[38;2;3;41;68m.[38;2;33;89;116m,[38;2;41;85;111m'[38;2;45;74;81m'[38;2;68;67;37m'[38;2;123;130;125ml[38;2;122;113;90mc[38;2;83;60;30m'[38;2;101;88;47m,[38;2;98;73;35m,[38;2;110;78;26m,[38;2;117;83;30m;[38;2;159;128;73ml[38;2;119;91;28m;[38;2;137;100;40m:[38;2;153;109;38mc[38;2;100;74;28m,[38;2;88;82;69m,[38;2;112;109;76m:[38;2;105;78;43m,[38;2;103;73;29m,[38;2;51;67;62m.[38;2;84;125;126mc[38;2;115;140;149ml[38;2;105;135;139ml[38;2;53;84;75m'[38;2;241;254;254mM[38;2;214;239;241mN[38;2;215;241;242mN[38;2;216;240;243mN[38;2;217;240;243mN[38;2;219;241;244mN[38;2;219;240;242mN[38;2;215;240;242mN[38;2;213;240;240mN[38;2;216;241;242mN[38;2;216;240;244mN[38;2;216;241;242mN[38;2;217;241;243mN[38;2;215;241;243mN[0m
[0m[38;2;80;141;132mc[38;2;20;70;74m.[38;2;4;15;16m [38;2;5;19;25m [38;2;2;39;50m.[38;2;75;143;153ml[38;2;39;82;83m'[38;2;29;44;49m.[38;2;71;155;164ml[38;2;59;131;134m:[38;2;56;134;140mc[38;2;57;134;138mc[38;2;61;141;146mc[38;2;64;125;124m:[38;2;12;43;55m.[38;2;5;43;52m.[38;2;0;22;28m [38;2;6;46;66m.[38;2;7;44;64m.[38;2;6;47;68m.[38;2;8;45;79m.[38;2;3;30;74m [38;2;52;114;156m:[38;2;66;161;195mo[38;2;34;86;206m,[38;2;10;99;254m;[38;2;0;235;255mx[38;2;212;255;255mW[38;2;150;255;255mX[38;2;160;255;255mN[38;2;170;255;255mN[38;2;182;255;255mN[38;2;191;255;255mN[38;2;221;255;255mW[38;2;61;243;255mO[38;2;121;153;250md[38;2;3;46;209m.[38;2;8;47;144m.[38;2;17;47;89m.[38;2;24;52;90m.[38;2;29;52;97m.[38;2;24;60;73m.[38;2;41;81;102m'[38;2;20;54;66m.[38;2;7;17;19m [38;2;119;175;232mx[38;2;66;103;138m;[38;2;22;41;50m.[38;2;26;53;58m.[38;2;28;57;68m.[38;2;52;93;99m,[38;2;0;1;2m [38;2;157;180;206mk[38;2;17;37;49m.[38;2;5;34;52m [38;2;3;35;49m [38;2;14;27;39m [38;2;74;109;131m:[38;2;104;141;172ml[38;2;0;15;19m [38;2;7;20;20m [38;2;0;5;2m [38;2;3;9;7m [38;2;41;50;46m.[38;2;65;82;75m,[38;2;39;63;61m.[38;2;251;255;254mM[38;2;218;243;245mN[38;2;214;240;241mN[38;2;216;240;243mN[38;2;215;240;242mN[38;2;217;240;242mN[38;2;215;240;241mN[38;2;214;240;241mN[38;2;214;239;240mN[38;2;217;239;242mN[38;2;214;239;241mN[38;2;215;241;242mN[38;2;215;240;243mN[38;2;215;240;243mN[0m
[0m[38;2;32;66;59m.[38;2;6;41;57m.[38;2;4;22;22m [38;2;4;15;21m [38;2;3;36;48m [38;2;79;147;168ml[38;2;30;78;62m.[38;2;29;42;55m.[38;2;71;152;164ml[38;2;56;135;139mc[38;2;57;136;145mc[38;2;57;130;131m:[38;2;59;142;138mc[38;2;58;120;123m:[38;2;58;110;114m;[38;2;7;43;43m.[38;2;1;17;22m [38;2;5;48;58m.[38;2;7;43;61m.[38;2;6;42;56m.[38;2;9;38;70m.[38;2;6;38;73m.[38;2;8;24;74m [38;2;42;92;138m,[38;2;60;113;195m:[38;2;22;85;241m,[38;2;19;180;255mo[38;2;99;212;255mO[38;2;84;232;255mO[38;2;82;235;255mO[38;2;70;230;255mO[38;2;71;221;255mO[38;2;50;205;255mx[38;2;38;173;255mo[38;2;87;199;255mk[38;2;104;150;221mo[38;2;7;16;124m [38;2;73;126;193mc[38;2;17;51;101m.[38;2;24;65;98m.[38;2;21;56;105m.[38;2;18;62;83m.[38;2;11;52;77m.[38;2;6;52;69m.[38;2;0;12;18m [38;2;139;198;252mO[38;2;41;70;110m'[38;2;4;37;46m [38;2;11;48;61m.[38;2;8;50;58m.[38;2;17;59;69m.[38;2;1;1;2m [38;2;132;167;181mx[38;2;49;76;93m'[38;2;8;22;29m [38;2;7;26;28m [38;2;1;7;10m [38;2;87;132;156mc[38;2;100;128;171ml[38;2;11;16;16m [38;2;15;17;16m [38;2;0;6;3m [38;2;0;6;1m [38;2;2;6;0m [38;2;0;3;1m [38;2;0;0;1m [38;2;136;155;145md[38;2;157;188;183mk[38;2;190;215;215mK[38;2;221;245;246mW[38;2;221;244;245mN[38;2;215;240;240mN[38;2;214;240;241mN[38;2;214;240;241mN[38;2;214;239;241mN[38;2;215;240;242mN[38;2;214;239;240mN[38;2;214;240;240mN[38;2;214;240;242mN[38;2;215;240;242mN[0m
[0m[38;2;19;44;45m.[38;2;9;47;62m.[38;2;5;25;25m [38;2;7;14;20m [38;2;6;34;47m [38;2;74;142;160ml[38;2;25;63;66m.[38;2;22;28;44m [38;2;59;111;127m;[38;2;45;91;98m,[38;2;40;91;92m,[38;2;41;90;93m,[38;2;45;96;95m,[38;2;58;106;108m;[38;2;42;78;80m'[38;2;39;75;79m'[38;2;37;71;68m.[38;2;1;14;17m [38;2;5;42;51m.[38;2;4;34;46m [38;2;6;40;54m.[38;2;13;40;62m.[38;2;23;53;85m.[38;2;19;56;94m.[38;2;26;67;127m.[38;2;18;65;159m.[38;2;39;110;205m:[38;2;7;50;188m.[38;2;13;95;231m,[38;2;8;97;228m,[38;2;13;92;233m,[38;2;8;86;222m,[38;2;6;76;215m'[38;2;4;39;188m.[38;2;116;166;238mx[38;2;113;129;155ml[38;2;0;0;46m [38;2;88;175;207md[38;2;26;73;105m.[38;2;6;43;88m.[38;2;7;52;83m.[38;2;13;51;81m.[38;2;9;49;73m.[38;2;5;43;58m.[38;2;3;14;21m [38;2;155;201;255m0[38;2;14;27;56m [38;2;6;18;23m [38;2;6;21;17m [38;2;4;13;16m [38;2;1;13;10m [38;2;1;0;0m [38;2;104;151;180mo[38;2;68;98;119m;[38;2;2;22;17m [38;2;15;45;53m.[38;2;3;19;33m [38;2;87;122;138mc[38;2;90;121;134mc[38;2;71;88;84m,[38;2;57;65;67m.[38;2;67;93;108m;[38;2;0;1;2m [38;2;0;5;2m [38;2;0;6;3m [38;2;0;1;4m [38;2;66;88;81m,[38;2;105;137;133ml[38;2;79;115;131m:[38;2;102;136;145ml[38;2;138;169;172mx[38;2;172;199;201mO[38;2;220;238;238mN[38;2;224;245;245mW[38;2;216;240;241mN[38;2;215;240;240mN[38;2;215;240;241mN[38;2;216;241;242mN[38;2;215;240;243mN[38;2;216;240;244mN[0m
[0m[38;2;17;37;41m.[38;2;10;37;54m.[38;2;4;32;28m [38;2;7;32;46m [38;2;4;28;38m [38;2;67;133;146mc[38;2;38;84;76m'[38;2;1;5;13m [38;2;7;31;40m [38;2;7;33;46m [38;2;11;45;52m.[38;2;17;54;64m.[38;2;23;62;77m.[38;2;29;66;79m.[38;2;24;61;62m.[38;2;41;82;95m'[38;2;91;164;165mo[38;2;0;5;12m [38;2;6;46;58m.[38;2;6;45;56m.[38;2;7;44;60m.[38;2;6;44;66m.[38;2;5;44;73m.[38;2;5;45;78m.[38;2;10;45;87m.[38;2;9;46;96m.[38;2;5;54;122m.[38;2;27;42;108m.[38;2;11;51;128m.[38;2;9;55;125m.[38;2;13;54;142m.[38;2;8;55;128m.[38;2;9;51;135m.[38;2;5;25;109m [38;2;122;159;209md[38;2;113;128;136ml[38;2;1;3;19m [38;2;61;118;136m:[38;2;38;81;98m'[38;2;8;22;45m [38;2;3;30;34m [38;2;7;21;39m [38;2;1;9;23m [38;2;0;5;3m [38;2;21;34;80m.[38;2;204;234;255mN[38;2;6;16;38m [38;2;15;26;31m [38;2;0;12;13m [38;2;0;5;1m [38;2;0;6;4m [38;2;0;0;0m [38;2;90;131;166ml[38;2;93;117;128mc[38;2;1;22;24m [38;2;10;49;51m.[38;2;2;32;47m [38;2;15;29;43m [38;2;144;167;187mx[38;2;70;75;77m'[38;2;24;32;37m.[38;2;131;160;173md[38;2;93;98;103m;[38;2;56;76;86m'[38;2;1;2;4m [38;2;1;4;0m [38;2;23;27;23m [38;2;123;161;146md[38;2;90;130;142mc[38;2;91;128;151mc[38;2;92;128;138mc[38;2;78;110;116m:[38;2;92;125;140mc[38;2;141;165;174mx[38;2;167;195;200mO[38;2;209;235;239mN[38;2;224;243;245mN[38;2;218;242;242mN[38;2;213;239;242mN[38;2;214;239;242mN[0m
[0m[38;2;20;45;49m.[38;2;9;45;60m.[38;2;7;46;56m.[38;2;6;42;55m.[38;2;3;27;33m [38;2;61;122;146m:[38;2;43;91;86m,[38;2;2;9;18m [38;2;3;43;49m.[38;2;2;42;52m.[38;2;3;41;50m.[38;2;4;42;51m.[38;2;4;42;53m.[38;2;6;42;54m.[38;2;6;42;47m.[38;2;2;34;41m [38;2;54;98;115m;[38;2;1;13;17m [38;2;5;45;60m.[38;2;6;42;52m.[38;2;7;43;57m.[38;2;7;44;59m.[38;2;6;46;60m.[38;2;5;44;66m.[38;2;5;45;68m.[38;2;5;47;75m.[38;2;11;46;73m.[38;2;49;63;82m.[38;2;13;42;85m.[38;2;7;34;66m.[38;2;4;31;64m [38;2;4;26;52m [38;2;6;20;46m [38;2;1;6;21m [38;2;113;151;209md[38;2;126;135;133ml[38;2;2;18;38m [38;2;6;23;57m [38;2;6;15;41m [38;2;3;21;55m [38;2;19;65;117m.[38;2;1;23;47m [38;2;0;5;31m [38;2;0;1;11m [38;2;44;67;123m'[38;2;232;255;255mW[38;2;0;1;10m [38;2;16;38;53m.[38;2;0;12;17m [38;2;0;6;1m [38;2;0;5;3m [38;2;0;0;0m [38;2;82;119;162mc[38;2;88;120;129mc[38;2;24;47;48m.[38;2;29;60;62m.[38;2;3;24;35m [38;2;26;48;56m.[38;2;51;90;139m,[38;2;88;98;114m;[38;2;88;110;127m:[38;2;101;119;142mc[38;2;44;72;78m'[38;2;57;92;126m,[38;2;0;1;0m [38;2;1;4;0m [38;2;0;1;0m [38;2;87;112;98m:[38;2;90;143;153ml[38;2;89;131;146mc[38;2;92;134;146ml[38;2;96;129;142mc[38;2;93;127;139mc[38;2;95;128;146mc[38;2;81;120;122m:[38;2;85;135;140mc[38;2;124;155;164md[38;2;147;180;186mk[38;2;181;211;219mK[38;2;218;240;245mN[0m
[0m[38;2;20;45;56m.[38;2;7;45;56m.[38;2;4;41;54m.[38;2;4;42;53m.[38;2;4;25;40m [38;2;54;102;145m;[38;2;56;110;97m;[38;2;0;9;12m [38;2;4;41;55m.[38;2;4;40;54m.[38;2;3;41;52m.[38;2;2;41;51m.[38;2;2;42;48m.[38;2;4;42;48m.[38;2;4;42;45m.[38;2;2;42;47m.[38;2;4;45;51m.[38;2;3;22;25m [38;2;4;50;63m.[38;2;6;46;51m.[38;2;7;41;51m.[38;2;4;35;48m [38;2;6;32;40m [38;2;5;30;35m [38;2;5;24;30m [38;2;1;18;22m [38;2;10;15;21m [38;2;8;20;29m [38;2;2;21;32m [38;2;0;8;12m [38;2;12;25;35m [38;2;11;29;49m [38;2;1;14;28m [38;2;0;0;0m [38;2;92;143;194mo[38;2;128;139;149mo[38;2;8;25;93m [38;2;5;30;101m.[38;2;4;13;94m [38;2;9;36;125m.[38;2;17;82;179m'[38;2;1;31;138m.[38;2;0;18;141m [38;2;0;12;110m [38;2;39;90;208m;[38;2;235;255;255mW[38;2;0;2;15m [38;2;13;41;69m.[38;2;20;41;57m.[38;2;34;65;73m.[38;2;41;65;73m.[38;2;0;6;10m [38;2;78;124;161mc[38;2;67;96;119m;[38;2;31;62;70m.[38;2;59;99;105m;[38;2;4;34;37m [38;2;6;30;36m [38;2;95;137;170ml[38;2;3;6;14m [38;2;22;43;55m.[38;2;79;103;135m:[38;2;7;22;29m [38;2;49;88;134m,[38;2;0;3;0m [38;2;0;3;1m [38;2;0;4;0m [38;2;8;11;9m [38;2;49;81;88m'[38;2;68;101;107m;[38;2;95;132;133mc[38;2;99;138;149ml[38;2;94;128;140mc[38;2;90;127;138mc[38;2;100;128;146mc[38;2;91;130;145mc[38;2;85;130;143mc[38;2;84;124;134mc[38;2;71;113;133m:[38;2;94;131;147ml[0m
[0m[38;2;19;45;53m.[38;2;4;43;56m.[38;2;1;39;51m [38;2;4;42;50m.[38;2;2;26;40m [38;2;58;110;159m:[38;2;51;117;107m;[38;2;0;11;21m [38;2;4;42;62m.[38;2;5;42;55m.[38;2;5;47;50m.[38;2;4;44;53m.[38;2;3;40;46m.[38;2;2;36;44m [38;2;3;31;36m [38;2;2;29;30m [38;2;3;27;35m [38;2;1;11;10m [38;2;1;16;16m [38;2;2;11;12m [38;2;26;30;33m.[38;2;50;51;51m.[38;2;51;51;51m.[38;2;50;52;51m.[38;2;52;52;51m.[38;2;51;51;51m.[38;2;47;41;48m.[38;2;46;65;83m.[38;2;33;60;71m.[38;2;27;29;39m.[38;2;14;25;39m [38;2;11;29;51m [38;2;1;14;28m [38;2;1;0;0m [38;2;65;102;177m:[38;2;171;189;211mO[38;2;7;26;135m.[38;2;12;76;213m'[38;2;11;95;228m,[38;2;14;128;246m:[38;2;31;147;253ml[38;2;36;165;253mo[38;2;68;181;255md[38;2;103;180;251mx[38;2;7;179;255mo[38;2;208;247;255mN[38;2;4;6;73m [38;2;32;77;132m'[38;2;56;110;127m;[38;2;76;154;166ml[38;2;55;112;122m;[38;2;0;6;14m [38;2;93;137;175ml[38;2;31;48;62m.[38;2;12;43;51m.[38;2;13;32;42m [38;2;12;35;40m [38;2;6;30;28m [38;2;79;105;146m:[38;2;8;18;22m [38;2;5;14;22m [38;2;126;164;180md[38;2;6;22;28m [38;2;53;78;127m,[38;2;0;3;0m [38;2;0;4;1m [38;2;0;3;0m [38;2;1;3;0m [38;2;9;35;35m [38;2;3;39;41m [38;2;12;27;29m [38;2;40;72;63m.[38;2;63;88;88m,[38;2;90;118;128mc[38;2;111;138;143ml[38;2;92;127;142mc[38;2;90;129;143mc[38;2;93;129;147mc[38;2;91;129;140mc[38;2;92;125;137mc[0m
[0m[38;2;20;51;62m.[38;2;6;45;57m.[38;2;4;37;51m [38;2;3;41;54m.[38;2;1;32;43m [38;2;54;97;141m;[38;2;51;118;112m;[38;2;0;10;12m [38;2;4;24;31m [38;2;2;21;21m [38;2;1;17;17m [38;2;0;14;10m [38;2;0;5;5m [38;2;0;1;1m [38;2;0;3;0m [38;2;0;4;1m [38;2;3;25;33m [38;2;7;32;42m [38;2;6;30;43m [38;2;0;3;4m [38;2;144;164;183mx[38;2;179;219;226mK[38;2;181;220;225mK[38;2;182;220;226mK[38;2;172;222;224mK[38;2;193;222;226mK[38;2;164;185;197mO[38;2;127;136;149mo[38;2;141;181;182mk[38;2;127;149;160mo[38;2;93;110;133m:[38;2;123;150;160mo[38;2;95;104;111m:[38;2;15;17;28m [38;2;25;47;155m.[38;2;209;244;254mN[38;2;48;143;242ml[38;2;67;221;255mk[38;2;82;240;255m0[38;2;96;255;255mK[38;2;114;255;255mK[38;2;119;255;255mX[38;2;118;255;255mK[38;2;144;255;255mX[38;2;15;209;255md[38;2;182;233;255mX[38;2;3;11;141m [38;2;3;38;111m.[38;2;43;89;129m,[38;2;48;101;115m,[38;2;57;101;112m;[38;2;2;10;19m [38;2;105;156;208md[38;2;19;34;33m.[38;2;29;57;65m.[38;2;26;52;62m.[38;2;5;19;29m [38;2;6;41;39m.[38;2;44;64;84m.[38;2;33;55;65m.[38;2;2;10;13m [38;2;127;167;203mx[38;2;18;33;47m.[38;2;68;94;130m;[38;2;0;3;0m [38;2;0;3;4m [38;2;0;5;1m [38;2;1;4;0m [38;2;12;38;38m.[38;2;6;51;62m.[38;2;0;4;5m [38;2;5;40;43m.[38;2;6;38;45m.[38;2;9;35;39m [38;2;37;55;63m.[38;2;56;78;81m'[38;2;80;104;113m;[38;2;99;136;145ml[38;2;96;128;142mc[38;2;90;123;148mc[0m
[0m[38;2;14;30;33m [38;2;5;25;24m [38;2;12;22;20m [38;2;0;12;25m [38;2;8;39;49m.[38;2;55;84;129m,[38;2;63;133;125mc[38;2;1;8;4m [38;2;0;7;5m [38;2;11;20;20m [38;2;6;16;24m [38;2;12;26;25m [38;2;0;5;1m [38;2;0;9;0m [38;2;0;5;0m [38;2;4;7;0m [38;2;13;30;39m [38;2;9;45;59m.[38;2;10;48;68m.[38;2;6;13;24m [38;2;13;25;43m [38;2;26;50;85m.[38;2;19;45;85m.[38;2;21;49;96m.[38;2;19;52;108m.[38;2;23;64;123m.[38;2;31;47;115m.[38;2;20;40;82m.[38;2;32;57;67m.[38;2;17;40;45m.[38;2;6;18;40m [38;2;37;99;159m;[38;2;122;151;201md[38;2;178;195;210m0[38;2;17;25;124m.[38;2;195;231;255mX[38;2;64;218;255mk[38;2;119;255;255mK[38;2;87;255;255mK[38;2;99;255;255mK[38;2;96;255;255mK[38;2;90;255;255mK[38;2;90;255;255mK[38;2;134;255;255mX[38;2;13;200;255md[38;2;148;222;255mK[38;2;3;34;160m.[38;2;11;50;133m.[38;2;11;49;81m.[38;2;18;56;83m.[38;2;35;63;78m.[38;2;5;15;27m [38;2;122;172;221mx[38;2;22;48;60m.[38;2;17;48;60m.[38;2;8;44;60m.[38;2;7;26;38m [38;2;10;52;49m.[38;2;20;41;57m.[38;2;67;85;110m,[38;2;0;4;6m [38;2;124;167;202mx[38;2;39;61;75m.[38;2;63;91;110m,[38;2;2;6;1m [38;2;0;4;0m [38;2;0;10;9m [38;2;1;2;1m [38;2;17;46;51m.[38;2;5;37;50m [38;2;1;3;3m [38;2;20;39;47m.[38;2;13;28;38m [38;2;10;42;50m.[38;2;11;48;54m.[38;2;14;34;45m.[38;2;1;3;5m [38;2;47;59;56m.[38;2;83;116;113m:[38;2;96;131;136mc[0m
