[0m[38;2;22;55;43m.[38;2;11;51;54m.[38;2;13;46;38m.[38;2;1;16;7m [38;2;9;38;46m.[38;2;0;27;36m [38;2;89;162;160mo[38;2;18;40;37m.[38;2;4;6;0m [38;2;0;14;1m [38;2;6;12;7m [38;2;8;18;15m [38;2;8;23;24m [38;2;3;16;26m [38;2;118;170;199mx[38;2;109;114;125mc[38;2;0;12;15m [38;2;13;51;60m.[38;2;10;54;81m.[38;2;7;51;90m.[38;2;14;49;98m.[38;2;17;56;109m.[38;2;12;52;128m.[38;2;11;61;153m.[38;2;10;70;171m.[38;2;15;71;196m'[38;2;61;184;250md[38;2;16;87;230m,[38;2;37;147;252ml[38;2;71;178;255md[38;2;75;217;255mk[38;2;78;250;255m0[38;2;96;255;255mK[38;2;116;255;255mK[38;2;94;255;255mK[38;2;149;255;255mX[38;2;26;225;255mk[38;2;62;178;255md[38;2;57;126;222mc[38;2;4;55;154m.[38;2;10;45;136m.[38;2;36;70;191m'[38;2;147;160;213mx[38;2;4;50;196m.[38;2;15;142;255mc[38;2;119;255;255mK[38;2;80;223;255mO[38;2;108;254;255mK[38;2;106;255;255mK[38;2;84;226;255mO[38;2;47;183;255md[38;2;13;151;253mc[38;2;5;99;238m,[38;2;4;80;229m'[38;2;7;76;220m'[38;2;8;54;179m.[38;2;26;60;167m.[38;2;4;19;73m [38;2;63;110;189m:[38;2;13;38;78m.[38;2;8;34;67m.[38;2;16;34;52m.[38;2;12;35;54m.[38;2;15;52;68m.[38;2;4;42;52m.[38;2;13;45;61m.[38;2;2;29;48m [38;2;20;46;57m.[38;2;10;48;64m.[38;2;14;57;65m.[38;2;9;33;42m [38;2;18;49;60m.[38;2;16;51;53m.[38;2;1;6;7m [38;2;5;37;35m [38;2;15;42;50m.[38;2;14;42;43m.[38;2;9;39;37m.[38;2;21;50;51m.[38;2;4;51;49m.[0m
[0m[38;2;23;50;55m.[38;2;9;47;49m.[38;2;7;36;28m [38;2;0;14;12m [38;2;7;38;42m.[38;2;0;28;36m [38;2;85;161;163mo[38;2;12;28;25m [38;2;0;6;5m [38;2;0;10;0m [38;2;0;2;1m [38;2;0;4;0m [38;2;0;3;0m [38;2;26;41;61m.[38;2;206;229;247mX[38;2;14;14;14m [38;2;1;13;15m [38;2;3;20;16m [38;2;6;26;25m [38;2;5;28;45m [38;2;7;37;51m.[38;2;8;40;67m.[38;2;12;46;91m.[38;2;9;51;113m.[38;2;9;55;117m.[38;2;14;51;146m.[38;2;37;98;177m;[38;2;20;33;134m.[38;2;11;65;180m.[38;2;8;72;212m'[38;2;13;81;224m,[38;2;5;94;242m,[38;2;18;151;253ml[38;2;41;168;255mo[38;2;55;193;255mx[38;2;101;241;255m0[38;2;29;180;254mo[38;2;68;173;252md[38;2;85;173;241md[38;2;24;47;151m.[38;2;2;28;107m.[38;2;37;88;205m,[38;2;131;149;196md[38;2;7;53;212m.[38;2;8;147;255mc[38;2;126;253;255mX[38;2;127;229;255m0[38;2;65;255;255m0[38;2;129;255;255mX[38;2;121;255;255mX[38;2;127;255;255mX[38;2;87;255;255mK[38;2;74;241;255m0[38;2;79;211;255mk[38;2;47;173;255mo[38;2;9;124;249m:[38;2;10;82;237m,[38;2;0;22;141m [38;2;97;147;223mo[38;2;15;40;97m.[38;2;8;33;72m.[38;2;12;34;69m.[38;2;54;81;95m'[38;2;54;65;72m.[38;2;59;80;87m'[38;2;60;76;83m'[38;2;50;69;72m'[38;2;37;62;71m.[38;2;19;48;63m.[38;2;11;48;54m.[38;2;1;25;30m [38;2;13;43;49m.[38;2;12;34;38m [38;2;0;6;3m [38;2;5;33;33m [38;2;14;36;42m.[38;2;9;36;39m [38;2;11;36;39m [38;2;16;42;49m.[38;2;6;42;48m.[0m
[0m[38;2;27;54;53m.[38;2;8;50;51m.[38;2;11;40;42m.[38;2;4;14;17m [38;2;3;42;48m.[38;2;3;26;40m [38;2;93;156;151mo[38;2;3;15;28m [38;2;4;27;29m [38;2;5;25;27m [38;2;2;23;24m [38;2;10;26;31m [38;2;0;1;7m [38;2;149;179;203mk[38;2;101;110;130m:[38;2;4;28;35m [38;2;4;32;49m [38;2;0;4;0m [38;2;0;6;1m [38;2;1;7;5m [38;2;3;5;8m [38;2;4;3;11m [38;2;5;7;21m [38;2;7;17;33m [38;2;5;24;45m [38;2;11;29;71m [38;2;14;40;95m.[38;2;6;17;61m [38;2;18;61;125m.[38;2;16;61;142m.[38;2;21;64;155m.[38;2;19;57;174m.[38;2;12;68;177m.[38;2;10;61;189m.[38;2;12;55;197m.[38;2;67;137;224ml[38;2;30;62;163m'[38;2;24;69;171m'[38;2;45;104;185m;[38;2;44;85;163m,[38;2;13;36;101m.[38;2;48;96;203m;[38;2;106;129;179ml[38;2;6;48;227m.[38;2;9;155;255ml[38;2;128;255;255mX[38;2;131;242;255mK[38;2;77;255;255m0[38;2;92;255;255mK[38;2;103;255;255mK[38;2;103;255;255mK[38;2;90;255;255mK[38;2;101;255;255mK[38;2;103;255;255mK[38;2;138;255;255mX[38;2;108;255;255mK[38;2;4;154;255mc[38;2;12;68;231m'[38;2;125;180;255mk[38;2;4;33;93m.[38;2;13;30;86m.[38;2;6;27;61m [38;2;67;95;114m;[38;2;69;92;105m;[38;2;73;96;112m;[38;2;70;86;107m,[38;2;74;94;93m;[38;2;50;77;86m'[38;2;85;104;118m:[38;2;62;81;99m,[38;2;1;28;30m [38;2;9;21;26m [38;2;5;15;15m [38;2;4;42;43m.[38;2;14;51;62m.[38;2;13;30;34m [38;2;23;47;51m.[38;2;10;31;30m [38;2;15;46;55m.[38;2;10;41;50m.[0m
[0m[38;2;29;57;53m.[38;2;14;49;51m.[38;2;12;37;40m.[38;2;10;16;17m [38;2;10;45;51m.[38;2;5;27;39m [38;2;79;162;161mo[38;2;9;32;47m [38;2;3;6;4m [38;2;7;37;46m.[38;2;3;14;17m [38;2;16;30;29m [38;2;80;102;135m:[38;2;203;218;223mK[38;2;4;14;25m [38;2;5;47;63m.[38;2;1;31;47m [38;2;11;34;56m.[38;2;9;39;72m.[38;2;9;28;44m [38;2;9;14;17m [38;2;42;52;55m.[38;2;38;51;58m.[38;2;38;49;61m.[38;2;45;51;55m.[38;2;43;49;57m.[38;2;40;53;71m.[38;2;40;42;65m.[38;2;25;37;81m.[38;2;33;52;95m.[38;2;29;35;77m.[38;2;10;29;82m.[38;2;7;32;105m.[38;2;13;43;127m.[38;2;14;50;128m.[38;2;28;76;144m'[38;2;27;46;106m.[38;2;19;52;143m.[38;2;17;62;146m.[38;2;15;55;131m.[38;2;0;11;84m [38;2;76;123;211mc[38;2;91;127;164mc[38;2;32;97;210m;[38;2;51;149;252ml[38;2;64;168;248md[38;2;144;247;255mX[38;2;96;253;255mK[38;2;96;255;255mK[38;2;95;255;255mK[38;2;94;255;255mK[38;2;92;255;255mK[38;2;95;255;255mK[38;2;79;255;255m0[38;2;109;255;255mK[38;2;114;255;255mK[38;2;0;160;255ml[38;2;44;148;253ml[38;2;120;164;249mx[38;2;0;20;84m [38;2;20;43;106m.[38;2;11;43;91m.[38;2;7;41;64m.[38;2;2;32;66m [38;2;20;46;77m.[38;2;8;37;60m.[38;2;5;38;54m.[38;2;9;44;55m.[38;2;6;31;47m [38;2;111;126;151ml[38;2;24;31;44m.[38;2;10;22;24m [38;2;11;46;56m.[38;2;8;54;72m.[38;2;7;42;48m.[38;2;4;3;5m [38;2;47;71;66m.[38;2;31;59;55m.[38;2;16;45;49m.[38;2;11;36;47m.[0m
[0m[38;2;30;51;48m.[38;2;8;48;59m.[38;2;8;37;31m [38;2;8;18;20m [38;2;10;45;57m.[38;2;4;28;41m [38;2;82;162;165mo[38;2;11;40;48m.[38;2;14;34;48m.[38;2;4;15;18m [38;2;11;21;25m [38;2;23;38;73m.[38;2;214;239;253mN[38;2;53;61;74m.[38;2;3;36;46m [38;2;7;44;60m.[38;2;4;26;33m [38;2;8;49;78m.[38;2;17;52;88m.[38;2;4;17;34m [38;2;69;93;94m,[38;2;158;209;214m0[38;2;153;190;212mO[38;2;150;191;207mO[38;2;151;188;209mk[38;2;161;185;215mO[38;2;130;170;201mx[38;2;145;144;208md[38;2;99;133;193ml[38;2;119;165;211mx[38;2;112;136;184mo[38;2;118;135;160ml[38;2;63;79;132m,[38;2;84;94;120m;[38;2;26;30;64m.[38;2;3;9;69m [38;2;0;13;56m [38;2;16;36;89m.[38;2;11;33;85m.[38;2;12;38;87m.[38;2;0;15;107m [38;2;124;173;247mx[38;2;55;78;153m,[38;2;10;49;149m.[38;2;71;129;228ml[38;2;6;33;170m.[38;2;219;254;255mW[38;2;5;92;234m,[38;2;33;164;255mo[38;2;53;197;255mx[38;2;63;234;255mO[38;2;83;239;255m0[38;2;106;255;255mK[38;2;103;255;255mK[38;2;94;255;255mK[38;2;117;255;255mK[38;2;0;142;255mc[38;2;15;87;246m,[38;2;130;164;233mx[38;2;8;29;92m.[38;2;57;99;151m;[38;2;15;50;101m.[38;2;14;47;84m.[38;2;62;102;133m;[38;2;10;40;59m.[38;2;6;29;40m [38;2;2;36;51m [38;2;4;34;44m [38;2;9;35;44m [38;2;46;61;92m.[38;2;75;88;121m;[38;2;9;49;52m.[38;2;10;50;70m.[38;2;11;44;51m.[38;2;37;46;46m.[38;2;35;61;61m.[38;2;22;53;64m.[38;2;12;46;61m.[38;2;8;47;61m.[38;2;12;39;46m.[0m
[0m[38;2;23;50;53m.[38;2;8;49;63m.[38;2;7;35;26m [38;2;5;21;24m [38;2;9;45;65m.[38;2;5;29;48m [38;2;86;166;165mo[38;2;5;19;20m [38;2;38;71;80m.[38;2;37;62;77m.[38;2;17;33;47m.[38;2;129;163;205mx[38;2;117;136;147ml[38;2;22;42;51m.[38;2;24;56;69m.[38;2;32;69;80m.[38;2;4;16;37m [38;2;16;51;74m.[38;2;8;42;67m.[38;2;4;26;45m [38;2;6;16;22m [38;2;23;51;65m.[38;2;15;29;49m [38;2;13;32;46m [38;2;11;30;70m [38;2;13;32;91m.[38;2;12;24;111m.[38;2;19;45;168m.[38;2;14;52;164m.[38;2;8;35;165m.[38;2;8;43;171m.[38;2;19;66;190m'[38;2;31;53;173m.[38;2;112;125;205ml[38;2;179;205;238m0[38;2;80;94;150m;[38;2;4;10;65m [38;2;4;19;80m [38;2;0;17;53m [38;2;1;9;21m [38;2;6;25;116m.[38;2;155;194;255mO[38;2;8;13;39m [38;2;5;13;53m [38;2;22;36;85m.[38;2;15;37;135m.[38;2;229;255;255mW[38;2;6;17;106m [38;2;15;54;196m.[38;2;11;64;208m'[38;2;27;113;237m:[38;2;8;93;240m,[38;2;14;148;253mc[38;2;31;165;255mo[38;2;53;195;255mx[38;2;79;210;255mk[38;2;2;83;241m,[38;2;10;57;187m.[38;2;125;148;212md[38;2;20;42;90m.[38;2;55;90;123m,[38;2;53;117;143m:[38;2;5;39;70m.[38;2;26;69;99m.[38;2;11;43;65m.[38;2;5;24;30m [38;2;5;37;50m.[38;2;14;49;60m.[38;2;2;23;36m [38;2;43;65;100m.[38;2;70;90;123m;[38;2;10;44;58m.[38;2;14;39;47m.[38;2;34;51;57m.[38;2;38;61;61m.[38;2;7;45;56m.[38;2;9;48;60m.[38;2;5;48;59m.[38;2;7;48;55m.[38;2;13;39;53m.[0m
[0m[38;2;24;50;56m.[38;2;8;53;62m.[38;2;8;22;27m [38;2;4;24;24m [38;2;4;48;59m.[38;2;5;29;39m [38;2;86;168;175mo[38;2;0;2;4m [38;2;8;43;59m.[38;2;4;36;39m [38;2;29;49;119m.[38;2;182;201;220m0[38;2;4;13;11m [38;2;58;118;125m:[38;2;65;130;151mc[38;2;83;144;169ml[38;2;19;34;55m.[38;2;53;91;110m,[38;2;26;63;85m.[38;2;35;66;93m.[38;2;27;64;90m.[38;2;37;66;109m.[38;2;30;52;82m.[38;2;26;52;96m.[38;2;18;38;123m.[38;2;15;33;159m.[38;2;2;39;201m.[38;2;8;132;253m:[38;2;9;146;255mc[38;2;2;136;250m:[38;2;2;126;253m:[38;2;2;122;248m:[38;2;8;113;250m;[38;2;0;44;213m.[38;2;27;78;245m,[38;2;191;225;255mX[38;2;55;69;181m,[38;2;10;64;189m.[38;2;4;32;103m.[38;2;7;25;65m [38;2;11;52;169m.[38;2;165;224;255mK[38;2;1;5;23m [38;2;19;53;117m.[38;2;3;20;50m [38;2;11;55;151m.[38;2;226;243;255mW[38;2;0;0;4m [38;2;0;12;56m [38;2;5;16;52m [38;2;6;26;73m [38;2;15;26;99m.[38;2;12;36;141m.[38;2;14;48;160m.[38;2;10;50;168m.[38;2;23;64;177m'[38;2;5;29;117m.[38;2;25;67;133m.[38;2;91;131;189ml[38;2;29;49;104m.[38;2;48;73;104m'[38;2;53;125;155m:[38;2;3;37;64m.[38;2;7;43;68m.[38;2;5;36;42m [38;2;1;3;3m [38;2;4;15;15m [38;2;10;29;30m [38;2;4;26;32m [38;2;44;74;113m'[38;2;80;99;124m;[38;2;6;12;15m [38;2;26;46;57m.[38;2;10;38;46m.[38;2;8;42;50m.[38;2;7;43;52m.[38;2;8;49;57m.[38;2;7;42;52m.[38;2;5;45;52m.[38;2;12;48;55m.[0m
[0m[38;2;24;50;51m.[38;2;10;50;63m.[38;2;12;27;27m [38;2;0;21;26m [38;2;9;49;60m.[38;2;1;32;35m [38;2;93;164;181mo[38;2;0;3;7m [38;2;9;47;52m.[38;2;7;21;38m [38;2;111;148;209mo[38;2;75;87;95m,[38;2;2;30;36m [38;2;18;52;69m.[38;2;84;160;174mo[38;2;79;146;167ml[38;2;15;38;46m.[38;2;57;109;133m;[38;2;11;42;66m.[38;2;15;50;84m.[38;2;10;49;86m.[38;2;12;43;86m.[38;2;12;54;130m.[38;2;73;145;226ml[38;2;64;155;229mo[38;2;69;165;252md[38;2;18;181;255mo[38;2;113;244;255mK[38;2;124;251;255mK[38;2;128;255;255mX[38;2;95;249;255mK[38;2;82;249;255m0[38;2;72;237;255mO[38;2;47;205;255mx[38;2;27;172;255mo[38;2;106;219;255mO[38;2;105;144;243mo[38;2;11;69;233m'[38;2;2;25;129m.[38;2;8;25;95m [38;2;44;98;233m;[38;2;182;223;246mK[38;2;2;12;50m [38;2;22;59;129m.[38;2;1;20;61m [38;2;6;31;121m.[38;2;219;246;255mW[38;2;0;4;14m [38;2;3;20;39m [38;2;9;36;67m.[38;2;7;37;68m.[38;2;13;23;50m [38;2;0;12;42m [38;2;1;6;30m [38;2;3;3;22m [38;2;5;10;22m [38;2;2;10;25m [38;2;7;16;32m [38;2;103;125;175ml[38;2;8;30;67m [38;2;18;32;49m.[38;2;10;46;62m.[38;2;14;54;86m.[38;2;19;54;93m.[38;2;4;20;23m [38;2;2;6;3m [38;2;0;11;2m [38;2;0;7;3m [38;2;1;5;0m [38;2;68;95;127m;[38;2;48;60;88m.[38;2;17;33;43m.[38;2;10;52;65m.[38;2;12;47;59m.[38;2;7;37;51m.[38;2;17;40;49m.[38;2;10;40;47m.[38;2;12;46;56m.[38;2;9;47;56m.[38;2;12;47;55m.[0m
[0m[38;2;20;53;51m.[38;2;9;51;59m.[38;2;12;29;25m [38;2;4;22;32m [38;2;9;47;60m.[38;2;4;30;47m [38;2;92;170;162md[38;2;1;6;8m [38;2;10;47;54m.[38;2;23;39;79m.[38;2;155;187;240mO[38;2;3;20;16m [38;2;7;50;51m.[38;2;4;29;45m [38;2;60;126;133m:[38;2;74;150;158ml[38;2;15;27;36m [38;2;98;174;187md[38;2;6;35;60m [38;2;13;50;84m.[38;2;9;54;83m.[38;2;15;52;99m.[38;2;6;46;117m.[38;2;48;113;208m:[38;2;68;173;249md[38;2;66;182;255md[38;2;9;225;255mx[38;2;163;255;255mN[38;2;180;255;255mN[38;2;186;255;255mN[38;2;173;255;255mN[38;2;170;255;255mN[38;2;179;255;255mN[38;2;172;255;255mN[38;2;215;255;255mW[38;2;80;253;255m0[38;2;86;184;255mx[38;2;13;97;253m;[38;2;25;79;216m,[38;2;7;32;118m.[38;2;62;139;247ml[38;2;154;169;208mk[38;2;14;28;70m [38;2;24;56;106m.[38;2;9;25;57m [38;2;7;28;98m.[38;2;207;236;254mN[38;2;0;1;3m [38;2;12;34;61m.[38;2;14;53;96m.[38;2;5;30;63m [38;2;16;32;59m.[38;2;25;37;45m.[38;2;110;130;134ml[38;2;93;121;120mc[38;2;95;120;122mc[38;2;83;108;107m:[38;2;53;71;70m'[38;2;94;120;123mc[38;2;40;54;61m.[38;2;44;55;71m.[38;2;27;30;34m.[38;2;3;13;20m [38;2;9;27;40m [38;2;5;11;15m [38;2;3;6;10m [38;2;0;9;7m [38;2;1;7;7m [38;2;3;2;2m [38;2;109;137;143ml[38;2;19;51;70m.[38;2;8;42;45m.[38;2;8;40;55m.[38;2;12;45;55m.[38;2;11;46;60m.[38;2;12;36;41m.[38;2;12;45;50m.[38;2;8;49;56m.[38;2;10;48;55m.[38;2;11;47;55m.[0m
[0m[38;2;21;46;46m.[38;2;7;40;52m.[38;2;9;26;29m [38;2;4;22;31m [38;2;15;48;52m.[38;2;4;29;35m [38;2;93;162;172mo[38;2;1;15;18m [38;2;8;38;38m [38;2;27;52;108m.[38;2;177;216;241mK[38;2;0;20;19m [38;2;6;49;60m.[38;2;8;46;59m.[38;2;18;53;69m.[38;2;89;168;170mo[38;2;22;38;46m.[38;2;93;187;190mx[38;2;43;81;113m'[38;2;9;42;79m.[38;2;9;51;96m.[38;2;17;54;112m.[38;2;13;53;137m.[38;2;20;74;183m'[38;2;85;165;255md[38;2;71;201;255mk[38;2;1;241;255mk[38;2;207;255;255mW[38;2;190;255;255mN[38;2;183;255;255mN[38;2;183;255;255mN[38;2;174;255;255mN[38;2;165;255;255mN[38;2;165;255;255mN[38;2;213;255;255mW[38;2;103;255;255mK[38;2;84;223;255mO[38;2;31;136;252mc[38;2;13;61;218m'[38;2;5;42;172m.[38;2;149;212;255m0[38;2;118;138;160mo[38;2;52;110;155m;[38;2;77;155;183mo[38;2;2;6;22m [38;2;11;30;107m.[38;2;195;222;243mX[38;2;10;23;25m [38;2;11;41;62m.[38;2;16;49;74m.[38;2;5;23;40m [38;2;22;43;60m.[38;2;8;21;37m [38;2;12;29;35m [38;2;4;13;11m [38;2;2;12;10m [38;2;13;35;45m.[38;2;4;27;46m [38;2;90;113;149m:[38;2;4;24;43m [38;2;5;16;40m [38;2;151;167;199mx[38;2;20;33;54m.[38;2;8;42;81m.[38;2;0;8;29m [38;2;4;11;25m [38;2;2;8;18m [38;2;2;8;6m [38;2;1;0;0m [38;2;139;181;215mk[38;2;8;30;47m [38;2;3;6;7m [38;2;15;51;55m.[38;2;9;51;60m.[38;2;14;52;61m.[38;2;18;53;61m.[38;2;9;38;43m.[38;2;27;54;57m.[38;2;11;41;45m.[38;2;12;48;54m.[0m
[0m[38;2;41;76;73m'[38;2;34;71;78m.[38;2;38;81;77m'[38;2;10;25;29m [38;2;13;46;55m.[38;2;5;31;33m [38;2;84;156;165mo[38;2;4;17;21m [38;2;28;62;57m.[38;2;28;54;110m.[38;2;163;192;207mO[38;2;21;49;45m.[38;2;29;67;79m.[38;2;30;69;85m.[38;2;30;62;70m.[38;2;68;127;130m:[38;2;46;74;78m'[38;2;61;121;127m:[38;2;89;157;184mo[38;2;21;61;96m.[38;2;26;60;106m.[38;2;23;52;114m.[38;2;12;55;104m.[38;2;5;47;154m.[38;2;72;157;249mo[38;2;72;208;255mk[38;2;1;246;255mk[38;2;237;255;255mM[38;2;202;255;255mW[38;2;191;255;255mN[38;2;187;255;255mN[38;2;186;255;255mN[38;2;173;255;255mN[38;2;172;255;255mN[38;2;186;255;255mN[38;2;92;253;255mK[38;2;77;212;255mk[38;2;71;169;255md[38;2;27;103;208m;[38;2;20;69;187m'[38;2;247;255;255mM[38;2;37;66;115m.[38;2;8;38;106m.[38;2;88;170;211md[38;2;0;6;30m [38;2;5;22;81m [38;2;178;207;225m0[38;2;7;24;41m [38;2;13;54;88m.[38;2;12;52;84m.[38;2;6;27;43m [38;2;46;76;106m'[38;2;23;53;80m.[38;2;41;92;100m,[38;2;61;118;140m:[38;2;49;77;83m'[38;2;9;31;49m [38;2;10;43;63m.[38;2;123;165;218mx[38;2;17;46;97m.[38;2;6;34;154m.[38;2;75;153;228mo[38;2;37;114;218m:[38;2;15;123;222m:[38;2;1;58;183m.[38;2;0;23;138m.[38;2;0;16;67m [38;2;1;6;12m [38;2;38;53;75m.[38;2;100;127;153ml[38;2;5;45;57m.[38;2;5;12;11m [38;2;17;46;57m.[38;2;7;29;40m [38;2;14;44;53m.[38;2;8;35;39m [38;2;9;40;44m.[38;2;20;49;54m.[38;2;31;56;67m.[38;2;25;59;71m.[0m
[0m[38;2;26;54;52m.[38;2;19;48;60m.[38;2;10;53;53m.[38;2;1;25;31m [38;2;11;53;59m.[38;2;4;31;44m [38;2;79;149;153ml[38;2;3;11;15m [38;2;6;39;46m.[38;2;23;43;102m.[38;2;210;237;243mN[38;2;0;12;8m [38;2;6;28;48m [38;2;51;102;111m;[38;2;18;48;63m.[38;2;14;45;53m.[38;2;77;133;169mc[38;2;7;15;25m [38;2;37;84;100m'[38;2;37;83;126m'[38;2;40;86;122m,[38;2;38;82;119m'[38;2;36;82;122m'[38;2;36;87;145m,[38;2;38;98;205m;[38;2;46;138;250ml[38;2;21;216;255mx[38;2;107;231;255m0[38;2;105;251;255mK[38;2;111;255;255mK[38;2;120;255;255mX[38;2;130;255;255mX[38;2;128;255;255mX[38;2;146;255;255mX[38;2;119;250;255mK[38;2;89;237;255m0[38;2;57;183;255md[38;2;67;154;249mo[38;2;56;125;195mc[38;2;103;141;190mo[38;2;193;231;249mX[38;2;1;12;59m [38;2;2;54;104m.[38;2;32;74;124m'[38;2;4;27;51m [38;2;7;26;84m [38;2;167;192;222mO[38;2;6;24;46m [38;2;11;55;84m.[38;2;11;53;85m.[38;2;5;22;38m [38;2;105;166;183md[38;2;14;50;86m.[38;2;9;32;62m [38;2;59;135;163mc[38;2;69;118;137m:[38;2;13;28;58m [38;2;3;32;74m [38;2;110;163;238md[38;2;27;66;183m'[38;2;0;139;255mc[38;2;103;255;255mK[38;2;121;250;255mK[38;2;202;255;255mW[38;2;3;222;255mx[38;2;1;78;251m'[38;2;0;15;156m [38;2;0;1;28m [38;2;135;175;206mx[38;2;17;50;75m.[38;2;11;49;75m.[38;2;5;17;14m [38;2;4;36;53m [38;2;40;85;99m'[38;2;20;57;112m.[38;2;25;65;100m.[38;2;13;28;45m [38;2;96;102;100m:[38;2;46;65;64m.[38;2;32;75;81m.[0m
[0m[38;2;19;52;53m.[38;2;9;49;60m.[38;2;14;53;53m.[38;2;1;24;33m [38;2;15;51;59m.[38;2;4;31;41m [38;2;92;168;173md[38;2;9;25;40m [38;2;9;49;53m.[38;2;12;19;49m [38;2;192;222;251mX[38;2;30;45;51m.[38;2;5;38;56m.[38;2;19;58;70m.[38;2;85;145;155ml[38;2;5;27;45m [38;2;64;129;145mc[38;2;3;10;14m [38;2;11;50;73m.[38;2;7;50;75m.[38;2;9;55;84m.[38;2;10;53;91m.[38;2;9;50;93m.[38;2;10;54;115m.[38;2;15;61;133m.[38;2;13;53;174m.[38;2;32;115;229m:[38;2;16;93;237m,[38;2;15;129;252m:[38;2;5;149;252mc[38;2;10;154;255ml[38;2;4;158;253ml[38;2;2;159;255ml[38;2;9;164;253ml[38;2;19;149;253ml[38;2;132;206;255mO[38;2;24;71;216m'[38;2;12;83;155m'[38;2;17;42;121m.[38;2;179;218;245mK[38;2;35;65;115m.[38;2;23;54;100m.[38;2;32;71;103m.[38;2;42;87;119m,[38;2;24;45;64m.[38;2;7;25;82m [38;2;154;172;208mk[38;2;23;54;74m.[38;2;36;69;117m'[38;2;38;81;112m'[38;2;23;48;68m.[38;2;73;128;135mc[38;2;62;124;152m:[38;2;14;44;65m.[38;2;14;41;73m.[38;2;50;83;107m,[38;2;9;29;57m [38;2;30;44;96m.[38;2;110;137;192mo[38;2;7;63;226m'[38;2;46;163;255mo[38;2;77;251;255m0[38;2;187;255;255mN[38;2;219;255;255mW[38;2;0;244;255mk[38;2;2;114;255m;[38;2;0;21;179m.[38;2;35;53;112m.[38;2;102;143;169mo[38;2;8;42;76m.[38;2;9;53;80m.[38;2;3;18;17m [38;2;10;35;48m.[38;2;27;44;54m.[38;2;24;35;52m.[38;2;44;105;118m;[38;2;5;24;36m [38;2;135;146;144mo[38;2;63;98;91m,[38;2;31;75;84m.[0m
[0m[38;2;19;54;54m.[38;2;6;48;60m.[38;2;16;51;56m.[38;2;2;18;21m [38;2;17;52;64m.[38;2;2;32;40m [38;2;82;148;154ml[38;2;2;28;32m [38;2;6;51;59m.[38;2;4;19;26m [38;2;105;139;205mo[38;2;129;143;151mo[38;2;1;28;31m [38;2;6;42;56m.[38;2;47;87;106m,[38;2;53;106;116m;[38;2;60;125;138m:[38;2;4;11;20m [38;2;11;50;73m.[38;2;7;52;67m.[38;2;6;52;75m.[38;2;8;53;79m.[38;2;9;54;86m.[38;2;10;52;86m.[38;2;13;51;104m.[38;2;17;55;122m.[38;2;11;62;140m.[38;2;7;35;109m.[38;2;11;55;168m.[38;2;2;72;160m.[38;2;3;67;190m.[38;2;6;74;195m'[38;2;2;68;191m.[38;2;4;57;188m.[38;2;31;87;218m,[38;2;144;212;255m0[38;2;1;28;106m.[38;2;3;47;102m.[38;2;30;62;154m.[38;2;175;193;214mO[38;2;0;8;34m [38;2;12;50;98m.[38;2;13;53;99m.[38;2;19;62;95m.[38;2;35;64;82m.[38;2;9;26;96m [38;2;154;162;194mx[38;2;6;26;56m [38;2;20;56;96m.[38;2;24;65;99m.[38;2;54;100;127m;[38;2;14;26;40m [38;2;30;66;103m.[38;2;31;68;92m.[38;2;33;67;89m.[38;2;50;97;111m,[38;2;6;18;53m [38;2;109;120;143mc[38;2;57;90;142m,[38;2;36;94;208m;[38;2;33;79;230m,[38;2;78;219;255mO[38;2;118;220;255m0[38;2;125;240;255mK[38;2;0;163;253ml[38;2;0;58;228m.[38;2;3;12;118m [38;2;122;160;188md[38;2;10;21;43m [38;2;19;60;100m.[38;2;16;54;68m.[38;2;4;17;20m [38;2;11;26;37m [38;2;67;90;84m,[38;2;65;75;75m'[38;2;24;33;34m.[38;2;0;2;1m [38;2;134;149;146mo[38;2;33;59;61m.[38;2;24;60;71m.[0m
[0m[38;2;22;48;43m.[38;2;8;44;43m.[38;2;14;44;46m.[38;2;4;13;10m [38;2;9;42;50m.[38;2;53;103;119m;[38;2;61;114;108m;[38;2;0;9;10m [38;2;9;36;42m [38;2;4;24;23m [38;2;31;48;82m.[38;2;161;202;232m0[38;2;24;37;43m.[38;2;5;28;32m [38;2;5;25;35m [38;2;44;89;96m,[38;2;55;93;100m,[38;2;0;4;6m [38;2;11;33;42m [38;2;7;35;41m [38;2;5;37;46m [38;2;5;33;52m [38;2;9;37;43m.[38;2;5;36;52m [38;2;7;34;52m [38;2;9;32;61m [38;2;7;37;70m.[38;2;1;17;44m [38;2;5;41;66m.[38;2;4;39;83m.[38;2;3;36;84m.[38;2;3;37;91m.[38;2;11;37;91m.[38;2;10;33;70m.[38;2;40;72;178m'[38;2;145;230;255mK[38;2;5;12;52m [38;2;4;22;72m [38;2;134;181;238mk[38;2;84;93;123m;[38;2;5;24;69m [38;2;8;35;81m.[38;2;11;38;79m.[38;2;14;42;82m.[38;2;11;32;54m [38;2;21;45;132m.[38;2;141;154;172md[38;2;4;19;39m [38;2;8;36;59m.[38;2;13;40;63m.[38;2;16;44;57m.[38;2;3;20;34m [38;2;12;39;62m.[38;2;5;38;51m.[38;2;7;40;58m.[38;2;15;45;58m.[38;2;0;8;22m [38;2;150;174;211mk[38;2;6;20;50m [38;2;7;42;77m.[38;2;59;97;162m;[38;2;63;107;179m:[38;2;15;55;183m.[38;2;9;73;201m'[38;2;0;23;147m.[38;2;0;4;68m [38;2;98;123;170mc[38;2;42;60;72m.[38;2;13;22;32m [38;2;19;66;93m.[38;2;18;51;68m.[38;2;4;21;22m [38;2;16;41;54m.[38;2;32;54;57m.[38;2;35;51;55m.[38;2;14;31;37m [38;2;7;22;29m [38;2;85;104;105m;[38;2;23;50;61m.[38;2;24;59;68m.[0m
[0m[38;2;20;53;53m.[38;2;11;48;59m.[38;2;7;29;28m [38;2;3;15;18m [38;2;9;37;45m.[38;2;65;131;132mc[38;2;54;112;123m;[38;2;4;9;10m [38;2;2;9;9m [38;2;8;16;20m [38;2;4;14;11m [38;2;58;94;164m;[38;2;133;161;198mx[38;2;26;30;29m.[38;2;0;2;0m [38;2;2;6;0m [38;2;1;3;0m [38;2;3;29;31m [38;2;4;29;31m [38;2;2;14;14m [38;2;21;25;21m [38;2;48;51;51m.[38;2;46;51;51m.[38;2;50;53;52m.[38;2;51;52;59m.[38;2;54;55;64m.[38;2;55;59;72m.[38;2;52;61;79m.[38;2;53;53;68m.[38;2;46;61;78m.[38;2;55;62;75m.[38;2;8;18;41m [38;2;0;13;27m [38;2;0;1;6m [38;2;31;69;168m'[38;2;184;245;255mN[38;2;0;2;29m [38;2;39;78;173m,[38;2;190;217;235mK[38;2;49;58;82m.[38;2;78;91;134m;[38;2;73;89;125m;[38;2;85;97;109m;[38;2;77;101;104m;[38;2;87;105;121m:[38;2;29;45;131m.[38;2;140;152;164md[38;2;72;87;94m,[38;2;45;54;67m.[38;2;13;16;34m [38;2;0;4;5m [38;2;6;23;40m [38;2;8;25;42m [38;2;2;12;21m [38;2;2;2;13m [38;2;4;7;12m [38;2;0;1;14m [38;2;143;193;228mO[38;2;30;33;45m.[38;2;32;34;42m.[38;2;124;154;208md[38;2;53;72;102m'[38;2;51;67;117m'[38;2;22;40;102m.[38;2;0;7;45m [38;2;36;54;96m.[38;2;105;133;160ml[38;2;0;0;3m [38;2;9;26;42m [38;2;19;62;95m.[38;2;21;49;66m.[38;2;7;27;30m [38;2;8;42;49m.[38;2;6;37;44m [38;2;5;33;38m [38;2;10;56;73m.[38;2;6;40;47m.[38;2;87;150;166ml[38;2;16;57;73m.[38;2;21;54;64m.[0m
[0m[38;2;20;53;56m.[38;2;7;51;57m.[38;2;11;38;36m.[38;2;3;18;18m [38;2;7;36;48m [38;2;69;127;145mc[38;2;53;104;114m;[38;2;8;12;17m [38;2;1;11;13m [38;2;19;48;59m.[38;2;5;23;27m [38;2;8;29;37m [38;2;60;86;158m,[38;2;139;170;209mx[38;2;63;72;73m'[38;2;0;3;0m [38;2;0;2;0m [38;2;4;59;73m.[38;2;8;56;74m.[38;2;4;20;21m [38;2;90;108;102m:[38;2;165;195;199mO[38;2;151;190;196mk[38;2;146;192;198mk[38;2;159;193;194mO[38;2;146;182;189mk[38;2;136;177;185mx[38;2;121;157;170md[38;2;122;129;136ml[38;2;103;139;142ml[38;2;114;150;166mo[38;2;118;133;166ml[38;2;90;102;142m:[38;2;42;78;141m'[38;2;38;95;192m;[38;2;83;135;217ml[38;2;33;64;150m'[38;2;94;147;235mo[38;2;64;77;138m,[38;2;93;131;210ml[38;2;122;177;240mx[38;2;120;182;239mk[38;2;119;173;237mx[38;2;112;176;239mx[38;2;118;165;214mx[38;2;24;43;143m.[38;2;133;159;187md[38;2;98;128;156ml[38;2;78;99;151m;[38;2;87;105;136m:[38;2;61;85;125m,[38;2;109;130;156ml[38;2;32;42;54m.[38;2;4;24;41m [38;2;2;5;22m [38;2;0;11;23m [38;2;5;15;46m [38;2;125;170;192mx[38;2;94;110;159mc[38;2;68;88;170m;[38;2;132;195;252mO[38;2;49;95;219m;[38;2;44;95;225m;[38;2;54;105;238m:[38;2;87;122;176mc[38;2;126;156;217md[38;2;6;11;36m [38;2;0;5;26m [38;2;8;26;45m [38;2;15;60;95m.[38;2;13;51;71m.[38;2;11;21;26m [38;2;7;57;71m.[38;2;14;57;71m.[38;2;0;0;1m [38;2;16;54;68m.[38;2;8;39;48m.[38;2;92;150;160mo[38;2;8;35;54m.[38;2;16;49;62m.[0m
[0m[38;2;24;52;53m.[38;2;6;50;57m.[38;2;5;38;37m [38;2;10;21;24m [38;2;7;35;43m [38;2;72;140;156ml[38;2;44;89;91m,[38;2;7;17;20m [38;2;0;16;22m [38;2;3;22;27m [38;2;14;42;52m.[38;2;11;30;35m [38;2;5;4;9m [38;2;33;56;109m.[38;2;133;178;221mk[38;2;121;136;146ml[38;2;34;37;41m.[38;2;5;43;49m.[38;2;7;52;63m.[38;2;3;34;35m [38;2;2;16;13m [38;2;14;44;55m.[38;2;8;27;24m [38;2;5;22;20m [38;2;6;23;21m [38;2;6;22;23m [38;2;9;28;34m [38;2;13;41;60m.[38;2;19;41;62m.[38;2;11;38;58m.[38;2;15;40;52m.[38;2;17;37;64m.[38;2;3;24;57m [38;2;0;0;12m [38;2;44;100;213m;[38;2;144;172;228mk[38;2;75;117;218mc[38;2;56;126;254mc[38;2;50;119;230mc[38;2;5;107;241m;[38;2;8;145;251mc[38;2;3;128;251m:[38;2;1;126;253m:[38;2;2;122;248m:[38;2;1;94;235m,[38;2;24;81;235m,[38;2;117;143;198mo[38;2;4;27;109m.[38;2;0;6;29m [38;2;0;3;13m [38;2;3;3;14m [38;2;44;65;116m'[38;2;176;187;209mO[38;2;4;14;23m [38;2;8;15;43m [38;2;8;16;31m [38;2;29;45;96m.[38;2;111;134;168ml[38;2;12;36;173m.[38;2;39;135;239mc[38;2;74;235;255mO[38;2;86;213;255mk[38;2;101;225;255mO[38;2;102;218;255mO[38;2;49;208;255mx[38;2;65;140;225ml[38;2;3;7;146m [38;2;0;9;78m [38;2;8;33;60m [38;2;9;61;98m.[38;2;10;49;67m.[38;2;16;22;32m [38;2;9;57;76m.[38;2;12;59;69m.[38;2;0;1;0m [38;2;20;53;52m.[38;2;31;71;78m.[38;2;53;97;118m,[38;2;9;42;56m.[38;2;15;44;58m.[0m
[0m[38;2;22;53;54m.[38;2;9;51;56m.[38;2;12;45;40m.[38;2;8;16;19m [38;2;6;36;47m [38;2;84;153;160ml[38;2;42;88;92m'[38;2;0;15;16m [38;2;5;47;52m.[38;2;6;45;54m.[38;2;11;52;54m.[38;2;7;32;32m [38;2;3;10;9m [38;2;4;8;10m [38;2;10;29;43m [38;2;63;90;139m;[38;2;140;173;200mx[38;2;123;147;161mo[38;2;77;93;90m;[38;2;16;44;50m.[38;2;10;37;46m.[38;2;21;54;70m.[38;2;13;36;40m.[38;2;18;38;38m.[38;2;20;40;35m.[38;2;22;37;37m.[38;2;2;9;9m [38;2;31;79;82m'[38;2;25;55;71m.[38;2;19;49;75m.[38;2;16;45;72m.[38;2;34;62;100m.[38;2;30;57;101m.[38;2;42;68;150m'[38;2;35;116;247m:[38;2;175;228;255mX[38;2;79;220;255mO[38;2;113;220;255m0[38;2;18;243;255mk[38;2;78;244;255m0[38;2;133;255;255mX[38;2;139;255;255mX[38;2;147;255;255mX[38;2;147;255;255mX[38;2;41;235;255mk[38;2;16;181;255mo[38;2;127;167;246mx[38;2;46;103;211m;[38;2;41;78;140m'[38;2;69;137;163mc[38;2;41;74;99m'[38;2;3;18;37m [38;2;188;204;241mK[38;2;7;16;38m [38;2;54;97;134m;[38;2;48;84;110m,[38;2;53;70;139m'[38;2;115;150;209md[38;2;45;129;253mc[38;2;54;222;255mk[38;2;122;255;255mX[38;2;236;255;255mW[38;2;223;255;255mW[38;2;191;255;255mN[38;2;30;232;255mk[38;2;72;215;255mk[38;2;3;17;195m.[38;2;0;9;100m [38;2;8;32;70m.[38;2;12;56;115m.[38;2;16;40;60m.[38;2;15;29;32m [38;2;11;48;77m.[38;2;5;58;74m.[38;2;0;2;1m [38;2;13;46;53m.[38;2;74;123;136m:[38;2;14;46;58m.[38;2;13;48;56m.[38;2;16;51;63m.[0m
[0m[38;2;23;43;51m.[38;2;28;73;98m.[38;2;53;107;91m;[38;2;4;16;13m [38;2;5;36;50m [38;2;79;152;164ml[38;2;41;84;88m'[38;2;13;22;27m [38;2;46;89;93m,[38;2;45;83;95m'[38;2;47;95;101m,[38;2;48;114;107m;[38;2;40;82;79m'[38;2;27;57;58m.[38;2;26;63;68m.[38;2;24;52;53m.[38;2;6;15;25m [38;2;34;71;100m.[38;2;78;106;143m:[38;2;100;126;169ml[38;2;94;127;158mc[38;2;73;104;130m;[38;2;102;126;144mc[38;2;94;138;149ml[38;2;112;148;153mo[38;2;114;153;160mo[38;2;108;124;129mc[38;2;113;139;160mo[38;2;128;148;163mo[38;2;114;137;160ml[38;2;123;143;168mo[38;2;110;143;187mo[38;2;49;113;187m:[38;2;46;99;191m;[38;2;50;125;255mc[38;2;132;238;255mK[38;2;74;243;255m0[38;2;255;255;255mM[38;2;29;255;255mO[38;2;83;255;255mK[38;2;251;255;255mM[38;2;217;255;255mW[38;2;215;255;255mW[38;2;231;255;255mW[38;2;71;255;255m0[38;2;8;219;255mx[38;2;108;156;255md[38;2;62;142;245ml[38;2;19;65;132m.[38;2;76;158;195mo[38;2;51;107;134m;[38;2;0;13;49m [38;2;176;204;237m0[38;2;17;26;52m [38;2;10;55;93m.[38;2;33;64;91m.[38;2;50;71;142m'[38;2;113;135;204mo[38;2;12;73;244m'[38;2;67;236;255mO[38;2;124;254;255mX[38;2;231;255;255mW[38;2;233;255;255mW[38;2;46;252;255mO[38;2;5;143;255mc[38;2;49;138;252ml[38;2;32;56;160m.[38;2;0;5;74m [38;2;11;31;61m [38;2;20;59;93m.[38;2;13;40;56m.[38;2;15;32;34m [38;2;11;46;62m.[38;2;8;54;56m.[38;2;0;3;2m [38;2;26;63;70m.[38;2;63;108;117m;[38;2;7;30;39m [38;2;21;49;58m.[38;2;18;48;58m.[0m
[0m[38;2;46;70;85m'[38;2;85;172;188md[38;2;20;47;39m.[38;2;5;14;23m [38;2;3;36;50m [38;2;82;158;166mo[38;2;38;88;95m'[38;2;27;45;60m.[38;2;90;178;182md[38;2;74;152;155ml[38;2;66;154;147ml[38;2;65;156;157ml[38;2;76;159;158mo[38;2;20;51;54m.[38;2;7;40;61m.[38;2;13;47;54m.[38;2;1;14;27m [38;2;9;48;56m.[38;2;9;45;55m.[38;2;7;35;40m [38;2;22;51;70m.[38;2;24;57;86m.[38;2;56;107;150m;[38;2;45;104;137m;[38;2;42;75;117m'[38;2;34;85;119m'[38;2;32;61;85m.[38;2;17;64;99m.[38;2;11;43;74m.[38;2;7;36;58m.[38;2;19;47;71m.[38;2;71;159;180mo[38;2;60;150;175ml[38;2;49;114;198m:[38;2;56;139;255ml[38;2;133;237;255mK[38;2;78;246;255m0[38;2;254;255;255mM[38;2;88;255;255mK[38;2;2;255;255mk[38;2;255;255;255mM[38;2;209;255;255mW[38;2;201;255;255mW[38;2;219;255;255mW[38;2;47;253;255m0[38;2;13;221;255mx[38;2;114;149;249md[38;2;6;61;213m.[38;2;56;128;184mc[38;2;20;49;99m.[38;2;44;77;94m'[38;2;0;8;34m [38;2;174;198;237m0[38;2;25;28;63m.[38;2;9;40;78m.[38;2;9;26;51m [38;2;36;53;98m.[38;2;101;123;158mc[38;2;65;111;178m:[38;2;46;126;234mc[38;2;37;174;250mo[38;2;53;174;255md[38;2;70;216;255mk[38;2;9;144;255mc[38;2;2;35;206m.[38;2;63;103;191m:[38;2;37;57;108m.[38;2;0;10;23m [38;2;12;35;47m.[38;2;10;62;87m.[38;2;9;34;56m [38;2;21;34;32m.[38;2;1;35;43m [38;2;20;52;62m.[38;2;0;0;1m [38;2;82;142;150ml[38;2;13;48;58m.[38;2;9;49;55m.[38;2;24;42;50m.[38;2;15;43;53m.[0m
[0m[38;2;90;156;148mo[38;2;23;72;82m.[38;2;3;20;18m [38;2;7;19;28m [38;2;4;35;52m [38;2;87;154;169mo[38;2;42;91;91m,[38;2;27;43;55m.[38;2;80;167;165mo[38;2;65;145;161ml[38;2;63;148;143ml[38;2;66;142;151mc[38;2;75;151;150ml[38;2;66;141;146mc[38;2;13;42;51m.[38;2;8;47;51m.[38;2;0;19;24m [38;2;9;50;50m.[38;2;11;48;56m.[38;2;7;48;59m.[38;2;11;48;53m.[38;2;5;37;44m [38;2;56;118;113m:[38;2;89;174;176md[38;2;26;70;71m.[38;2;6;47;51m.[38;2;0;25;28m [38;2;6;50;64m.[38;2;11;52;65m.[38;2;12;50;72m.[38;2;10;45;70m.[38;2;30;79;106m'[38;2;62;129;173mc[38;2;38;80;144m'[38;2;85;160;250md[38;2;129;194;252mO[38;2;60;199;255mx[38;2;194;250;255mN[38;2;54;245;255mO[38;2;7;239;255mk[38;2;153;247;255mX[38;2;135;255;255mX[38;2;107;255;255mK[38;2;98;244;255m0[38;2;16;194;255md[38;2;45;184;255md[38;2;123;143;218md[38;2;20;52;157m.[38;2;26;70;110m.[38;2;38;67;101m.[38;2;64;107;118m;[38;2;0;2;16m [38;2;162;179;214mk[38;2;37;54;79m.[38;2;7;49;84m.[38;2;22;52;80m.[38;2;16;34;51m.[38;2;94;122;136mc[38;2;111;154;194md[38;2;6;26;77m [38;2;13;38;112m.[38;2;18;46;161m.[38;2;100;144;191mo[38;2;3;15;86m [38;2;2;1;46m [38;2;108;142;160mo[38;2;12;21;42m [38;2;4;3;5m [38;2;14;31;45m [38;2;14;60;87m.[38;2;6;35;52m [38;2;22;34;34m.[38;2;4;37;45m [38;2;19;52;63m.[38;2;19;34;28m.[38;2;59;110;116m;[38;2;8;44;51m.[38;2;11;49;61m.[38;2;22;41;51m.[38;2;18;45;55m.[0m
[0m[38;2;37;77;67m.[38;2;7;45;61m.[38;2;5;27;22m [38;2;8;17;22m [38;2;2;35;51m [38;2;81;156;172mo[38;2;36;78;66m'[38;2;25;42;57m.[38;2;78;171;170mo[38;2;62;149;161ml[38;2;63;145;145mc[38;2;66;145;142mc[38;2;69;155;147ml[38;2;64;134;139mc[38;2;62;119;122m:[38;2;9;51;48m.[38;2;2;20;24m [38;2;14;48;59m.[38;2;15;48;60m.[38;2;7;42;47m.[38;2;11;41;45m.[38;2;9;41;49m.[38;2;5;29;30m [38;2;47;92;92m,[38;2;59;119;116m:[38;2;25;55;64m.[38;2;20;47;45m.[38;2;6;27;32m [38;2;19;50;60m.[38;2;22;49;65m.[38;2;22;55;68m.[38;2;26;56;67m.[38;2;29;74;92m.[38;2;14;28;69m [38;2;115;175;235mx[38;2;127;144;211md[38;2;6;48;189m.[38;2;47;179;254md[38;2;43;156;250ml[38;2;59;157;251mo[38;2;3;92;239m,[38;2;10;120;238m:[38;2;7;124;241m:[38;2;10;104;233m;[38;2;6;44;199m.[38;2;71;149;249mo[38;2;127;134;161mo[38;2;3;43;98m.[38;2;8;61;99m.[38;2;11;50;101m.[38;2;24;69;87m.[38;2;0;3;3m [38;2;152;168;200mx[38;2;70;93;114m;[38;2;3;27;39m [38;2;12;30;45m [38;2;0;8;14m [38;2;108;144;182mo[38;2;105;147;178mo[38;2;14;20;23m [38;2;11;18;24m [38;2;90;118;135mc[38;2;30;38;58m.[38;2;1;3;9m [38;2;10;17;29m [38;2;135;170;188mx[38;2;1;0;0m [38;2;2;5;3m [38;2;13;36;41m.[38;2;8;56;79m.[38;2;10;34;41m [38;2;13;28;33m [38;2;8;46;50m.[38;2;14;42;53m.[38;2;16;28;24m [38;2;11;46;53m.[38;2;13;37;46m.[38;2;13;41;51m.[38;2;21;41;55m.[38;2;10;35;42m [0m
[0m[38;2;21;49;51m.[38;2;4;52;65m.[38;2;3;35;23m [38;2;6;17;19m [38;2;8;35;40m [38;2;77;150;166ml[38;2;28;72;65m.[38;2;20;33;46m.[38;2;54;126;131m:[38;2;47;102;103m,[38;2;45;99;99m,[38;2;48;99;95m,[38;2;54;100;99m,[38;2;65;118;118m:[38;2;41;83;83m'[38;2;43;78;85m'[38;2;42;77;69m'[38;2;4;13;14m [38;2;16;38;50m.[38;2;6;35;41m [38;2;9;39;41m.[38;2;6;44;49m.[38;2;24;56;63m.[38;2;21;62;67m.[38;2;19;56;55m.[38;2;26;64;73m.[38;2;54;110;112m;[38;2;1;14;13m [38;2;13;56;68m.[38;2;10;49;67m.[38;2;6;48;58m.[38;2;7;47;62m.[38;2;6;52;70m.[38;2;0;20;45m [38;2;130;164;221mx[38;2;124;128;143ml[38;2;0;0;26m [38;2;72;144;185ml[38;2;76;123;224mc[38;2;60;102;187m:[38;2;0;24;99m [38;2;9;56;148m.[38;2;6;51;113m.[38;2;7;47;112m.[38;2;0;21;74m [38;2;93;154;231md[38;2;124;128;132ml[38;2;3;17;37m [38;2;5;20;39m [38;2;2;15;39m [38;2;2;12;20m [38;2;1;0;0m [38;2;122;151;185md[38;2;93;117;130mc[38;2;5;25;38m [38;2;22;53;75m.[38;2;1;14;37m [38;2;102;131;149ml[38;2;91;130;141mc[38;2;75;92;97m;[38;2;57;64;66m.[38;2;119;165;191md[38;2;28;31;32m.[38;2;18;25;29m [38;2;127;137;158mo[38;2;32;42;41m.[38;2;0;6;0m [38;2;2;6;2m [38;2;13;36;37m.[38;2;9;56;68m.[38;2;12;33;51m [38;2;11;31;36m [38;2;13;36;46m.[38;2;13;30;31m [38;2;10;21;18m [38;2;8;48;53m.[38;2;12;35;55m.[38;2;12;32;42m [38;2;18;41;48m.[38;2;43;86;91m'[0m
[0m[38;2;17;42;42m.[38;2;3;44;52m.[38;2;2;33;29m [38;2;6;37;44m [38;2;4;28;42m [38;2;72;138;171ml[38;2;38;95;81m,[38;2;1;4;7m [38;2;11;27;37m [38;2;5;38;42m [38;2;10;50;60m.[38;2;22;58;63m.[38;2;26;63;70m.[38;2;28;72;79m.[38;2;26;63;82m.[38;2;36;83;101m'[38;2;94;187;173mx[38;2;2;3;7m [38;2;9;49;59m.[38;2;8;48;55m.[38;2;3;49;57m.[38;2;2;48;56m.[38;2;6;49;52m.[38;2;5;48;60m.[38;2;8;48;57m.[38;2;8;47;59m.[38;2;10;56;66m.[38;2;23;41;44m.[38;2;11;54;58m.[38;2;9;48;65m.[38;2;9;49;60m.[38;2;9;49;62m.[38;2;8;51;72m.[38;2;5;22;35m [38;2;134;159;199md[38;2;119;130;130ml[38;2;0;2;4m [38;2;51;77;83m'[38;2;102;131;190ml[38;2;109;114;130mc[38;2;102;107;83m:[38;2;141;142;106mo[38;2;161;154;102md[38;2;163;156;88md[38;2;153;153;86md[38;2;181;181;140mk[38;2;148;150;101mo[38;2;102;105;75m:[38;2;102;98;57m;[38;2;102;89;48m;[38;2;102;100;60m;[38;2;102;102;55m;[38;2;135;159;123md[38;2;116;118;103mc[38;2;55;54;65m.[38;2;106;110;81m:[38;2;102;92;66m;[38;2;44;56;64m.[38;2;137;160;178md[38;2;69;77;77m'[38;2;31;40;48m.[38;2;140;161;176md[38;2;90;100;102m;[38;2;122;149;165mo[38;2;26;29;30m [38;2;0;5;1m [38;2;0;7;1m [38;2;0;5;0m [38;2;17;35;31m.[38;2;11;52;67m.[38;2;12;40;53m.[38;2;10;24;22m [38;2;10;24;26m [38;2;9;22;27m [38;2;10;32;37m [38;2;17;39;47m.[38;2;50;86;99m,[38;2;59;109;117m;[38;2;70;122;138m:[38;2;52;99;118m,[0m
[0m[38;2;27;49;57m.[38;2;5;48;64m.[38;2;6;48;54m.[38;2;4;46;58m.[38;2;4;27;44m [38;2;71;124;162mc[38;2;49;103;98m,[38;2;0;10;16m [38;2;6;48;56m.[38;2;1;47;52m.[38;2;2;46;52m.[38;2;2;45;53m.[38;2;3;46;53m.[38;2;4;48;53m.[38;2;3;48;51m.[38;2;3;35;49m [38;2;54;109;112m;[38;2;0;10;11m [38;2;3;52;56m.[38;2;5;48;53m.[38;2;4;49;55m.[38;2;4;48;52m.[38;2;6;47;61m.[38;2;6;48;54m.[38;2;6;48;60m.[38;2;3;48;62m.[38;2;4;51;56m.[38;2;50;68;74m.[38;2;11;49;56m.[38;2;5;37;40m [38;2;5;35;38m [38;2;9;27;30m [38;2;5;19;23m [38;2;2;6;6m [38;2;100;130;163ml[38;2;180;165;129mx[38;2;172;142;66mo[38;2;198;170;77mx[38;2;220;179;82mO[38;2;217;173;73mk[38;2;232;182;74mO[38;2;233;201;72m0[38;2;212;186;93mO[38;2;245;221;101mX[38;2;255;243;119mN[38;2;255;250;112mN[38;2;255;249;117mN[38;2;255;249;118mN[38;2;255;252;104mN[38;2;255;249;117mN[38;2;255;248;117mN[38;2;255;248;107mN[38;2;255;246;111mN[38;2;255;249;108mN[38;2;253;230;107mX[38;2;255;240;103mN[38;2;255;250;116mN[38;2;232;228;97mK[38;2;171;157;91md[38;2;162;152;126md[38;2;161;155;163mx[38;2;112;112;108mc[38;2;35;70;87m.[38;2;64;94;144m;[38;2;0;3;0m [38;2;0;9;0m [38;2;2;5;0m [38;2;0;5;0m [38;2;17;40;29m.[38;2;11;49;64m.[38;2;13;49;60m.[38;2;11;46;46m.[38;2;5;30;32m [38;2;24;54;59m.[38;2;41;66;82m.[38;2;44;83;96m'[38;2;37;72;88m.[38;2;14;45;66m.[38;2;6;39;52m.[38;2;10;40;51m.[0m
[0m[38;2;22;49;55m.[38;2;5;47;58m.[38;2;1;46;53m.[38;2;3;46;54m.[38;2;5;28;43m [38;2;64;115;160m:[38;2;56;118;116m:[38;2;0;5;14m [38;2;3;48;52m.[38;2;2;44;53m.[38;2;4;46;50m.[38;2;0;47;51m.[38;2;2;47;52m.[38;2;0;48;51m.[38;2;2;47;51m.[38;2;3;46;54m.[38;2;8;42;52m.[38;2;1;17;18m [38;2;4;54;62m.[38;2;6;48;60m.[38;2;5;44;47m.[38;2;5;37;44m [38;2;7;34;41m [38;2;4;28;32m [38;2;5;22;26m [38;2;3;20;18m [38;2;1;18;16m [38;2;10;22;21m [38;2;10;24;26m [38;2;0;6;6m [38;2;7;30;23m [38;2;2;18;26m [38;2;40;41;30m.[38;2;123;109;53m:[38;2;213;176;92mk[38;2;204;148;40md[38;2;177;118;27ml[38;2;175;117;39ml[38;2;185;129;38mo[38;2;172;114;40ml[38;2;202;130;32mo[38;2;212;151;42md[38;2;137;88;31m;[38;2;177;105;22mc[38;2;202;132;40mo[38;2;232;158;53mk[38;2;238;176;55mO[38;2;216;176;74mk[38;2;232;175;56mk[38;2;255;244;106mN[38;2;255;244;112mN[38;2;255;241;88mN[38;2;255;243;95mN[38;2;255;242;96mN[38;2;255;243;100mN[38;2;255;245;99mN[38;2;255;242;93mN[38;2;255;243;97mN[38;2;255;243;101mN[38;2;255;232;81mX[38;2;253;232;106mX[38;2;230;214;100mK[38;2;98;91;40m;[38;2;74;94;112m;[38;2;23;12;2m [38;2;4;5;0m [38;2;1;8;0m [38;2;0;5;0m [38;2;17;44;33m.[38;2;9;53;65m.[38;2;12;51;55m.[38;2;9;23;23m [38;2;12;29;35m [38;2;17;44;51m.[38;2;11;35;47m [38;2;11;46;62m.[38;2;11;45;58m.[38;2;11;48;63m.[38;2;13;47;71m.[38;2;13;38;45m.[0m
[0m[38;2;18;49;58m.[38;2;3;45;62m.[38;2;2;45;52m.[38;2;3;45;53m.[38;2;3;22;39m [38;2;62;113;166m:[38;2;61;133;120m:[38;2;0;11;19m [38;2;3;46;57m.[38;2;5;48;58m.[38;2;4;50;55m.[38;2;4;49;61m.[38;2;7;44;49m.[38;2;2;40;47m.[38;2;2;37;39m [38;2;0;28;32m [38;2;4;30;33m [38;2;0;10;6m [38;2;4;18;19m [38;2;0;9;12m [38;2;0;2;1m [38;2;0;3;3m [38;2;0;3;0m [38;2;0;3;2m [38;2;2;4;0m [38;2;2;5;0m [38;2;0;2;1m [38;2;57;79;83m'[38;2;50;69;68m.[38;2;40;40;45m.[38;2;32;43;36m.[38;2;57;55;50m.[38;2;201;167;84mx[38;2;202;150;46md[38;2;171;120;40ml[38;2;142;103;36m:[38;2;88;65;19m'[38;2;110;94;84m;[38;2;212;180;101mO[38;2;193;149;53md[38;2;188;136;52mo[38;2;160;126;46ml[38;2;157;114;39mc[38;2;122;108;65m:[38;2;80;66;50m'[38;2;147;129;97ml[38;2;186;123;33ml[38;2;106;62;13m'[38;2;222;134;33md[38;2;252;211;80mK[38;2;255;250;107mN[38;2;255;244;95mN[38;2;255;243;106mN[38;2;255;244;103mN[38;2;255;243;101mN[38;2;255;243;101mN[38;2;255;242;95mN[38;2;255;240;91mN[38;2;255;242;93mN[38;2;255;244;96mN[38;2;244;178;57mO[38;2;254;234;83mX[38;2;255;245;96mN[38;2;255;247;92mN[38;2;217;193;78mO[38;2;57;43;17m.[38;2;1;3;0m [38;2;0;5;0m [38;2;18;43;34m.[38;2;6;55;71m.[38;2;5;27;32m [38;2;22;34;33m.[38;2;6;24;29m [38;2;6;21;24m [38;2;9;23;28m [38;2;11;36;37m [38;2;15;40;57m.[38;2;12;38;54m.[38;2;16;42;59m.[38;2;11;27;45m [0m
[0m[38;2;22;54;61m.[38;2;7;49;60m.[38;2;2;38;52m [38;2;3;44;57m.[38;2;1;27;41m [38;2;52;98;149m;[38;2;60;134;125mc[38;2;0;14;14m [38;2;6;24;29m [38;2;0;21;22m [38;2;0;17;18m [38;2;2;15;10m [38;2;0;7;4m [38;2;0;6;0m [38;2;0;5;1m [38;2;0;6;1m [38;2;5;21;32m [38;2;4;27;44m [38;2;6;33;44m [38;2;0;17;19m [38;2;145;163;166mx[38;2;149;171;174mx[38;2;140;156;152md[38;2;141;154;159md[38;2;136;156;155md[38;2;143;163;156md[38;2;44;67;68m.[38;2;206;224;235mX[38;2;200;214;210mK[38;2;206;218;222mX[38;2;200;219;222mK[38;2;197;223;230mX[38;2;155;171;184mx[38;2;52;55;59m.[38;2;27;53;55m.[38;2;34;73;73m.[38;2;45;73;92m'[38;2;165;183;181mk[38;2;133;125;92ml[38;2;124;103;50m:[38;2;128;108;38m:[38;2;65;57;35m.[38;2;43;89;96m,[38;2;81;157;143ml[38;2;32;58;74m.[38;2;221;164;59mk[38;2;211;124;17mo[38;2;188;125;36mo[38;2;118;71;18m,[38;2;228;157;42mx[38;2;255;252;116mN[38;2;255;247;96mN[38;2;255;242;103mN[38;2;255;239;106mN[38;2;255;240;108mN[38;2;255;242;94mN[38;2;255;239;94mN[38;2;255;238;89mX[38;2;255;239;91mN[38;2;255;235;86mX[38;2;255;238;96mN[38;2;242;182;56mO[38;2;255;239;96mN[38;2;255;233;85mX[38;2;255;244;85mN[38;2;235;219;93mK[38;2;54;39;16m.[38;2;0;1;0m [38;2;14;47;39m.[38;2;19;53;64m.[38;2;2;5;9m [38;2;17;50;46m.[38;2;20;51;68m.[38;2;16;42;55m.[38;2;7;27;39m [38;2;0;16;16m [38;2;13;27;31m [38;2;14;40;49m.[38;2;21;40;49m.[38;2;24;42;42m.[0m
[0m[38;2;17;28;36m [38;2;11;25;32m [38;2;9;20;22m [38;2;3;15;29m [38;2;9;36;58m.[38;2;50;88;141m,[38;2;74;144;145ml[38;2;0;14;3m [38;2;0;7;3m [38;2;16;21;23m [38;2;6;17;20m [38;2;10;28;26m [38;2;0;9;2m [38;2;4;10;0m [38;2;0;10;2m [38;2;3;8;2m [38;2;3;27;38m [38;2;10;46;64m.[38;2;13;49;57m.[38;2;9;32;37m [38;2;17;40;44m.[38;2;20;48;59m.[38;2;21;45;37m.[38;2;31;54;56m.[38;2;23;52;53m.[38;2;26;53;46m.[38;2;0;5;3m [38;2;30;76;95m'[38;2;27;73;69m.[38;2;56;77;71m'[38;2;49;95;113m,[38;2;39;99;109m,[38;2;102;115;98m:[38;2;117;96;52m;[38;2;128;120;71mc[38;2;91;92;72m;[38;2;43;56;76m.[38;2;89;138;186ml[38;2;109;180;234mx[38;2;70;107;159m:[38;2;53;60;78m.[38;2;9;21;29m [38;2;32;58;60m.[38;2;93;150;133ml[38;2;43;51;54m.[38;2;206;151;47md[38;2;190;115;23ml[38;2;180;121;39ml[38;2;43;25;12m [38;2;137;76;22m;[38;2;255;229;93mX[38;2;255;240;94mN[38;2;255;237;97mN[38;2;255;236;85mX[38;2;255;236;96mX[38;2;255;237;99mN[38;2;255;237;87mX[38;2;255;237;90mX[38;2;255;237;87mX[38;2;255;235;89mX[38;2;255;234;101mX[38;2;255;235;85mX[38;2;255;232;88mX[38;2;255;233;82mX[38;2;255;231;89mX[38;2;255;246;85mN[38;2;192;167;87mx[38;2;0;0;0m [38;2;17;50;43m.[38;2;19;45;50m.[38;2;7;6;2m [38;2;21;50;63m.[38;2;17;31;51m.[38;2;22;51;64m.[38;2;18;49;78m.[38;2;23;54;65m.[38;2;0;9;12m [38;2;5;10;11m [38;2;3;15;16m [38;2;3;5;2m [0m
