[0m[38;2;21;50;46m.[38;2;10;45;54m.[38;2;11;40;33m.[38;2;2;17;3m [38;2;8;38;47m.[38;2;5;27;36m [38;2;73;155;151ml[38;2;17;38;37m.[38;2;0;4;2m [38;2;0;10;0m [38;2;1;12;4m [38;2;6;23;14m [38;2;8;24;25m [38;2;2;13;19m [38;2;127;165;199mx[38;2;103;107;124m:[38;2;2;9;11m [38;2;10;49;55m.[38;2;11;46;71m.[38;2;4;45;66m.[38;2;12;48;71m.[38;2;15;48;63m.[38;2;6;49;77m.[38;2;5;48;62m.[38;2;9;45;73m.[38;2;9;34;65m.[38;2;83;159;203mo[38;2;14;22;40m [38;2;41;77;118m'[38;2;49;102;130m;[38;2;50;93;123m,[38;2;25;59;80m.[38;2;8;41;83m.[38;2;12;44;86m.[38;2;8;34;68m.[38;2;63;113;155m:[38;2;43;66;83m.[38;2;71;156;188mo[38;2;54;96;133m;[38;2;10;37;77m.[38;2;3;40;42m [38;2;36;56;121m.[38;2;130;155;162md[38;2;11;38;67m.[38;2;0;23;35m [38;2;18;36;95m.[38;2;190;244;255mN[38;2;39;85;106m'[38;2;52;99;118m;[38;2;37;69;101m.[38;2;14;23;35m [38;2;14;46;63m.[38;2;6;28;40m [38;2;10;42;56m.[38;2;7;44;62m.[38;2;9;36;40m [38;2;14;49;61m.[38;2;2;13;22m [38;2;67;98;163m;[38;2;13;35;54m.[38;2;3;28;59m [38;2;8;36;62m.[38;2;13;35;64m.[38;2;10;48;93m.[38;2;4;40;69m.[38;2;11;42;64m.[38;2;4;34;48m [38;2;15;47;57m.[38;2;6;44;53m.[38;2;11;53;65m.[38;2;0;29;29m [38;2;11;46;51m.[38;2;7;48;43m.[38;2;2;4;4m [38;2;9;28;30m [38;2;8;39;41m.[38;2;9;39;44m.[38;2;10;40;32m.[38;2;13;43;47m.[38;2;3;44;47m.[0m
[0m[38;2;21;46;47m.[38;2;7;43;46m.[38;2;9;32;27m [38;2;0;11;12m [38;2;4;37;43m [38;2;2;30;28m [38;2;79;149;151ml[38;2;7;26;24m [38;2;1;6;4m [38;2;0;5;0m [38;2;0;3;0m [38;2;0;2;0m [38;2;0;2;0m [38;2;25;42;62m.[38;2;199;222;242mX[38;2;14;13;19m [38;2;6;13;16m [38;2;4;18;23m [38;2;5;21;31m [38;2;7;27;42m [38;2;6;31;63m [38;2;6;39;70m.[38;2;4;42;81m.[38;2;10;46;92m.[38;2;10;48;86m.[38;2;6;41;81m.[38;2;42;89;141m,[38;2;15;27;52m [38;2;11;41;93m.[38;2;7;42;84m.[38;2;12;44;97m.[38;2;21;55;100m.[38;2;15;50;105m.[38;2;20;54;102m.[38;2;23;58;95m.[38;2;45;80;116m'[38;2;40;63;82m.[38;2;70;148;184ml[38;2;80;145;181ml[38;2;14;46;81m.[38;2;2;22;44m [38;2;41;69;145m'[38;2;120;139;156mo[38;2;9;33;69m.[38;2;3;25;42m [38;2;15;35;111m.[38;2;193;239;255mN[38;2;7;14;25m [38;2;62;133;160mc[38;2;77;160;195mo[38;2;36;77;99m'[38;2;41;71;109m'[38;2;6;31;50m [38;2;33;75;101m'[38;2;12;35;53m.[38;2;5;20;48m [38;2;11;38;65m.[38;2;1;13;44m [38;2;90;129;199ml[38;2;8;31;58m [38;2;8;25;59m [38;2;5;35;60m [38;2;52;78;101m'[38;2;55;64;78m.[38;2;56;74;101m'[38;2;53;71;84m'[38;2;43;66;73m.[38;2;34;58;66m.[38;2;15;48;58m.[38;2;3;44;55m.[38;2;0;25;28m [38;2;10;46;47m.[38;2;3;33;31m [38;2;1;6;3m [38;2;4;32;33m [38;2;9;29;36m [38;2;7;30;38m [38;2;7;33;31m [38;2;11;39;44m.[38;2;3;39;43m [0m
[0m[38;2;26;48;54m.[38;2;11;43;53m.[38;2;14;34;33m [38;2;1;10;14m [38;2;5;40;52m.[38;2;2;27;36m [38;2;81;152;154ml[38;2;4;15;23m [38;2;5;23;27m [38;2;9;23;27m [38;2;7;22;26m [38;2;8;23;39m [38;2;0;2;11m [38;2;147;178;207mk[38;2;92;106;129m:[38;2;5;25;48m [38;2;6;30;61m [38;2;0;3;11m [38;2;3;5;31m [38;2;1;4;28m [38;2;2;7;23m [38;2;0;5;34m [38;2;0;11;32m [38;2;6;15;47m [38;2;6;24;59m [38;2;5;30;83m [38;2;14;36;84m.[38;2;5;12;57m [38;2;19;49;119m.[38;2;21;52;115m.[38;2;12;53;120m.[38;2;15;53;118m.[38;2;15;47;113m.[38;2;10;49;116m.[38;2;9;38;97m.[38;2;74;125;185mc[38;2;36;57;86m.[38;2;28;55;108m.[38;2;42;91;136m,[38;2;33;75;131m'[38;2;16;29;69m.[38;2;45;79;150m,[38;2;92;125;145mc[38;2;7;34;65m.[38;2;6;17;44m [38;2;10;28;105m.[38;2;205;245;255mN[38;2;0;8;28m [38;2;17;53;77m.[38;2;87;167;196md[38;2;34;58;84m.[38;2;74;133;177mc[38;2;4;21;67m [38;2;49;96;133m,[38;2;79;161;194mo[38;2;15;41;67m.[38;2;25;47;81m.[38;2;22;51;84m.[38;2;113;165;235mx[38;2;7;28;81m [38;2;17;28;135m.[38;2;5;25;122m.[38;2;65;94;195m;[38;2;72;94;157m;[38;2;67;93;141m;[38;2;65;88;126m,[38;2;64;88;111m,[38;2;50;74;100m'[38;2;80;103;120m;[38;2;52;76;101m'[38;2;5;27;25m [38;2;9;19;28m [38;2;6;13;17m [38;2;8;32;46m [38;2;14;46;58m.[38;2;11;30;35m [38;2;19;40;46m.[38;2;7;24;22m [38;2;15;40;48m.[38;2;6;37;43m [0m
[0m[38;2;29;51;57m.[38;2;14;44;64m.[38;2;8;35;38m [38;2;7;15;17m [38;2;8;44;49m.[38;2;4;32;32m [38;2;83;143;163ml[38;2;11;32;40m [38;2;1;4;9m [38;2;14;40;49m.[38;2;3;15;27m [38;2;11;27;45m [38;2;76;97;132m;[38;2;197;217;230mK[38;2;2;13;53m [38;2;15;44;95m.[38;2;7;34;83m.[38;2;9;39;97m.[38;2;11;36;121m.[38;2;9;30;90m.[38;2;11;19;66m [38;2;38;51;90m.[38;2;36;52;100m.[38;2;35;49;101m.[38;2;35;47;90m.[38;2;33;48;95m.[38;2;38;49;92m.[38;2;33;41;85m.[38;2;18;28;97m.[38;2;33;47;98m.[38;2;23;35;98m.[38;2;9;24;81m [38;2;8;33;100m.[38;2;13;36;115m.[38;2;15;43;104m.[38;2;28;63;130m.[38;2;24;38;72m.[38;2;15;49;108m.[38;2;21;49;113m.[38;2;14;48;105m.[38;2;0;10;58m [38;2;74;112;191m:[38;2;87;109;137m:[38;2;43;79;119m'[38;2;44;80;94m'[38;2;9;18;69m [38;2;218;255;255mW[38;2;7;14;33m [38;2;5;25;70m [38;2;57;112;145m:[38;2;44;67;94m.[38;2;40;84;121m'[38;2;36;72;127m'[38;2;9;26;70m [38;2;80;151;182ml[38;2;18;43;62m.[38;2;14;30;83m.[38;2;62;134;179mc[38;2;102;151;223mo[38;2;3;31;189m.[38;2;54;143;247ml[38;2;74;195;255mx[38;2;49;168;255mo[38;2;11;114;243m;[38;2;11;67;216m'[38;2;12;42;162m.[38;2;6;43;98m.[38;2;9;42;78m.[38;2;8;28;59m [38;2;100;125;163ml[38;2;20;30;47m [38;2;6;23;27m [38;2;8;41;56m.[38;2;7;49;63m.[38;2;12;36;39m.[38;2;2;4;3m [38;2;45;62;63m.[38;2;24;55;56m.[38;2;10;40;46m.[38;2;8;36;42m [0m
[0m[38;2;22;49;52m.[38;2;10;44;52m.[38;2;6;30;29m [38;2;10;16;21m [38;2;8;43;61m.[38;2;2;27;48m [38;2;80;142;162ml[38;2;19;36;53m.[38;2;11;33;53m [38;2;4;15;30m [38;2;6;21;46m [38;2;18;39;87m.[38;2;212;237;251mN[38;2;47;60;98m.[38;2;9;38;102m.[38;2;15;48;127m.[38;2;6;29;124m.[38;2;12;54;168m.[38;2;16;66;199m'[38;2;2;25;150m.[38;2;62;102;193m:[38;2;140;202;246mO[38;2;144;189;242mO[38;2;132;185;239mk[38;2;133;176;233mk[38;2;132;183;240mk[38;2;117;158;229md[38;2;147;153;229mx[38;2;92;123;217ml[38;2;113;161;232md[38;2;102;132;199ml[38;2;110;130;182ml[38;2;58;76;146m,[38;2;87;94;137m;[38;2;22;29;84m.[38;2;1;8;71m [38;2;0;12;57m [38;2;8;28;93m.[38;2;11;30;76m.[38;2;11;31;76m.[38;2;4;20;80m [38;2;112;159;236md[38;2;47;68;95m'[38;2;14;40;87m.[38;2;66;112;148m:[38;2;12;22;65m [38;2;209;250;255mW[38;2;15;25;52m [38;2;27;57;92m.[38;2;31;63;91m.[38;2;50;84;108m,[38;2;12;30;61m [38;2;60;109;146m:[38;2;7;32;70m.[38;2;37;74;115m'[38;2;26;50;73m.[38;2;15;42;92m.[38;2;16;69;138m.[38;2;112;160;230md[38;2;8;76;245m'[38;2;80;203;255mk[38;2;113;255;255mK[38;2;96;255;255mK[38;2;122;255;255mX[38;2;8;169;255ml[38;2;1;55;233m.[38;2;15;37;141m.[38;2;5;40;89m.[38;2;12;35;67m.[38;2;49;56;102m.[38;2;65;86;126m,[38;2;10;43;60m.[38;2;9;44;65m.[38;2;10;37;42m.[38;2;36;42;43m.[38;2;32;56;54m.[38;2;23;50;52m.[38;2;7;43;51m.[38;2;7;44;51m.[38;2;9;38;43m.[0m
[0m[38;2;20;48;49m.[38;2;10;44;61m.[38;2;7;31;26m [38;2;4;21;24m [38;2;8;42;61m.[38;2;2;28;43m [38;2;81;146;168ml[38;2;8;18;27m [38;2;34;70;92m.[38;2;34;64;91m.[38;2;17;29;71m.[38;2;122;164;207md[38;2;114;128;169ml[38;2;18;46;101m.[38;2;24;66;151m.[38;2;24;78;196m,[38;2;1;74;231m'[38;2;17;128;246m:[38;2;5;134;253m:[38;2;2;118;243m;[38;2;5;109;247m;[38;2;7;120;245m:[38;2;15;109;245m;[38;2;8;79;235m,[38;2;11;76;233m'[38;2;7;76;238m'[38;2;6;64;230m'[38;2;12;78;228m'[38;2;10;59;211m.[38;2;4;50;205m.[38;2;3;60;214m.[38;2;19;65;212m'[38;2;28;71;209m'[38;2;106;127;218ml[38;2;181;208;240mK[38;2;87;95;153m:[38;2;6;14;104m [38;2;3;18;110m [38;2;1;16;60m [38;2;0;4;28m [38;2;11;37;112m.[38;2;139;189;251mO[38;2;5;11;26m [38;2;5;15;28m [38;2;16;30;62m.[38;2;14;34;97m.[38;2;218;254;255mW[38;2;1;11;29m [38;2;7;40;84m.[38;2;8;41;84m.[38;2;48;89;127m,[38;2;15;31;46m [38;2;21;61;97m.[38;2;23;56;98m.[38;2;23;58;88m.[38;2;28;53;92m.[38;2;13;37;86m.[38;2;14;45;122m.[38;2;115;157;226md[38;2;11;95;254m;[38;2;77;207;255mk[38;2;120;255;255mX[38;2;82;255;255mK[38;2;121;255;255mX[38;2;1;186;255mo[38;2;1;72;254m'[38;2;4;39;169m.[38;2;9;54;111m.[38;2;3;25;52m [38;2;42;64;112m.[38;2;63;85;130m,[38;2;7;49;53m.[38;2;13;35;43m.[38;2;32;51;55m.[38;2;35;57;56m.[38;2;9;40;48m.[38;2;9;43;55m.[38;2;8;43;55m.[38;2;8;41;53m.[38;2;15;38;41m.[0m
[0m[38;2;21;46;50m.[38;2;10;46;61m.[38;2;1;22;25m [38;2;5;23;28m [38;2;9;42;62m.[38;2;4;27;48m [38;2;82;144;176ml[38;2;0;6;20m [38;2;11;42;78m.[38;2;7;34;70m.[38;2;27;50;137m.[38;2;174;199;228m0[38;2;6;15;56m [38;2;52;120;199m:[38;2;69;138;227ml[38;2;74;160;252mo[38;2;1;186;255mo[38;2;156;255;255mX[38;2;107;247;255mK[38;2;97;244;255m0[38;2;89;249;255m0[38;2;76;242;255m0[38;2;79;235;255mO[38;2;72;217;255mk[38;2;52;212;255mk[38;2;29;190;255md[38;2;6;171;255ml[38;2;8;178;255mo[38;2;2;162;255ml[38;2;5;142;255mc[38;2;5;131;255m:[38;2;2;119;253m:[38;2;3;109;252m;[38;2;1;51;224m.[38;2;22;85;242m,[38;2;184;236;255mX[38;2;43;71;209m,[38;2;22;73;201m'[38;2;8;23;122m.[38;2;4;19;90m [38;2;19;53;169m.[38;2;142;209;255m0[38;2;2;6;27m [38;2;18;46;100m.[38;2;0;9;56m [38;2;11;47;138m.[38;2;205;247;255mN[38;2;0;0;0m [38;2;1;10;14m [38;2;5;9;24m [38;2;6;16;25m [38;2;5;19;32m [38;2;5;30;59m [38;2;8;35;60m.[38;2;11;40;74m.[38;2;15;52;96m.[38;2;7;22;62m [38;2;29;67;138m.[38;2;86;127;214ml[38;2;25;78;231m,[38;2;51;182;255md[38;2;103;233;255m0[38;2;101;255;255mK[38;2;133;255;255mX[38;2;9;173;255ml[38;2;0;55;232m.[38;2;2;16;120m [38;2;6;31;87m.[38;2;10;30;46m [38;2;42;72;119m'[38;2;67;93;120m;[38;2;3;12;12m [38;2;28;46;56m.[38;2;12;35;40m [38;2;9;35;50m [38;2;10;38;49m.[38;2;11;43;59m.[38;2;7;43;50m.[38;2;7;37;47m.[38;2;13;42;55m.[0m
[0m[38;2;20;49;52m.[38;2;8;46;56m.[38;2;4;23;26m [38;2;2;26;32m [38;2;11;43;62m.[38;2;2;24;53m [38;2;93;153;176mo[38;2;0;7;24m [38;2;13;44;78m.[38;2;5;23;70m [38;2;94;140;213mo[38;2;73;85;116m,[38;2;4;41;131m.[38;2;19;62;183m.[38;2;71;162;252md[38;2;70;182;255mx[38;2;1;201;255md[38;2;170;255;255mN[38;2;115;255;255mK[38;2;119;255;255mX[38;2;119;255;255mK[38;2;126;255;255mX[38;2;156;255;255mX[38;2;177;255;255mN[38;2;173;255;255mN[38;2;163;255;255mN[38;2;107;255;255mK[38;2;125;251;255mK[38;2;119;249;255mK[38;2;111;251;255mK[38;2;92;243;255m0[38;2;86;240;255m0[38;2;64;228;255mO[38;2;45;203;255mx[38;2;10;172;255ml[38;2;84;236;255m0[38;2;89;164;250md[38;2;5;82;249m,[38;2;7;35;172m.[38;2;2;30;151m.[38;2;35;83;197m,[38;2;158;211;246m0[38;2;2;13;48m [38;2;15;61;113m.[38;2;3;20;59m [38;2;8;35;132m.[38;2;196;240;255mN[38;2;1;3;8m [38;2;2;16;44m [38;2;11;31;71m.[38;2;5;29;55m [38;2;7;19;40m [38;2;0;7;13m [38;2;1;3;9m [38;2;1;3;5m [38;2;4;8;18m [38;2;1;10;19m [38;2;7;15;40m [38;2;86;123;191mc[38;2;11;31;130m.[38;2;7;39;168m.[38;2;10;81;220m,[38;2;15;120;230m:[38;2;41;148;235ml[38;2;3;65;204m.[38;2;0;12;123m [38;2;0;10;53m [38;2;0;11;28m [38;2;1;4;4m [38;2;66;87;128m,[38;2;46;54;92m.[38;2;19;31;39m [38;2;13;48;60m.[38;2;11;42;53m.[38;2;7;37;46m.[38;2;8;38;48m.[38;2;8;35;42m [38;2;8;40;49m.[38;2;8;42;55m.[38;2;8;44;51m.[0m
[0m[38;2;22;50;54m.[38;2;13;45;57m.[38;2;7;25;26m [38;2;10;27;36m [38;2;6;43;55m.[38;2;0;28;43m [38;2;96;154;169mo[38;2;1;8;24m [38;2;8;43;80m.[38;2;22;40;102m.[38;2;127;186;241mk[38;2;9;19;52m [38;2;15;50;153m.[38;2;6;46;168m.[38;2;55;146;251ml[38;2;62;187;255mx[38;2;0;211;255md[38;2;198;255;255mW[38;2;133;255;255mX[38;2;127;255;255mX[38;2;133;255;255mX[38;2;138;255;255mX[38;2;143;255;255mX[38;2;149;255;255mX[38;2;153;255;255mX[38;2;164;255;255mN[38;2;128;255;255mX[38;2;171;255;255mN[38;2;163;255;255mN[38;2;162;255;255mN[38;2;166;255;255mN[38;2;165;255;255mN[38;2;169;255;255mN[38;2;172;255;255mN[38;2;152;255;255mX[38;2;194;255;255mN[38;2;40;232;255mk[38;2;19;148;255mc[38;2;19;103;248m;[38;2;2;37;188m.[38;2;75;134;236ml[38;2;147;169;212mx[38;2;13;30;88m.[38;2;17;58;144m.[38;2;5;29;145m.[38;2;3;34;174m.[38;2;186;224;255mX[38;2;0;5;97m [38;2;15;47;148m.[38;2;9;55;161m.[38;2;3;27;97m [38;2;10;29;75m [38;2;24;37;60m.[38;2;106;125;138mc[38;2;96;117;128mc[38;2;94;120;126mc[38;2;88;105;113m:[38;2;50;67;74m.[38;2;94;115;135mc[38;2;36;52;71m.[38;2;41;54;89m.[38;2;24;30;60m.[38;2;4;15;65m [38;2;3;32;73m [38;2;0;13;67m [38;2;0;11;35m [38;2;1;7;25m [38;2;2;1;19m [38;2;2;1;1m [38;2;99;126;149mc[38;2;19;46;64m.[38;2;7;39;42m.[38;2;7;40;43m.[38;2;6;44;45m.[38;2;10;46;48m.[38;2;7;31;34m [38;2;9;39;42m.[38;2;11;43;50m.[38;2;10;43;48m.[38;2;10;42;50m.[0m
[0m[38;2;20;41;44m.[38;2;10;37;53m.[38;2;9;22;29m [38;2;9;25;30m [38;2;6;44;58m.[38;2;2;29;47m [38;2;91;153;165mo[38;2;2;13;25m [38;2;7;35;66m.[38;2;27;55;135m.[38;2;149;203;245m0[38;2;6;21;59m [38;2;9;53;147m.[38;2;13;62;178m.[38;2;18;94;239m;[38;2;65;189;255mx[38;2;0;219;255mx[38;2;213;255;255mW[38;2;156;255;255mX[38;2;143;255;255mX[38;2;140;255;255mX[38;2;145;255;255mX[38;2;144;255;255mX[38;2;143;255;255mX[38;2;172;255;255mN[38;2;179;255;255mN[38;2;127;255;255mX[38;2;193;255;255mN[38;2;174;255;255mN[38;2;162;255;255mN[38;2;177;255;255mN[38;2;166;255;255mN[38;2;149;255;255mX[38;2;159;255;255mN[38;2;160;255;255mN[38;2;221;255;255mW[38;2;35;251;255mO[38;2;20;197;255md[38;2;3;80;252m,[38;2;3;60;225m.[38;2;118;203;254mO[38;2;116;134;178mo[38;2;36;104;170m;[38;2;44;116;211m:[38;2;42;130;245mc[38;2;128;219;255m0[38;2;120;215;255mO[38;2;91;168;252md[38;2;96;204;255mk[38;2;94;172;255mx[38;2;40;135;235mc[38;2;5;45;194m.[38;2;5;19;62m [38;2;11;31;55m [38;2;4;12;14m [38;2;3;15;14m [38;2;16;39;50m.[38;2;1;27;54m [38;2;84;113;143m:[38;2;4;23;58m [38;2;4;21;71m [38;2;142;167;207mx[38;2;20;32;79m.[38;2;7;40;92m.[38;2;0;14;61m [38;2;0;15;40m [38;2;0;8;24m [38;2;1;6;12m [38;2;0;0;3m [38;2;131;160;210mx[38;2;5;28;38m [38;2;1;7;9m [38;2;19;44;56m.[38;2;11;45;51m.[38;2;14;47;50m.[38;2;13;48;54m.[38;2;8;30;37m [38;2;22;48;51m.[38;2;9;36;46m.[38;2;14;42;56m.[0m
[0m[38;2;36;70;69m.[38;2;31;64;74m.[38;2;36;74;82m.[38;2;8;22;31m [38;2;11;47;56m.[38;2;3;27;47m [38;2;85;145;176ml[38;2;7;16;28m [38;2;26;56;79m.[38;2;28;57;133m.[38;2;149;185;214mk[38;2;24;46;85m.[38;2;32;67;134m'[38;2;37;73;166m'[38;2;28;90;224m,[38;2;51;157;253mo[38;2;7;215;255mx[38;2;153;243;255mX[38;2;140;255;255mX[38;2;143;255;255mX[38;2;140;255;255mX[38;2;166;255;255mN[38;2;176;255;255mN[38;2;173;255;255mN[38;2;195;255;255mN[38;2;205;255;255mW[38;2;126;255;255mX[38;2;211;255;255mW[38;2;191;255;255mN[38;2;178;255;255mN[38;2;172;255;255mN[38;2;172;255;255mN[38;2;162;255;255mN[38;2;157;255;255mX[38;2;177;255;255mN[38;2;218;255;255mW[38;2;97;247;255mK[38;2;129;220;255m0[38;2;128;160;238mx[38;2;142;149;213md[38;2;219;238;204mN[38;2;189;181;148mk[38;2;178;174;145mk[38;2;216;203;152m0[38;2;241;228;182mN[38;2;255;235;174mN[38;2;239;224;193mX[38;2;240;232;206mN[38;2;246;231;205mN[38;2;255;235;204mN[38;2;220;239;214mN[38;2;166;174;196mk[38;2;178;161;108mx[38;2;150;133;99mo[38;2;119;112;74m:[38;2;106;110;87m:[38;2;35;43;49m.[38;2;6;32;86m.[38;2;111;153;227md[38;2;10;52;150m.[38;2;28;72;200m'[38;2;56;164;243mo[38;2;42;120;220m:[38;2;16;116;225m:[38;2;0;60;184m.[38;2;0;22;128m [38;2;0;11;69m [38;2;0;9;29m [38;2;42;48;83m.[38;2;87;118;154mc[38;2;7;45;56m.[38;2;1;16;11m [38;2;14;42;50m.[38;2;6;28;32m [38;2;10;39;45m.[38;2;9;29;34m [38;2;10;32;38m [38;2;18;45;49m.[38;2;30;55;60m.[38;2;23;55;57m.[0m
[0m[38;2;13;51;54m.[38;2;11;44;59m.[38;2;11;44;55m.[38;2;0;25;34m [38;2;11;48;61m.[38;2;4;30;39m [38;2;81;134;162mc[38;2;3;11;23m [38;2;10;34;67m.[38;2;24;38;112m.[38;2;201;233;240mX[38;2;1;9;35m [38;2;4;32;94m.[38;2;52;100;162m;[38;2;13;63;146m.[38;2;19;62;201m'[38;2;50;144;243ml[38;2;9;102;243m;[38;2;4;159;255ml[38;2;9;172;255ml[38;2;11;190;255mo[38;2;37;200;255mx[38;2;51;216;255mk[38;2;52;222;255mk[38;2;57;225;255mk[38;2;82;227;255mO[38;2;41;243;255mO[38;2;97;235;255m0[38;2;104;250;255mK[38;2;109;249;255mK[38;2;122;251;255mK[38;2;127;250;255mK[38;2;134;250;255mX[38;2;185;255;255mN[38;2;202;252;255mN[38;2;226;233;255mN[38;2;222;217;247mX[38;2;233;221;233mN[38;2;233;216;206mX[38;2;245;222;180mX[38;2;247;229;177mN[38;2;252;225;162mX[38;2;236;206;139mK[38;2;255;230;139mN[38;2;255;227;126mX[38;2;255;228;127mX[38;2;255;227;114mX[38;2;255;226;107mX[38;2;255;225;109mX[38;2;255;225;110mX[38;2;255;226;114mX[38;2;255;229;110mX[38;2;255;223;102mX[38;2;254;228;103mX[38;2;241;201;85m0[38;2;255;241;123mN[38;2;234;223;134mX[38;2;133;121;96ml[38;2;89;119;201mc[38;2;18;109;238m;[38;2;109;179;255mx[38;2;109;229;255m0[38;2;138;255;255mX[38;2;201;255;255mW[38;2;0;210;255md[38;2;0;68;247m'[38;2;0;14;140m [38;2;0;2;34m [38;2;138;176;218mk[38;2;18;44;62m.[38;2;11;52;64m.[38;2;1;15;15m [38;2;7;35;52m [38;2;35;76;88m'[38;2;18;56;91m.[38;2;26;64;92m.[38;2;7;26;34m [38;2;89;99;95m;[38;2;42;63;60m.[38;2;25;68;62m.[0m
[0m[38;2;14;48;49m.[38;2;11;45;56m.[38;2;7;47;55m.[38;2;1;27;35m [38;2;12;46;57m.[38;2;6;27;46m [38;2;85;150;166ml[38;2;8;29;43m [38;2;13;43;67m.[38;2;7;12;58m [38;2;193;217;252mK[38;2;25;36;62m.[38;2;4;37;87m.[38;2;24;66;110m.[38;2;65;136;171mc[38;2;3;31;120m.[38;2;63;124;206mc[38;2;5;29;143m.[38;2;7;72;203m'[38;2;17;82;209m,[38;2;18;80;221m,[38;2;15;88;234m,[38;2;21;98;237m;[38;2;4;95;243m,[38;2;10;109;248m;[38;2;8;108;248m;[38;2;23;138;251mc[38;2;10;114;249m;[38;2;5;145;251mc[38;2;3;125;251m:[38;2;40;150;253ml[38;2;155;234;251mK[38;2;215;243;251mN[38;2;228;217;241mX[38;2;171;166;244mk[38;2;162;165;236mk[38;2;138;108;176ml[38;2;148;130;155mo[38;2;161;131;133mo[38;2;158;123;108ml[38;2;145;115;93mc[38;2;151;114;91ml[38;2;157;124;72ml[38;2;255;241;152mN[38;2;255;227;110mX[38;2;255;226;115mX[38;2;255;224;103mX[38;2;255;225;102mX[38;2;255;227;106mX[38;2;255;227;107mX[38;2;255;223;105mX[38;2;255;225;104mX[38;2;255;226;100mX[38;2;255;230;107mX[38;2;249;221;109mX[38;2;235;194;99m0[38;2;238;200;120m0[38;2;255;246;167mW[38;2;230;208;160mK[38;2;132;164;229mx[38;2;125;191;255mk[38;2;38;238;255mO[38;2;197;255;255mW[38;2;203;255;255mW[38;2;1;227;255mx[38;2;1;90;255m,[38;2;0;12;138m [38;2;34;49;111m.[38;2;106;137;163ml[38;2;6;40;65m.[38;2;17;50;65m.[38;2;4;15;19m [38;2;10;34;45m [38;2;29;43;52m.[38;2;19;33;44m.[38;2;49;102;108m;[38;2;5;26;26m [38;2;130;147;141mo[38;2;55;93;83m,[38;2;24;69;74m.[0m
[0m[38;2;20;48;48m.[38;2;8;46;56m.[38;2;9;47;57m.[38;2;3;17;29m [38;2;11;45;59m.[38;2;3;27;45m [38;2;75;135;153mc[38;2;6;30;38m [38;2;13;48;66m.[38;2;3;19;34m [38;2;102;129;204ml[38;2;121;136;147ml[38;2;9;26;62m [38;2;3;40;82m.[38;2;44;87;124m,[38;2;47;94;144m,[38;2;59;119;171m:[38;2;6;15;71m [38;2;14;55;133m.[38;2;6;57;139m.[38;2;11;58;151m.[38;2;16;58;155m.[38;2;16;62;172m.[38;2;12;59;171m.[38;2;10;70;183m'[38;2;8;72;194m'[38;2;15;72;197m'[38;2;11;43;172m.[38;2;10;60;201m.[38;2;87;104;210mc[38;2;224;226;219mX[38;2;203;183;181mO[38;2;158;140;165md[38;2;150;121;166mo[38;2;152;125;179mo[38;2;153;138;147mo[38;2;169;136;132md[38;2;120;85;71m;[38;2;95;95;132m:[38;2;127;122;148ml[38;2;15;14;25m [38;2;103;77;85m,[38;2;151;124;92ml[38;2;255;238;129mN[38;2;255;225;108mX[38;2;255;227;105mX[38;2;255;226;103mX[38;2;255;227;101mX[38;2;255;227;101mX[38;2;255;227;103mX[38;2;255;224;92mX[38;2;255;223;98mX[38;2;255;226;98mX[38;2;255;227;101mX[38;2;255;227;101mX[38;2;255;233;104mX[38;2;246;214;110mK[38;2;231;190;119m0[38;2;240;202;128mK[38;2;255;236;191mN[38;2;252;241;226mW[38;2;155;226;254mK[38;2;140;209;255m0[38;2;134;230;255mK[38;2;0;160;255ml[38;2;1;38;211m.[38;2;2;10;81m [38;2;126;147;191md[38;2;10;21;33m [38;2;10;57;77m.[38;2;18;46;65m.[38;2;9;18;20m [38;2;9;27;30m [38;2;69;79;67m'[38;2;59;72;67m'[38;2;23;33;27m.[38;2;0;2;2m [38;2;134;144;139mo[38;2;32;55;50m.[38;2;23;56;59m.[0m
[0m[38;2;20;44;46m.[38;2;7;40;49m.[38;2;11;42;47m.[38;2;2;17;15m [38;2;11;37;44m.[38;2;53;93;118m,[38;2;50;104;107m;[38;2;1;9;21m [38;2;7;35;44m [38;2;5;23;27m [38;2;30;41;102m.[38;2;150;193;237mO[38;2;20;36;43m.[38;2;3;28;48m [38;2;4;22;41m [38;2;49;87;105m,[38;2;41;85;112m'[38;2;0;6;28m [38;2;10;36;71m.[38;2;10;33;75m.[38;2;6;35;84m.[38;2;6;36;85m.[38;2;13;32;90m.[38;2;17;33;92m.[38;2;9;34;100m.[38;2;6;37;99m.[38;2;2;37;90m.[38;2;53;64;111m'[38;2;179;168;163mk[38;2;239;210;164mK[38;2;189;151;108mx[38;2;127;101;114mc[38;2;61;65;108m'[38;2;97;98;119m:[38;2;102;93;103m;[38;2;103;100;124m:[38;2;72;88;122m;[38;2;46;71;136m'[38;2;81;126;223ml[38;2;98;131;173ml[38;2;82;112;141m:[38;2;141;127;134ml[38;2;50;53;75m.[38;2;193;182;132mk[38;2;255;236;109mN[38;2;255;229;107mX[38;2;255;226;105mX[38;2;255;227;100mX[38;2;255;227;104mX[38;2;255;227;102mX[38;2;255;225;99mX[38;2;255;227;91mX[38;2;255;227;100mX[38;2;255;227;101mX[38;2;255;226;95mX[38;2;255;226;96mX[38;2;255;226;99mX[38;2;255;230;105mX[38;2;245;203;90m0[38;2;253;210;123mK[38;2;253;217;140mX[38;2;255;231;163mN[38;2;230;218;176mX[38;2;110;126;169ml[38;2;3;27;133m.[38;2;1;1;72m [38;2;92;116;165mc[38;2;42;52;68m.[38;2;11;19;26m [38;2;16;58;67m.[38;2;13;46;52m.[38;2;7;18;22m [38;2;16;38;44m.[38;2;35;47;48m.[38;2;27;46;51m.[38;2;14;24;35m [38;2;5;22;24m [38;2;83;99;93m;[38;2;21;50;52m.[38;2;25;56;65m.[0m
[0m[38;2;18;46;53m.[38;2;8;46;61m.[38;2;12;29;35m [38;2;4;17;19m [38;2;8;34;49m [38;2;58;113;124m;[38;2;56;100;112m;[38;2;1;8;12m [38;2;1;5;3m [38;2;8;16;17m [38;2;4;13;20m [38;2;56;88;161m,[38;2;120;153;181md[38;2;22;26;26m [38;2;0;1;4m [38;2;0;4;12m [38;2;1;2;7m [38;2;9;24;42m [38;2;8;27;49m [38;2;2;9;22m [38;2;6;10;28m [38;2;57;60;79m.[38;2;79;89;99m;[38;2;102;102;108m:[38;2;101;102;114m:[38;2;85;95;108m;[38;2;125;143;179mo[38;2;202;220;226mX[38;2;99;116;127mc[38;2;73;97;117m;[38;2;47;82;128m,[38;2;40;86;129m,[38;2;54;89;165m;[38;2;66;91;164m;[38;2;38;59;115m.[38;2;42;77;118m'[38;2;60;85;126m,[38;2;68;115;203mc[38;2;99;133;185ml[38;2;94;123;150mc[38;2;127;155;211md[38;2;105;144;204mo[38;2;80;111;218mc[38;2;181;171;150mk[38;2;255;234;86mX[38;2;255;227;99mX[38;2;255;228;102mX[38;2;255;227;97mX[38;2;255;224;94mX[38;2;255;225;94mX[38;2;255;223;101mX[38;2;255;222;100mX[38;2;255;225;94mX[38;2;255;224;88mX[38;2;255;225;89mX[38;2;255;225;90mX[38;2;255;225;91mX[38;2;255;225;95mX[38;2;255;226;102mX[38;2;255;225;106mX[38;2;252;206;93mK[38;2;255;225;108mX[38;2;255;236;104mN[38;2;231;219;114mK[38;2;118;109;75m:[38;2;65;71;95m'[38;2;114;146;178mo[38;2;78;108;111m:[38;2;64;86;86m,[38;2;41;59;67m.[38;2;87;97;105m;[38;2;107;112;110m:[38;2;108;115;116mc[38;2;77;95;99m;[38;2;57;70;78m'[38;2;53;72;84m'[38;2;31;50;52m.[38;2;55;99;102m,[38;2;14;36;45m.[38;2;17;30;39m [0m
[0m[38;2;16;48;49m.[38;2;6;45;56m.[38;2;10;34;31m [38;2;4;18;17m [38;2;9;34;57m.[38;2;61;121;127m:[38;2;45;92;109m,[38;2;2;15;21m [38;2;1;6;6m [38;2;18;44;52m.[38;2;7;27;34m [38;2;9;24;39m [38;2;50;87;152m,[38;2;136;164;208mx[38;2;59;68;70m'[38;2;0;2;5m [38;2;0;2;2m [38;2;10;55;84m.[38;2;8;50;91m.[38;2;3;17;27m [38;2;62;90;98m,[38;2;103;125;136mc[38;2;86;110;116m:[38;2;73;99;110m;[38;2;61;86;102m,[38;2;45;68;100m'[38;2;48;66;112m'[38;2;91;117;160mc[38;2;36;66;127m'[38;2;87;92;152m;[38;2;162;177;161mk[38;2;158;150;130md[38;2;163;164;140mx[38;2;131;128;116ml[38;2;93;84;92m;[38;2;102;131;157ml[38;2;9;30;74m [38;2;121;165;235mx[38;2;66;73;87m'[38;2;88;119;133mc[38;2;102;143;163ml[38;2;137;155;155md[38;2;133;129;136ml[38;2;255;237;126mN[38;2;255;225;103mX[38;2;255;227;101mX[38;2;255;226;93mX[38;2;255;226;92mX[38;2;255;225;93mX[38;2;255;227;91mX[38;2;255;227;95mX[38;2;255;225;88mX[38;2;255;226;89mX[38;2;255;225;86mX[38;2;255;223;89mX[38;2;255;226;89mX[38;2;255;225;81mX[38;2;255;224;81mX[38;2;255;225;86mX[38;2;255;224;80mX[38;2;255;231;87mX[38;2;243;222;79mK[38;2;161;138;88mo[38;2;97;124;123mc[38;2;104;150;164mo[38;2;110;151;163mo[38;2;101;142;152ml[38;2;104;139;138ml[38;2;172;200;200m0[38;2;217;232;233mN[38;2;231;248;250mW[38;2;230;247;248mW[38;2;231;247;249mW[38;2;230;248;249mW[38;2;235;249;250mW[38;2;233;249;251mW[38;2;209;231;229mX[38;2;190;209;208mK[38;2;192;201;200m0[38;2;162;180;178mk[0m
[0m[38;2;22;48;51m.[38;2;8;45;60m.[38;2;5;31;32m [38;2;8;19;24m [38;2;5;31;43m [38;2;68;124;144m:[38;2;42;84;82m'[38;2;4;16;18m [38;2;4;11;16m [38;2;3;21;26m [38;2;9;41;55m.[38;2;4;29;35m [38;2;4;6;10m [38;2;34;55;109m.[38;2;129;168;213mx[38;2;118;133;138ml[38;2;32;35;32m.[38;2;5;39;54m.[38;2;5;47;75m.[38;2;3;30;47m [38;2;5;25;34m [38;2;13;42;68m.[38;2;1;10;25m [38;2;0;5;30m [38;2;0;7;46m [38;2;0;5;75m [38;2;0;22;121m [38;2;18;61;181m.[38;2;6;43;172m.[38;2;149;145;217md[38;2;202;185;208m0[38;2;176;157;160mx[38;2;249;238;199mN[38;2;248;225;161mX[38;2;255;240;153mN[38;2;225;204;121m0[38;2;177;158;113mx[38;2;227;218;162mK[38;2;187;157;95mx[38;2;197;169;90mk[38;2;204;187;102mO[38;2;233;209;107mK[38;2;255;230;117mX[38;2;255;228;106mX[38;2;255;226;105mX[38;2;255;226;102mX[38;2;255;225;104mX[38;2;255;226;96mX[38;2;255;225;96mX[38;2;255;226;92mX[38;2;255;226;90mX[38;2;255;225;92mX[38;2;255;225;92mX[38;2;255;226;90mX[38;2;255;227;93mX[38;2;255;225;89mX[38;2;255;225;89mX[38;2;255;222;85mX[38;2;255;223;87mX[38;2;255;230;81mX[38;2;242;213;81mK[38;2;130;118;83mc[38;2;104;143;168mo[38;2;111;150;161mo[38;2;111;150;158mo[38;2;87;127;133mc[38;2;153;176;171mk[38;2;221;236;237mN[38;2;224;244;247mW[38;2;228;242;245mW[38;2;223;242;244mN[38;2;223;242;244mN[38;2;222;242;244mN[38;2;218;241;243mN[38;2;218;241;243mN[38;2;219;240;246mN[38;2;216;241;243mN[38;2;218;241;244mN[38;2;217;241;242mN[38;2;217;241;243mN[0m
[0m[38;2;26;47;54m.[38;2;8;46;55m.[38;2;8;38;40m.[38;2;5;18;21m [38;2;4;31;48m [38;2;73;141;151ml[38;2;39;82;82m'[38;2;3;12;18m [38;2;12;43;55m.[38;2;5;40;49m.[38;2;6;44;60m.[38;2;5;31;35m [38;2;6;10;10m [38;2;0;8;9m [38;2;9;27;40m [38;2;63;96;133m;[38;2;130;164;203mx[38;2;113;140;156mo[38;2;76;92;99m;[38;2;12;39;60m.[38;2;9;34;64m.[38;2;12;53;85m.[38;2;12;35;64m.[38;2;15;36;80m.[38;2;19;43;101m.[38;2;17;40;160m.[38;2;4;86;232m,[38;2;52;166;255mo[38;2;51;186;255md[38;2;54;180;255md[38;2;109;202;255mO[38;2;66;178;246md[38;2;137;157;248mx[38;2;173;179;223mO[38;2;250;234;210mN[38;2;255;233;175mN[38;2;255;234;163mN[38;2;255;234;154mN[38;2;255;228;135mX[38;2;253;229;107mX[38;2;217;145;50md[38;2;255;236;120mN[38;2;255;226;106mX[38;2;255;224;97mX[38;2;255;225;98mX[38;2;255;225;94mX[38;2;255;226;93mX[38;2;255;224;101mX[38;2;255;221;91mX[38;2;255;226;94mX[38;2;255;227;90mX[38;2;255;226;96mX[38;2;255;228;84mX[38;2;255;226;83mX[38;2;255;229;82mX[38;2;255;227;86mX[38;2;255;225;94mX[38;2;255;222;93mX[38;2;255;227;83mX[38;2;255;243;91mN[38;2;130;95;53m:[38;2;100;150;175mo[38;2;107;143;152ml[38;2;108;149;146mo[38;2;90;125;136mc[38;2;151;184;183mk[38;2;237;251;251mW[38;2;223;242;245mN[38;2;217;241;242mN[38;2;220;242;243mN[38;2;219;241;243mN[38;2;218;241;243mN[38;2;219;241;243mN[38;2;218;241;243mN[38;2;217;241;243mN[38;2;220;241;243mN[38;2;218;241;243mN[38;2;217;241;243mN[38;2;217;241;242mN[38;2;215;241;242mN[0m
[0m[38;2;20;40;51m.[38;2;29;76;95m'[38;2;48;94;81m,[38;2;6;17;19m [38;2;3;30;44m [38;2;71;139;148mc[38;2;38;86;90m'[38;2;13;22;27m [38;2;41;83;87m'[38;2;38;80;84m'[38;2;44;89;98m,[38;2;45;104;105m,[38;2;39;71;78m.[38;2;22;53;59m.[38;2;26;60;62m.[38;2;19;46;47m.[38;2;6;16;38m [38;2;30;69;97m.[38;2;81;109;142m:[38;2;100;118;162mc[38;2;83;119;157mc[38;2;64;100;142m;[38;2;97;126;149mc[38;2;97;134;177ml[38;2;107;144;208mo[38;2;114;155;239md[38;2;64;183;255md[38;2;184;250;255mN[38;2;147;250;255mX[38;2;110;249;255mK[38;2;96;250;255mK[38;2;86;247;255m0[38;2;81;212;255mk[38;2;141;221;255m0[38;2;63;218;255mk[38;2;129;171;248mx[38;2;103;122;196ml[38;2;128;138;140mo[38;2;160;144;113md[38;2;186;159;102mx[38;2;181;125;60mo[38;2;224;193;109m0[38;2;221;185;82mO[38;2;222;186;84mO[38;2;222;189;84mO[38;2;230;197;77m0[38;2;236;201;86m0[38;2;240;204;85m0[38;2;243;206;82m0[38;2;246;214;95mK[38;2;240;206;80m0[38;2;235;197;76m0[38;2;230;192;69mO[38;2;217;175;56mk[38;2;210;167;55mx[38;2;211;173;60mk[38;2;216;174;60mk[38;2;220;178;80mk[38;2;237;206;78m0[38;2;206;164;66mx[38;2;89;118;105m:[38;2;100;141;165ml[38;2;100;138;157ml[38;2;105;133;141ml[38;2;88;123;137mc[38;2;238;252;252mW[38;2;217;241;242mN[38;2;217;241;242mN[38;2;216;241;242mN[38;2;216;241;243mN[38;2;216;240;244mN[38;2;216;240;242mN[38;2;217;239;243mN[38;2;218;240;242mN[38;2;216;240;243mN[38;2;217;241;242mN[38;2;218;241;243mN[38;2;217;241;243mN[38;2;217;241;243mN[38;2;216;240;243mN[0m
[0m[38;2;42;67;83m.[38;2;73;159;177mo[38;2;17;42;34m.[38;2;4;19;22m [38;2;7;34;57m [38;2;77;145;157ml[38;2;35;83;82m'[38;2;29;49;59m.[38;2;75;166;170mo[38;2;59;141;141mc[38;2;57;138;140mc[38;2;53;141;146mc[38;2;71;144;143ml[38;2;14;48;53m.[38;2;6;40;53m.[38;2;4;41;54m.[38;2;1;23;32m [38;2;6;47;65m.[38;2;11;42;59m.[38;2;7;36;59m.[38;2;24;51;91m.[38;2;18;55;115m.[38;2;45;110;153m;[38;2;35;90;189m,[38;2;44;86;220m;[38;2;43;122;252mc[38;2;17;208;255md[38;2;112;237;255m0[38;2;122;246;255mK[38;2;117;249;255mK[38;2;149;253;255mX[38;2;186;255;255mN[38;2;196;255;255mN[38;2;238;255;255mM[38;2;24;255;255mO[38;2;115;158;255md[38;2;7;68;230m'[38;2;7;64;165m.[38;2;7;48;114m.[38;2;5;43;93m.[38;2;30;50;83m.[38;2;60;73;74m'[38;2;117;118;99mc[38;2;105;93;49m;[38;2;148;133;97mo[38;2;130;100;55m:[38;2;147;109;52mc[38;2;136;94;35m:[38;2;148;98;35m:[38;2;153;102;37m:[38;2;147;101;38m:[38;2;160;110;37mc[38;2;186;123;32ml[38;2;179;130;38mo[38;2;170;130;39ml[38;2;150;101;35m:[38;2;114;76;30m,[38;2;137;114;74mc[38;2;177;118;40ml[38;2;117;77;28m,[38;2;74;96;101m;[38;2;104;141;149ml[38;2;101;141;144ml[38;2;100;126;142mc[38;2;102;141;143ml[38;2;237;250;251mW[38;2;215;241;242mN[38;2;215;241;242mN[38;2;215;241;242mN[38;2;215;240;243mN[38;2;216;240;244mN[38;2;215;240;243mN[38;2;216;241;244mN[38;2;216;240;242mN[38;2;216;241;243mN[38;2;215;241;242mN[38;2;217;241;243mN[38;2;215;240;243mN[38;2;215;241;243mN[38;2;215;240;243mN[0m
[0m[38;2;80;141;132mc[38;2;20;70;75m.[38;2;4;15;15m [38;2;6;20;24m [38;2;5;37;56m.[38;2;73;140;164ml[38;2;40;84;80m'[38;2;29;44;49m.[38;2;71;155;164ml[38;2;59;131;133m:[38;2;57;134;140mc[38;2;57;132;142mc[38;2;59;146;149mc[38;2;56;126;121m:[38;2;11;43;62m.[38;2;4;42;51m.[38;2;0;22;27m [38;2;6;47;64m.[38;2;6;45;65m.[38;2;5;46;70m.[38;2;8;44;79m.[38;2;3;30;74m [38;2;52;114;156m:[38;2;66;161;195mo[38;2;34;86;206m,[38;2;13;101;255m;[38;2;0;229;255mx[38;2;210;255;255mW[38;2;156;255;255mX[38;2;160;255;255mN[38;2;167;255;255mN[38;2;180;255;255mN[38;2;187;255;255mN[38;2;227;255;255mW[38;2;41;246;255mO[38;2;120;153;251md[38;2;5;46;207m.[38;2;9;46;145m.[38;2;12;48;101m.[38;2;21;54;99m.[38;2;22;57;109m.[38;2;23;60;79m.[38;2;42;79;95m'[38;2;6;23;31m [38;2;140;180;255mk[38;2;32;64;137m.[38;2;115;127;137ml[38;2;20;38;47m.[38;2;24;48;61m.[38;2;19;51;68m.[38;2;41;84;92m'[38;2;15;11;7m [38;2;135;147;161mo[38;2;49;61;50m.[38;2;21;39;44m.[38;2;5;33;48m [38;2;13;24;37m [38;2;69;108;131m:[38;2;88;114;132m:[38;2;28;25;12m [38;2;0;1;2m [38;2;23;29;28m [38;2;51;67;69m.[38;2;77;95;90m;[38;2;93;117;112m:[38;2;238;251;251mW[38;2;218;242;242mN[38;2;215;240;242mN[38;2;215;241;242mN[38;2;215;241;242mN[38;2;215;241;243mN[38;2;215;241;243mN[38;2;215;240;244mN[38;2;216;241;242mN[38;2;216;240;242mN[38;2;215;240;243mN[38;2;217;241;243mN[38;2;215;241;242mN[38;2;216;240;242mN[38;2;215;240;243mN[0m
[0m[38;2;33;67;58m.[38;2;7;42;56m.[38;2;4;24;23m [38;2;6;15;23m [38;2;1;36;47m [38;2;79;147;167ml[38;2;30;78;62m.[38;2;29;42;54m.[38;2;68;155;165ml[38;2;54;137;136mc[38;2;58;136;143mc[38;2;58;130;138m:[38;2;54;142;139mc[38;2;53;124;120m:[38;2;55;108;117m;[38;2;8;43;45m.[38;2;0;17;23m [38;2;9;47;61m.[38;2;6;45;61m.[38;2;4;41;59m.[38;2;12;39;72m.[38;2;6;38;73m.[38;2;6;25;73m [38;2;43;94;138m,[38;2;56;107;183m:[38;2;20;88;236m,[38;2;18;179;255mo[38;2;98;212;255mO[38;2;81;232;255mO[38;2;80;236;255m0[38;2;70;228;255mO[38;2;67;225;255mO[38;2;52;205;255mx[38;2;38;178;255md[38;2;70;198;255mx[38;2;107;148;221mo[38;2;6;18;118m [38;2;71;125;190mc[38;2;17;54;109m.[38;2;24;65;106m.[38;2;22;66;103m.[38;2;20;58;89m.[38;2;13;54;76m.[38;2;20;30;46m [38;2;149;205;255m0[38;2;18;53;137m.[38;2;128;129;131ml[38;2;2;27;41m [38;2;11;47;60m.[38;2;8;47;57m.[38;2;17;53;70m.[38;2;0;1;2m [38;2;134;167;180mx[38;2;57;76;94m'[38;2;8;21;28m [38;2;8;28;30m [38;2;1;6;10m [38;2;85;136;166ml[38;2;103;129;170ml[38;2;12;16;16m [38;2;0;4;1m [38;2;0;6;4m [38;2;0;5;0m [38;2;1;3;0m [38;2;12;13;12m [38;2;159;191;178mO[38;2;182;206;206m0[38;2;204;228;228mX[38;2;226;245;246mW[38;2;220;244;245mN[38;2;216;242;243mN[38;2;215;240;243mN[38;2;216;241;242mN[38;2;215;240;243mN[38;2;215;240;244mN[38;2;215;240;243mN[38;2;215;240;243mN[38;2;215;240;243mN[38;2;214;240;243mN[38;2;215;240;242mN[0m
[0m[38;2;17;46;51m.[38;2;5;46;63m.[38;2;7;25;22m [38;2;7;15;21m [38;2;5;33;48m [38;2;74;142;160ml[38;2;24;63;62m.[38;2;22;29;45m [38;2;55;116;118m;[38;2;40;95;89m,[38;2;40;92;95m,[38;2;44;90;93m,[38;2;47;96;95m,[38;2;57;104;107m;[38;2;42;79;80m'[38;2;41;72;78m.[38;2;37;69;70m.[38;2;4;14;19m [38;2;5;42;51m.[38;2;4;34;46m [38;2;4;42;55m.[38;2;11;41;61m.[38;2;22;54;84m.[38;2;20;54;99m.[38;2;19;64;123m.[38;2;18;68;156m.[38;2;43;114;206m:[38;2;7;48;191m.[38;2;17;97;231m;[38;2;8;99;231m;[38;2;13;88;233m,[38;2;8;91;221m,[38;2;3;73;215m'[38;2;4;40;188m.[38;2;110;164;238mx[38;2;113;128;157ml[38;2;1;2;48m [38;2;91;174;201md[38;2;29;73;106m'[38;2;8;44;82m.[38;2;7;52;83m.[38;2;11;51;79m.[38;2;9;47;64m.[38;2;30;43;65m.[38;2;136;185;255mk[38;2;41;77;151m'[38;2;119;126;128ml[38;2;2;16;18m [38;2;4;19;17m [38;2;4;13;14m [38;2;1;10;10m [38;2;0;0;0m [38;2;102;149;178mo[38;2;76;102;117m;[38;2;4;20;19m [38;2;14;46;59m.[38;2;1;18;29m [38;2;89;122;139mc[38;2;95;120;136mc[38;2;77;90;88m,[38;2;2;7;4m [38;2;0;6;5m [38;2;0;6;4m [38;2;1;7;0m [38;2;1;0;0m [38;2;99;141;125ml[38;2;87;119;124m:[38;2;86;121;128mc[38;2;119;152;166mo[38;2;144;176;173mx[38;2;167;197;202mO[38;2;200;224;229mX[38;2;224;246;247mW[38;2;223;244;243mN[38;2;217;241;242mN[38;2;215;240;243mN[38;2;214;240;243mN[38;2;217;240;243mN[38;2;217;239;242mN[38;2;216;239;242mN[0m
[0m[38;2;18;37;44m.[38;2;8;37;54m.[38;2;2;30;29m [38;2;7;31;47m [38;2;5;28;38m [38;2;66;133;147mc[38;2;42;91;76m'[38;2;1;4;10m [38;2;5;31;38m [38;2;8;33;46m [38;2;9;47;51m.[38;2;19;57;63m.[38;2;22;60;71m.[38;2;27;65;76m.[38;2;24;59;65m.[38;2;41;81;104m'[38;2;87;161;164mo[38;2;0;5;11m [38;2;6;46;60m.[38;2;6;45;57m.[38;2;6;44;60m.[38;2;5;44;66m.[38;2;5;44;72m.[38;2;6;45;76m.[38;2;7;45;89m.[38;2;7;49;94m.[38;2;10;55;125m.[38;2;20;41;107m.[38;2;6;53;128m.[38;2;6;57;132m.[38;2;14;54;141m.[38;2;4;55;125m.[38;2;8;52;135m.[38;2;5;25;110m [38;2;121;160;208md[38;2;113;130;136ml[38;2;0;3;23m [38;2;62;112;141m:[38;2;38;81;99m'[38;2;10;24;43m [38;2;3;29;36m [38;2;7;20;38m [38;2;1;6;10m [38;2;18;37;72m.[38;2;216;236;255mN[38;2;86;123;163mc[38;2;77;101;119m;[38;2;12;23;28m [38;2;0;11;11m [38;2;0;3;1m [38;2;0;6;4m [38;2;0;0;0m [38;2;88;126;171mc[38;2;97;123;128mc[38;2;0;20;26m [38;2;10;51;47m.[38;2;3;31;49m [38;2;15;28;42m [38;2;144;167;187mx[38;2;70;75;77m'[38;2;25;35;40m.[38;2;83;97;105m;[38;2;34;40;47m.[38;2;0;4;2m [38;2;0;0;0m [38;2;67;85;79m,[38;2;108;140;131ml[38;2;98;126;134mc[38;2;98;129;147mc[38;2;92;128;141mc[38;2;79;118;130m:[38;2;83;118;131m:[38;2;111;144;150mo[38;2;141;166;178mx[38;2;167;195;199mO[38;2;194;217;220mK[38;2;225;244;246mW[38;2;223;243;247mW[38;2;217;241;245mN[38;2;216;240;242mN[0m
[0m[38;2;20;43;50m.[38;2;8;44;60m.[38;2;6;45;55m.[38;2;6;42;55m.[38;2;3;28;33m [38;2;64;121;146m:[38;2;45;91;87m,[38;2;1;11;14m [38;2;4;43;52m.[38;2;3;42;54m.[38;2;3;41;50m.[38;2;3;42;50m.[38;2;5;41;55m.[38;2;6;42;54m.[38;2;6;42;50m.[38;2;3;35;46m [38;2;53;97;113m,[38;2;2;13;16m [38;2;6;45;60m.[38;2;7;42;56m.[38;2;7;42;56m.[38;2;6;44;58m.[38;2;6;47;61m.[38;2;5;43;67m.[38;2;6;46;73m.[38;2;6;47;72m.[38;2;6;45;79m.[38;2;45;64;81m.[38;2;12;44;84m.[38;2;5;35;69m.[38;2;4;31;63m [38;2;5;25;53m [38;2;4;20;48m [38;2;1;5;26m [38;2;113;151;208md[38;2;128;133;136ml[38;2;3;17;38m [38;2;6;23;58m [38;2;6;15;42m [38;2;3;21;56m [38;2;21;65;114m.[38;2;1;21;49m [38;2;0;3;18m [38;2;32;57;93m.[38;2;255;255;255mM[38;2;107;123;156ml[38;2;43;61;87m.[38;2;15;37;50m.[38;2;0;12;17m [38;2;0;3;1m [38;2;0;4;1m [38;2;0;0;0m [38;2;81;122;159mc[38;2;87;121;131mc[38;2;25;43;51m.[38;2;27;58;52m.[38;2;1;22;30m [38;2;28;53;57m.[38;2;55;91;142m,[38;2;88;98;115m;[38;2;89;112;128m:[38;2;100;119;142mc[38;2;51;84;84m'[38;2;43;73;106m'[38;2;1;1;0m [38;2;6;11;8m [38;2;108;151;131mo[38;2;94;127;134mc[38;2;91;128;135mc[38;2;95;129;156ml[38;2;93;132;142mc[38;2;98;131;147ml[38;2;94;129;138mc[38;2;96;130;139mc[38;2;83;125;128mc[38;2;83;122;120m:[38;2;97;143;153ml[38;2;125;164;167md[38;2;155;186;191mk[38;2;186;214;216mK[0m
[0m[38;2;19;45;55m.[38;2;4;43;59m.[38;2;4;42;54m.[38;2;3;41;51m.[38;2;4;26;39m [38;2;56;106;143m;[38;2;55;108;98m;[38;2;0;8;12m [38;2;4;41;56m.[38;2;5;40;54m.[38;2;3;41;52m.[38;2;2;41;50m.[38;2;4;41;50m.[38;2;4;42;49m.[38;2;3;42;46m.[38;2;2;42;47m.[38;2;5;44;51m.[38;2;2;17;20m [38;2;7;51;63m.[38;2;6;46;54m.[38;2;9;41;49m.[38;2;4;35;48m [38;2;4;33;42m [38;2;2;27;35m [38;2;2;26;34m [38;2;1;19;26m [38;2;5;17;24m [38;2;8;21;28m [38;2;1;22;35m [38;2;1;8;14m [38;2;14;25;40m [38;2;15;29;49m [38;2;1;15;31m [38;2;0;0;2m [38;2;93;141;196ml[38;2;130;139;154mo[38;2;8;26;91m [38;2;5;30;100m.[38;2;6;14;97m [38;2;11;36;126m.[38;2;20;82;178m'[38;2;1;36;143m.[38;2;0;5;114m [38;2;40;81;154m,[38;2;240;255;255mM[38;2;124;128;175ml[38;2;12;22;51m [38;2;13;38;72m.[38;2;16;40;56m.[38;2;36;67;73m.[38;2;43;65;71m.[38;2;0;7;9m [38;2;74;120;163mc[38;2;74;96;121m;[38;2;29;59;63m.[38;2;57;100;105m;[38;2;4;32;34m [38;2;9;34;43m [38;2;96;135;168ml[38;2;6;10;14m [38;2;21;41;47m.[38;2;76;105;132m:[38;2;7;23;27m [38;2;49;87;136m,[38;2;1;3;0m [38;2;0;1;0m [38;2;43;57;49m.[38;2;77;118;110m:[38;2;98;139;138ml[38;2;88;131;146mc[38;2;94;129;133mc[38;2;98;129;139mc[38;2;98;131;143ml[38;2;98;133;139ml[38;2;86;132;141mc[38;2;90;131;147mc[38;2;85;132;146mc[38;2;86;128;138mc[38;2;85;122;134mc[38;2;76;112;132m:[0m
[0m[38;2;21;44;54m.[38;2;5;40;55m.[38;2;3;38;52m.[38;2;4;42;50m.[38;2;2;27;40m [38;2;56;109;155m;[38;2;50;117;108m;[38;2;0;12;21m [38;2;4;42;58m.[38;2;5;42;56m.[38;2;5;47;49m.[38;2;4;44;52m.[38;2;5;39;53m.[38;2;2;35;44m [38;2;3;33;36m [38;2;2;28;29m [38;2;3;27;35m [38;2;1;8;7m [38;2;1;17;16m [38;2;2;12;12m [38;2;26;28;30m [38;2;51;51;51m..[38;2;49;52;52m.[38;2;51;52;54m.[38;2;51;52;51m.[38;2;46;43;50m.[38;2;47;64;88m.[38;2;27;57;73m.[38;2;26;30;46m.[38;2;14;25;39m [38;2;9;28;55m [38;2;2;15;26m [38;2;0;0;0m [38;2;67;102;182m:[38;2;172;195;218mO[38;2;5;26;138m.[38;2;10;75;214m'[38;2;2;89;227m,[38;2;17;125;245m:[38;2;29;145;252ml[38;2;33;165;253mo[38;2;71;165;250md[38;2;32;167;246mo[38;2;213;245;255mN[38;2;125;164;232mx[38;2;3;7;53m [38;2;35;76;130m'[38;2;52;109;128m;[38;2;71;154;170ml[38;2;56;110;124m;[38;2;0;7;13m [38;2;93;131;175ml[38;2;38;53;71m.[38;2;13;43;51m.[38;2;16;31;39m [38;2;10;33;40m [38;2;5;30;23m [38;2;75;108;143m:[38;2;7;23;27m [38;2;3;13;20m [38;2;122;161;178md[38;2;5;19;27m [38;2;62;91;127m,[38;2;0;4;0m [38;2;0;4;1m [38;2;2;3;0m [38;2;1;5;4m [38;2;32;54;55m.[38;2;52;88;92m,[38;2;80;108;106m:[38;2;106;134;129ml[38;2;93;129;138mc[38;2;97;126;139mc[38;2;90;129;146mc[38;2;88;130;139mc[38;2;92;128;140mc[38;2;91;127;149mc[38;2;88;128;141mc[38;2;97;128;145mc[0m
[0m[38;2;16;49;61m.[38;2;4;45;50m.[38;2;1;36;50m [38;2;4;40;55m.[38;2;1;30;46m [38;2;53;95;146m;[38;2;52;118;112m;[38;2;0;10;12m [38;2;4;24;31m [38;2;2;20;21m [38;2;1;17;17m [38;2;0;13;10m [38;2;0;5;5m [38;2;0;1;1m [38;2;0;4;0m [38;2;0;6;0m [38;2;4;23;32m [38;2;10;32;38m [38;2;7;31;44m [38;2;1;2;4m [38;2;146;164;185mx[38;2;178;222;224mK[38;2;180;216;225mK[38;2;176;219;228mK[38;2;175;223;228mK[38;2;193;222;226mK[38;2;162;186;202mO[38;2;129;135;151mo[38;2;134;180;185mx[38;2;125;148;159mo[38;2;92;108;125m:[38;2;123;150;161mo[38;2;96;105;114m:[38;2;15;17;26m [38;2;23;45;144m.[38;2;195;248;254mN[38;2;46;132;244mc[38;2;72;222;255mO[38;2;83;239;255m0[38;2;93;255;255mK[38;2;111;255;255mK[38;2;118;255;255mK[38;2;140;255;255mX[38;2;34;220;255mk[38;2;217;245;255mW[38;2;100;178;248mx[38;2;6;22;102m [38;2;4;40;110m.[38;2;42;81;122m'[38;2;42;100;120m,[38;2;58;103;113m;[38;2;1;12;16m [38;2;102;146;202mo[38;2;19;36;39m.[38;2;29;58;63m.[38;2;26;50;55m.[38;2;4;20;25m [38;2;6;39;36m [38;2;44;64;85m.[38;2;34;56;64m.[38;2;1;7;15m [38;2;130;169;201mx[38;2;15;31;44m [38;2;71;94;128m;[38;2;0;2;0m [38;2;0;3;1m [38;2;0;4;1m [38;2;0;4;0m [38;2;12;38;38m.[38;2;6;46;50m.[38;2;0;3;5m [38;2;27;46;43m.[38;2;46;79;82m'[38;2;71;98;104m;[38;2;100;128;135mc[38;2;94;131;136mc[38;2;93;123;138mc[38;2;93;127;147mc[38;2;88;129;143mc[38;2;88;124;137mc[0m
[0m[38;2;14;28;31m [38;2;5;23;24m [38;2;9;18;18m [38;2;1;12;25m [38;2;7;37;52m.[38;2;52;79;129m,[38;2;65;135;126mc[38;2;1;8;4m [38;2;0;7;5m [38;2;13;21;18m [38;2;2;16;25m [38;2;13;27;24m [38;2;1;6;1m [38;2;1;6;0m [38;2;0;4;0m [38;2;1;5;0m [38;2;16;28;41m [38;2;10;46;58m.[38;2;10;48;68m.[38;2;6;12;26m [38;2;12;26;42m [38;2;21;51;88m.[38;2;22;47;93m.[38;2;17;48;105m.[38;2;23;62;121m.[38;2;27;67;129m.[38;2;33;48;132m.[38;2;25;45;98m.[38;2;32;57;74m.[38;2;22;40;57m.[38;2;5;18;36m [38;2;39;97;159m,[38;2;118;153;197md[38;2;180;194;212m0[38;2;13;25;109m.[38;2;179;228;255mX[38;2;68;219;255mk[38;2;136;255;255mX[38;2;86;255;255mK[38;2;97;255;255mK[38;2;106;255;255mK[38;2;91;255;255mK[38;2;109;255;255mK[38;2;30;226;255mk[38;2;240;255;255mM[38;2;57;143;236ml[38;2;10;37;114m.[38;2;8;57;124m.[38;2;10;46;88m.[38;2;20;57;82m.[38;2;35;64;79m.[38;2;7;16;25m [38;2;115;169;209mx[38;2;19;47;42m.[38;2;18;43;63m.[38;2;7;42;56m.[38;2;6;27;38m [38;2;6;52;54m.[38;2;19;38;53m.[38;2;64;86;104m,[38;2;0;4;4m [38;2;124;164;205md[38;2;33;59;72m.[38;2;66;93;120m;[38;2;6;3;0m [38;2;0;6;1m [38;2;0;9;6m [38;2;1;2;1m [38;2;17;46;52m.[38;2;7;39;38m.[38;2;0;5;1m [38;2;18;39;44m.[38;2;5;28;40m [38;2;8;28;35m [38;2;29;44;50m.[38;2;63;83;93m,[38;2;93;121;121mc[38;2;91;121;121mc[38;2;85;128;135mc[38;2;90;132;142mc[0m
