[0m[38;2;27;54;41m.[38;2;12;47;45m.[38;2;16;41;30m.[38;2;1;13;9m [38;2;16;43;42m.[38;2;5;30;37m [38;2;79;146;136ml[38;2;20;43;37m.[38;2;2;4;1m [38;2;1;11;1m [38;2;4;15;10m [38;2;6;16;17m [38;2;10;25;22m [38;2;4;11;17m [38;2;123;168;189mx[38;2;99;117;127mc[38;2;2;10;9m [38;2;15;47;59m.[38;2;17;48;73m.[38;2;17;48;87m.[38;2;14;49;96m.[38;2;11;52;105m.[38;2;13;56;127m.[38;2;22;54;140m.[38;2;10;70;163m.[38;2;15;62;183m.[38;2;67;184;242md[38;2;12;73;228m'[38;2;42;150;252ml[38;2;56;183;255md[38;2;62;214;255mk[38;2;66;244;255m0[38;2;84;255;255mK[38;2;107;255;255mK[38;2;81;255;255mK[38;2;145;255;255mX[38;2;21;213;255mx[38;2;68;186;255mx[38;2;47;116;207m:[38;2;12;53;140m.[38;2;12;34;90m.[38;2;41;73;176m'[38;2;139;158;208mx[38;2;5;48;184m.[38;2;9;140;255mc[38;2;130;250;255mX[38;2;111;221;255m0[38;2;99;246;255mK[38;2;101;252;255mK[38;2;79;221;255mO[38;2;49;183;255md[38;2;10;135;253mc[38;2;8;90;235m,[38;2;9;77;229m'[38;2;16;66;221m'[38;2;8;45;166m.[38;2;21;59;151m.[38;2;4;15;73m [38;2;72;107;184m:[38;2;14;32;59m.[38;2;8;27;54m [38;2;11;33;48m [38;2;17;35;49m.[38;2;17;49;64m.[38;2;10;42;49m.[38;2;10;41;47m.[38;2;5;35;41m [38;2;16;50;47m.[38;2;14;46;55m.[38;2;17;49;57m.[38;2;6;32;38m [38;2;18;50;55m.[38;2;17;47;42m.[38;2;1;3;3m [38;2;13;34;30m [38;2;8;42;36m.[38;2;17;38;43m.[38;2;7;38;32m [38;2;17;47;49m.[38;2;18;47;42m.[0m
[0m[38;2;23;51;46m.[38;2;13;47;41m.[38;2;7;34;30m [38;2;0;13;12m [38;2;6;41;42m.[38;2;3;28;32m [38;2;81;147;142ml[38;2;11;29;26m [38;2;0;7;2m [38;2;0;8;0m [38;2;0;5;0m [38;2;0;2;0m  [38;2;21;37;57m.[38;2;201;228;239mX[38;2;15;14;20m [38;2;3;11;9m [38;2;4;18;14m [38;2;3;22;20m [38;2;5;28;35m [38;2;7;29;53m [38;2;11;37;66m.[38;2;14;44;78m.[38;2;15;47;97m.[38;2;13;51;109m.[38;2;11;45;113m.[38;2;42;94;166m,[38;2;20;34;123m.[38;2;25;58;182m.[38;2;14;67;202m'[38;2;6;65;221m'[38;2;13;107;235m;[38;2;16;126;246m:[38;2;36;160;254mo[38;2;52;191;253md[38;2;89;236;255m0[38;2;27;172;252mo[38;2;61;151;253mo[38;2;84;162;227md[38;2;15;52;138m.[38;2;2;24;104m [38;2;37;69;194m'[38;2;125;154;208md[38;2;11;51;198m.[38;2;6;142;255mc[38;2;111;253;255mK[38;2;116;217;255m0[38;2;63;250;255m0[38;2;123;255;255mX[38;2;113;255;255mK[38;2;110;255;255mK[38;2;78;254;255m0[38;2;74;239;255m0[38;2;61;211;255mk[38;2;46;166;255mo[38;2;11;121;248m:[38;2;9;77;229m'[38;2;2;20;143m [38;2;85;138;230ml[38;2;11;36;79m.[38;2;10;28;64m [38;2;12;36;58m.[38;2;57;75;92m'[38;2;55;68;72m'[38;2;59;77;84m'[38;2;52;71;75m'[38;2;46;70;81m'[38;2;31;59;69m.[38;2;16;52;57m.[38;2;12;44;54m.[38;2;1;25;35m [38;2;17;42;49m.[38;2;8;35;33m [38;2;1;3;3m [38;2;10;33;33m [38;2;6;34;38m [38;2;12;33;38m [38;2;11;33;27m [38;2;9;41;45m.[38;2;12;40;40m.[0m
[0m[38;2;19;50;49m.[38;2;16;46;48m.[38;2;14;29;31m [38;2;2;12;12m [38;2;12;41;46m.[38;2;3;31;33m [38;2;82;144;137ml[38;2;10;22;27m [38;2;4;23;22m [38;2;6;20;24m [38;2;7;24;23m [38;2;10;26;30m [38;2;0;0;7m [38;2;145;177;198mk[38;2;97;111;126m:[38;2;8;23;36m [38;2;10;30;33m [38;2;0;4;0m [38;2;0;5;0m [38;2;1;5;1m [38;2;1;5;4m [38;2;1;4;5m [38;2;5;7;16m [38;2;10;12;25m [38;2;7;19;46m [38;2;11;27;68m [38;2;11;41;83m.[38;2;9;19;65m [38;2;24;51;121m.[38;2;18;56;141m.[38;2;19;54;154m.[38;2;13;58;156m.[38;2;18;59;180m.[38;2;15;62;185m.[38;2;18;48;194m.[38;2;55;133;213mc[38;2;26;60;166m.[38;2;25;57;170m.[38;2;47;99;173m;[38;2;42;81;158m,[38;2;18;30;100m.[38;2;37;85;192m,[38;2;102;131;186ml[38;2;7;50;204m.[38;2;3;137;255mc[38;2;117;255;255mK[38;2;131;228;255m0[38;2;68;250;255m0[38;2;100;255;255mK[38;2;109;255;255mK[38;2;96;255;255mK[38;2;91;255;255mK[38;2;101;255;255mK[38;2;105;255;255mK[38;2;128;255;255mX[38;2;114;255;255mK[38;2;8;119;255m:[38;2;28;71;215m'[38;2;114;171;249mx[38;2;8;31;73m [38;2;9;28;87m.[38;2;8;28;52m [38;2;65;91;103m,[38;2;70;92;101m,[38;2;72;96;100m;[38;2;71;86;90m,[38;2;72;93;93m,[38;2;48;69;87m'[38;2;78;103;113m;[38;2;56;79;104m'[38;2;6;29;27m [38;2;11;22;24m [38;2;5;17;14m [38;2;8;34;38m [38;2;17;48;56m.[38;2;9;32;35m [38;2;26;47;48m.[38;2;11;27;28m [38;2;8;44;45m.[38;2;9;43;43m.[0m
[0m[38;2;28;53;55m.[38;2;22;44;56m.[38;2;20;32;37m.[38;2;5;15;18m [38;2;17;42;48m.[38;2;2;27;43m [38;2;80;144;144ml[38;2;12;35;45m.[38;2;1;6;9m [38;2;14;37;43m.[38;2;4;17;17m [38;2;16;28;29m [38;2;69;92;125m;[38;2;203;218;228mX[38;2;8;14;28m [38;2;15;43;62m.[38;2;6;29;38m [38;2;15;36;49m.[38;2;15;36;57m.[38;2;11;23;39m [38;2;8;15;16m [38;2;41;49;54m.[38;2;43;47;53m.[38;2;41;47;47m.[38;2;40;44;58m.[38;2;43;49;65m.[38;2;39;43;65m.[38;2;40;41;68m.[38;2;27;30;72m.[38;2;39;44;94m.[38;2;31;39;89m.[38;2;17;21;76m [38;2;17;32;106m.[38;2;18;34;117m.[38;2;16;41;121m.[38;2;29;65;137m.[38;2;25;46;107m.[38;2;20;48;122m.[38;2;21;53;123m.[38;2;17;49;109m.[38;2;0;10;69m [38;2;77;114;208mc[38;2;92;116;172mc[38;2;43;83;196m,[38;2;41;138;250ml[38;2;64;173;243md[38;2;140;236;255mK[38;2;87;250;255m0[38;2;97;255;255mK[38;2;95;255;255mK[38;2;80;255;255m0[38;2;108;255;255mK[38;2;90;255;255mK[38;2;76;255;255m0[38;2;91;255;255mK[38;2;115;255;255mK[38;2;1;140;255mc[38;2;67;144;252mo[38;2;105;160;241md[38;2;3;21;71m [38;2;17;35;90m.[38;2;6;34;67m.[38;2;5;24;58m [38;2;5;19;48m [38;2;15;26;52m [38;2;29;27;45m.[38;2;48;40;45m.[38;2;57;55;54m.[38;2;51;47;33m.[38;2;125;134;143ml[38;2;52;52;38m.[38;2;67;59;41m.[38;2;105;92;57m;[38;2;97;90;59m;[38;2;48;50;45m.[38;2;51;40;36m.[38;2;72;67;50m'[38;2;33;48;51m.[38;2;8;31;48m [38;2;8;36;44m [0m
[0m[38;2;24;52;50m.[38;2;20;46;49m.[38;2;14;33;33m [38;2;6;15;21m [38;2;22;41;45m.[38;2;5;26;49m [38;2;77;148;157ml[38;2;18;38;46m.[38;2;17;35;45m.[38;2;4;17;22m [38;2;11;23;27m [38;2;21;36;58m.[38;2;207;229;251mX[38;2;51;60;71m.[38;2;5;40;51m.[38;2;7;45;64m.[38;2;1;29;29m [38;2;16;45;66m.[38;2;17;48;81m.[38;2;5;17;27m [38;2;66;86;84m,[38;2;160;195;208mO[38;2;150;177;206mk[38;2;140;174;187mx[38;2;143;176;197mk[38;2;148;178;209mk[38;2;135;154;189md[38;2;142;143;186md[38;2;100;123;173mc[38;2;119;158;193md[38;2;107;126;172ml[38;2;118;133;159ml[38;2;56;74;130m'[38;2;84;90;122m;[38;2;25;26;54m.[38;2;6;11;62m [38;2;1;13;59m [38;2;12;29;77m.[38;2;12;32;79m.[38;2;13;31;87m.[38;2;4;16;95m [38;2;111;152;229md[38;2;59;82;147m,[38;2;13;42;142m.[38;2;67;117;218mc[38;2;8;35;154m.[38;2;199;249;255mN[38;2;3;97;235m,[38;2;34;162;255mo[38;2;47;193;255md[38;2;60;233;255mO[38;2;88;236;255m0[38;2;89;255;255mK[38;2;93;255;255mK[38;2;78;255;255m0[38;2;121;255;255mX[38;2;4;125;255m:[38;2;18;85;242m,[38;2;111;163;238md[38;2;4;25;94m [38;2;83;96;132m;[38;2;100;101;101m:[38;2;178;157;94md[38;2;204;192;105mO[38;2;210;203;102m0[38;2;226;209;103m0[38;2;244;220;113mX[38;2;255;235;117mN[38;2;255;235;105mN[38;2;255;237;112mN[38;2;255;239;99mN[38;2;255;236;110mN[38;2;255;238;95mN[38;2;255;240;99mN[38;2;246;221;100mK[38;2;244;203;95mK[38;2;255;236;101mN[38;2;206;179;81mk[38;2;167;140;62mo[38;2;87;83;52m,[0m
[0m[38;2;17;51;49m.[38;2;15;46;57m.[38;2;13;30;30m [38;2;7;16;26m [38;2;15;43;46m.[38;2;1;28;45m [38;2;81;150;159ml[38;2;6;21;18m [38;2;37;69;75m.[38;2;37;62;81m.[38;2;17;28;44m [38;2;121;165;193md[38;2;117;133;153ml[38;2;25;44;43m.[38;2;21;53;58m.[38;2;32;62;78m.[38;2;4;17;27m [38;2;13;51;74m.[38;2;12;42;71m.[38;2;12;26;48m [38;2;3;14;22m [38;2;19;48;52m.[38;2;17;30;60m.[38;2;13;26;45m [38;2;11;29;55m [38;2;16;30;87m.[38;2;17;26;93m.[38;2;33;51;152m.[38;2;14;51;153m.[38;2;9;32;149m.[38;2;23;41;164m.[38;2;23;57;185m.[38;2;35;65;182m'[38;2;106;126;199ml[38;2;173;204;232m0[38;2;93;97;131m:[38;2;4;15;72m [38;2;3;20;102m [38;2;1;13;57m [38;2;0;4;36m [38;2;8;17;109m [38;2;140;181;241mk[38;2;11;19;42m [38;2;5;19;46m [38;2;19;34;88m.[38;2;9;30;134m.[38;2;219;255;255mW[38;2;4;18;110m [38;2;21;51;187m.[38;2;14;62;214m'[38;2;39;119;233m:[38;2;2;79;236m'[38;2;14;135;253mc[38;2;39;168;254mo[38;2;54;184;255md[38;2;73;201;255mk[38;2;3;74;242m'[38;2;27;53;178m.[38;2;161;174;165mk[38;2;202;193;151mO[38;2;233;210;111mK[38;2;224;191;80mO[38;2;208;156;50mx[38;2;146;101;38m:[38;2;202;154;64mx[38;2;211;146;45md[38;2;219;160;59mx[38;2;217;160;60mx[38;2;189;130;40mo[38;2;218;142;41md[38;2;255;243;107mN[38;2;255;224;80mX[38;2;255;224;81mX[38;2;255;225;86mX[38;2;255;225;87mX[38;2;255;226;84mX[38;2;255;224;80mX[38;2;255;224;94mX[38;2;255;228;89mX[38;2;255;235;93mX[0m
[0m[38;2;20;49;54m.[38;2;18;44;54m.[38;2;8;24;27m [38;2;8;15;26m [38;2;12;43;48m.[38;2;4;29;40m [38;2;78;154;163ml[38;2;0;8;8m [38;2;10;42;56m.[38;2;7;34;39m [38;2;27;43;101m.[38;2;179;203;220m0[38;2;4;10;21m [38;2;55;116;125m:[38;2;60;121;131m:[38;2;75;132;159mc[38;2;16;33;40m [38;2;50;83;99m'[38;2;31;59;75m.[38;2;32;57;88m.[38;2;26;57;82m.[38;2;30;61;93m.[38;2;25;47;88m.[38;2;24;44;98m.[38;2;19;39;114m.[38;2;19;33;153m.[38;2;1;38;190m.[38;2;12;113;247m;[38;2;8;137;254mc[38;2;2;118;247m;[38;2;12;116;247m:[38;2;6;109;243m;[38;2;11;107;244m;[38;2;0;42;207m.[38;2;27;73;228m,[38;2;197;228;255mX[38;2;52;68;170m'[38;2;14;64;174m.[38;2;5;26;93m [38;2;7;15;72m [38;2;17;42;144m.[38;2;152;212;255m0[38;2;4;6;25m [38;2;22;46;92m.[38;2;7;14;59m [38;2;18;44;138m.[38;2;224;250;255mW[38;2;0;0;2m [38;2;1;7;53m [38;2;2;13;67m [38;2;7;20;95m [38;2;2;29;117m.[38;2;12;40;137m.[38;2;13;46;169m.[38;2;7;47;170m.[38;2;31;64;174m'[38;2;110;92;111m:[38;2;209;185;157mO[38;2;210;159;53mx[38;2;143;112;61mc[38;2;136;91;40m;[38;2;160;107;40mc[38;2;147;108;49mc[38;2;159;110;45mc[38;2;161;114;41mc[38;2;125;79;29m,[38;2;154;110;50mc[38;2;143;100;47m:[38;2;85;52;19m.[38;2;216;134;34md[38;2;255;247;110mN[38;2;255;225;79mX[38;2;255;223;82mX[38;2;255;224;83mX[38;2;255;225;83mX[38;2;255;225;80mX[38;2;255;224;79mX[38;2;255;222;79mX[38;2;255;223;82mX[38;2;255;222;77mX[0m
[0m[38;2;28;46;52m.[38;2;15;44;59m.[38;2;6;27;24m [38;2;4;21;27m [38;2;18;44;50m.[38;2;2;27;44m [38;2;87;159;167mo[38;2;0;9;8m [38;2;10;44;52m.[38;2;7;25;31m [38;2;97;136;204ml[38;2;80;90;103m;[38;2;5;32;38m [38;2;22;49;61m.[38;2;72;150;159ml[38;2;79;140;178ml[38;2;12;35;33m [38;2;60;109;128m;[38;2;10;40;72m.[38;2;14;45;86m.[38;2;13;46;79m.[38;2;12;39;94m.[38;2;14;45;114m.[38;2;72;141;212ml[38;2;70;148;234mo[38;2;69;160;252mo[38;2;20;156;255ml[38;2;104;237;255m0[38;2;120;246;255mK[38;2;114;248;255mK[38;2;96;241;255m0[38;2;86;241;255m0[38;2;64;224;255mk[38;2;47;194;255mx[38;2;26;155;255ml[38;2;103;210;255mO[38;2;118;140;229mo[38;2;11;67;222m'[38;2;12;23;119m.[38;2;10;22;107m [38;2;46;86;197m,[38;2;169;221;251mK[38;2;2;14;40m [38;2;24;52;115m.[38;2;4;20;56m [38;2;11;32;104m.[38;2;205;239;251mN[38;2;14;17;22m [38;2;40;45;59m.[38;2;51;53;75m.[38;2;53;60;91m.[38;2;51;55;72m.[38;2;21;29;46m [38;2;64;70;96m'[38;2;58;62;78m.[38;2;190;170;155mk[38;2;180;137;61mo[38;2;141;110;57mc[38;2;117;97;63m:[38;2;78;64;45m'[38;2;119;91;45m;[38;2;116;85;46m;[38;2;134;96;45m:[38;2;156;114;57mc[38;2;119;78;33m,[38;2;195;122;27ml[38;2;144;105;47m:[38;2;106;85;46m,[38;2;57;45;32m.[38;2;156;115;51mc[38;2;255;245;113mN[38;2;255;221;80mX[38;2;255;219;80mK[38;2;255;223;84mX[38;2;255;222;84mX[38;2;255;224;82mX[38;2;255;223;77mX[38;2;255;221;79mX[38;2;255;223;79mX[38;2;255;219;76mK[0m
[0m[38;2;23;47;46m.[38;2;18;44;52m.[38;2;8;29;28m [38;2;10;25;28m [38;2;11;43;51m.[38;2;3;28;42m [38;2;90;163;159mo[38;2;0;7;4m [38;2;13;44;54m.[38;2;20;32;59m.[38;2;136;184;236mk[38;2;8;19;27m [38;2;9;44;51m.[38;2;3;29;38m [38;2;58;115;130m:[38;2;79;140;151ml[38;2;10;24;32m [38;2;93;162;167mo[38;2;7;33;63m [38;2;11;43;81m.[38;2;16;47;92m.[38;2;13;52;112m.[38;2;11;34;107m.[38;2;47;112;200m:[38;2;81;161;245md[38;2;57;181;255md[38;2;7;202;255md[38;2;137;255;255mX[38;2;162;255;255mN[38;2;172;255;255mN[38;2;168;255;255mN[38;2;161;255;255mN[38;2;170;255;255mN[38;2;172;255;255mN[38;2;201;255;255mW[38;2;72;248;255m0[38;2;72;174;251md[38;2;12;86;240m,[38;2;31;83;208m,[38;2;5;30;133m.[38;2;77;137;233ml[38;2;158;172;209mk[38;2;11;28;59m [38;2;22;50;95m.[38;2;7;24;42m [38;2;9;25;81m [38;2;166;214;238m0[38;2;17;22;25m [38;2;71;81;95m,[38;2;102;114;123mc[38;2;105;113;120mc[38;2;107;120;124mc[38;2;39;51;56m.[38;2;124;141;164mo[38;2;112;137;145ml[38;2;110;134;137ml[38;2;106;126;139mc[38;2;70;96;96m;[38;2;97;100;102m:[38;2;79;72;69m'[38;2;14;31;40m [38;2;37;57;81m.[38;2;93;112;134m:[38;2;98;111;116m:[38;2;117;109;82m:[38;2;185;133;37mo[38;2;118;86;41m;[38;2;39;33;16m.[38;2;61;55;41m.[38;2;165;133;81mo[38;2;255;239;94mN[38;2;255;225;76mX[38;2;255;223;80mX[38;2;255;227;81mX[38;2;255;225;83mX[38;2;255;222;79mX[38;2;255;223;78mX[38;2;255;221;75mK[38;2;255;223;74mX[38;2;255;218;70mK[0m
[0m[38;2;19;46;40m.[38;2;12;37;42m.[38;2;11;23;23m [38;2;8;25;27m [38;2;10;44;48m.[38;2;2;29;42m [38;2;88;152;154ml[38;2;2;12;18m [38;2;6;40;45m.[38;2;27;53;89m.[38;2;160;206;244m0[38;2;1;21;15m [38;2;9;45;57m.[38;2;8;42;52m.[38;2;20;50;58m.[38;2;81;150;155ml[38;2;19;33;39m.[38;2;85;170;169mo[38;2;38;80;106m'[38;2;10;39;71m.[38;2;14;48;90m.[38;2;16;53;112m.[38;2;15;53;123m.[38;2;22;72;187m'[38;2;82;170;250md[38;2;58;184;255md[38;2;0;214;255md[38;2;180;255;255mN[38;2;176;255;255mN[38;2;176;255;255mN[38;2;176;255;255mN[38;2;164;255;255mN[38;2;156;255;255mX[38;2;160;255;255mN[38;2;206;255;255mW[38;2;98;252;255mK[38;2;65;202;255mx[38;2;51;129;247mc[38;2;14;59;207m.[38;2;4;40;158m.[38;2;146;202;254mO[38;2;119;134;154ml[38;2;48;102;141m;[38;2;80;135;171ml[38;2;2;5;16m [38;2;12;32;86m.[38;2;178;219;248mK[38;2;9;20;20m [38;2;14;35;57m.[38;2;14;49;70m.[38;2;7;22;35m [38;2;15;44;56m.[38;2;10;18;39m [38;2;6;17;28m [38;2;4;6;10m [38;2;11;5;11m [38;2;192;161;109mx[38;2;224;193;107m0[38;2;193;136;61mo[38;2;249;242;148mN[38;2;200;182;97mk[38;2;137;107;57m:[38;2;102;102;62m;[38;2;119;128;96mc[38;2;164;172;143mx[38;2;128;108;60m:[38;2;178;149;74md[38;2;137;113;51mc[38;2;193;177;87mk[38;2;255;237;102mN[38;2;255;224;81mX[38;2;255;224;83mX[38;2;255;225;81mX[38;2;255;227;80mX[38;2;255;225;80mX[38;2;255;223;81mX[38;2;255;221;78mX[38;2;255;223;77mX[38;2;255;222;78mX[38;2;255;223;76mX[0m
[0m[38;2;43;69;68m.[38;2;31;69;64m.[38;2;36;68;75m.[38;2;12;24;27m [38;2;14;45;56m.[38;2;3;33;44m [38;2;86;145;151ml[38;2;8;17;18m [38;2;25;59;63m.[38;2;27;50;101m.[38;2;157;193;215mO[38;2;23;45;45m.[38;2;30;64;73m.[38;2;27;63;73m.[38;2;28;57;68m.[38;2;68;117;125m:[38;2;37;61;64m.[38;2;57;112;116m;[38;2;79;144;157ml[38;2;26;54;83m.[38;2;20;55;98m.[38;2;20;54;112m.[38;2;16;45;132m.[38;2;14;51;163m.[38;2;70;157;244mo[38;2;77;191;255mx[38;2;0;223;255mx[38;2;211;255;255mW[38;2;188;255;255mN[38;2;185;255;255mN[38;2;169;255;255mN[38;2;170;255;255mN[38;2;168;255;255mN[38;2;162;255;255mN[38;2;194;255;255mN[38;2;81;244;255m0[38;2;76;197;255mx[38;2;62;171;252md[38;2;43;94;201m;[38;2;26;63;174m'[38;2;248;255;255mM[38;2;42;66;114m'[38;2;11;39;94m.[38;2;85;150;191mo[38;2;2;11;28m [38;2;9;25;81m [38;2;167;205;231m0[38;2;7;22;33m [38;2;13;51;76m.[38;2;14;51;80m.[38;2;11;27;41m [38;2;38;76;97m'[38;2;21;48;79m.[38;2;45;82;96m'[38;2;59;116;119m:[38;2;41;75;85m'[38;2;24;35;42m.[38;2;63;63;54m.[38;2;114;95;78m:[38;2;176;142;79md[38;2;219;186;130mO[38;2;244;234;154mN[38;2;255;234;151mN[38;2;255;237;122mN[38;2;255;238;131mN[38;2;255;243;121mN[38;2;243;215;101mK[38;2;248;220;97mX[38;2;255;232;95mX[38;2;255;223;86mX[38;2;255;224;88mX[38;2;255;224;88mX[38;2;255;223;80mX[38;2;255;226;81mX[38;2;255;225;79mX[38;2;255;223;81mX[38;2;255;224;80mX[38;2;255;223;80mX[38;2;255;221;78mX[38;2;255;224;81mX[0m
[0m[38;2;28;48;54m.[38;2;12;45;53m.[38;2;16;45;52m.[38;2;4;20;34m [38;2;17;45;59m.[38;2;5;29;39m [38;2;79;141;131mc[38;2;2;10;18m [38;2;7;41;46m.[38;2;24;36;78m.[38;2;200;237;245mN[38;2;0;7;15m [38;2;2;32;45m [38;2;49;97;100m,[38;2;20;55;61m.[38;2;13;45;56m.[38;2;66;122;136m:[38;2;7;15;24m [38;2;34;78;90m'[38;2;38;84;101m'[38;2;37;76;124m'[38;2;35;74;126m'[38;2;34;77;130m'[38;2;31;75;155m'[38;2;48;101;207m;[38;2;37;126;243mc[38;2;24;195;255md[38;2;104;219;255mO[38;2;102;242;255m0[38;2;107;248;255mK[38;2;126;251;255mK[38;2;117;253;255mK[38;2;133;255;255mX[38;2;129;254;255mX[38;2;123;248;255mK[38;2;84;224;255mO[38;2;67;169;254md[38;2;60;147;236ml[38;2;61;125;199mc[38;2;96;127;195ml[38;2;203;232;249mX[38;2;2;18;51m [38;2;11;39;97m.[38;2;35;68;122m'[38;2;2;22;42m [38;2;5;27;67m [38;2;169;200;218m0[38;2;7;21;35m [38;2;9;49;76m.[38;2;15;53;82m.[38;2;7;20;34m [38;2;90;154;166mo[38;2;17;44;63m.[38;2;12;30;58m [38;2;56;116;135m:[38;2;64;112;134m:[38;2;12;29;46m [38;2;2;31;60m [38;2;95;145;220mo[38;2;16;39;123m.[38;2;41;105;235m:[38;2;107;196;245mk[38;2;137;202;253mO[38;2;155;216;250m0[38;2;184;193;238m0[38;2;225;201;182mK[38;2;155;111;66mc[38;2;214;185;110mO[38;2;221;189;73mO[38;2;235;191;67mO[38;2;245;213;93mK[38;2;255;227;98mX[38;2;255;234;86mX[38;2;255;234;85mX[38;2;255;233;82mX[38;2;255;230;86mX[38;2;255;233;84mX[38;2;255;231;88mX[38;2;255;231;88mX[38;2;255;228;83mX[0m
[0m[38;2;24;48;51m.[38;2;9;46;59m.[38;2;22;46;56m.[38;2;3;18;36m [38;2;15;47;51m.[38;2;7;28;42m [38;2;81;148;148ml[38;2;13;28;40m [38;2;12;45;51m.[38;2;6;12;36m [38;2;183;211;246mK[38;2;34;43;54m.[38;2;10;32;49m [38;2;25;62;66m.[38;2;73;136;141mc[38;2;5;28;39m [38;2;67;115;136m:[38;2;1;12;13m [38;2;21;47;68m.[38;2;12;46;73m.[38;2;17;46;89m.[38;2;11;50;82m.[38;2;15;48;102m.[38;2;17;51;126m.[38;2;21;55;146m.[38;2;16;58;184m.[38;2;34;110;221m:[38;2;17;79;222m,[38;2;7;116;248m:[38;2;8;129;253m:[38;2;12;139;250mc[38;2;9;151;254mc[38;2;6;154;254mc[38;2;10;149;252mc[38;2;12;141;252mc[38;2;120;195;254mk[38;2;28;73;210m'[38;2;16;75;176m'[38;2;11;42;131m.[38;2;173;207;245m0[38;2;41;68;110m'[38;2;18;45;85m.[38;2;28;66;117m.[38;2;38;78;121m'[38;2;20;41;53m.[38;2;6;23;69m [38;2;153;176;208mk[38;2;24;51;66m.[38;2;31;66;104m.[38;2;38;78;98m'[38;2;23;42;54m.[38;2;66;119;121m:[38;2;60;113;131m:[38;2;15;36;71m.[38;2;10;37;60m.[38;2;48;82;106m'[38;2;9;26;40m [38;2;21;40;98m.[38;2;115;143;177mo[38;2;14;50;196m.[38;2;56;148;255ml[38;2;65;227;255mO[38;2;176;255;255mN[38;2;182;255;255mN[38;2;39;207;255mx[38;2;70;99;229m:[38;2;132;108;120mc[38;2;172;131;78mo[38;2;204;147;58md[38;2;198;131;42mo[38;2;200;119;24ml[38;2;201;129;33mo[38;2;207;147;44md[38;2;215;157;45mx[38;2;212;161;50mx[38;2;221;166;50mk[38;2;214;161;46mx[38;2;212;152;43mx[38;2;198;133;35mo[38;2;197;140;37md[0m
[0m[38;2;27;50;54m.[38;2;13;46;64m.[38;2;13;49;52m.[38;2;2;17;26m [38;2;11;51;55m.[38;2;8;32;43m [38;2;75;136;141mc[38;2;7;29;32m [38;2;12;48;49m.[38;2;4;21;29m [38;2;101;134;185ml[38;2;120;140;144mo[38;2;10;26;32m [38;2;9;38;57m.[38;2;42;87;98m'[38;2;52;103;110m;[38;2;58;113;129m;[38;2;4;13;27m [38;2;14;47;64m.[38;2;15;48;66m.[38;2;13;46;71m.[38;2;16;49;78m.[38;2;14;47;90m.[38;2;14;47;92m.[38;2;17;47;106m.[38;2;18;50;112m.[38;2;21;60;136m.[38;2;11;36;110m.[38;2;20;60;177m.[38;2;12;64;182m.[38;2;18;70;185m'[38;2;12;71;197m'[38;2;12;71;195m'[38;2;12;53;176m.[38;2;31;84;209m,[38;2;132;192;247mO[38;2;9;32;101m.[38;2;3;39;115m.[38;2;33;58;135m.[38;2;169;193;208mO[38;2;0;1;31m [38;2;9;49;102m.[38;2;13;56;105m.[38;2;17;61;105m.[38;2;33;61;81m.[38;2;11;21;86m [38;2;147;168;192mx[38;2;10;25;44m [38;2;16;50;87m.[38;2;22;57;86m.[38;2;59;86;118m,[38;2;12;26;40m [38;2;27;63;84m.[38;2;29;62;93m.[38;2;26;64;83m.[38;2;50;88;104m,[38;2;4;19;45m [38;2;98;115;148mc[38;2;61;88;128m,[38;2;38;81;184m,[38;2;28;69;218m'[38;2;68;212;254mk[38;2;131;203;255mO[38;2;72;212;255mk[38;2;105;217;255mO[38;2;0;7;148m [38;2;4;7;37m [38;2;92;117;152mc[38;2;58;48;30m.[38;2;80;79;57m,[38;2;95;81;50m,[38;2;110;82;30m,[38;2;117;87;32m;[38;2;134;91;34m;[38;2;134;96;32m:[38;2;166;106;25mc[38;2;176;118;32ml[38;2;182;112;25ml[38;2;134;95;38m:[38;2;83;67;35m'[0m
[0m[38;2;25;46;42m.[38;2;6;41;43m.[38;2;11;43;46m.[38;2;0;10;12m [38;2;6;47;57m.[38;2;53;102;116m;[38;2;58;105;99m;[38;2;0;10;10m [38;2;11;32;36m [38;2;5;22;27m [38;2;27;45;72m.[38;2;157;194;227mO[38;2;19;37;41m.[38;2;5;29;33m [38;2;1;27;34m [38;2;45;88;88m'[38;2;46;90;85m,[38;2;1;5;6m [38;2;14;34;40m [38;2;8;35;39m [38;2;5;34;44m [38;2;8;36;42m [38;2;6;37;44m [38;2;7;31;57m [38;2;11;33;49m [38;2;9;33;60m.[38;2;13;33;72m.[38;2;3;18;54m [38;2;14;37;93m.[38;2;13;39;87m.[38;2;13;33;103m.[38;2;11;36;97m.[38;2;12;34;98m.[38;2;10;27;89m [38;2;30;73;177m'[38;2;150;211;253m0[38;2;4;15;59m [38;2;4;21;86m [38;2;130;172;232mx[38;2;80;95;127m;[38;2;2;22;62m [38;2;14;34;87m.[38;2;19;40;89m.[38;2;15;38;88m.[38;2;11;26;59m [38;2;25;38;118m.[38;2;139;156;178md[38;2;4;19;34m [38;2;11;31;59m [38;2;7;37;60m.[38;2;20;36;63m.[38;2;8;22;33m [38;2;17;35;56m.[38;2;12;34;58m.[38;2;11;38;52m.[38;2;14;39;50m.[38;2;4;14;38m [38;2;140;168;201mx[38;2;8;19;51m [38;2;15;31;72m.[38;2;56;82;154m,[38;2;72;96;167m;[38;2;6;30;136m.[38;2;105;134;243mo[38;2;144;153;178md[38;2;0;0;9m [38;2;95;111;152mc[38;2;52;58;67m.[38;2;11;21;27m [38;2;20;55;79m.[38;2;13;45;60m.[38;2;7;16;18m [38;2;8;36;45m [38;2;24;45;54m.[38;2;27;43;49m.[38;2;12;22;28m [38;2;13;23;18m [38;2;52;57;57m.[38;2;21;42;52m.[38;2;33;63;77m.[0m
[0m[38;2;21;51;57m.[38;2;8;48;61m.[38;2;9;37;39m [38;2;0;16;17m [38;2;11;37;51m.[38;2;64;118;127m:[38;2;56;106;116m;[38;2;2;9;16m [38;2;1;9;7m [38;2;7;19;21m [38;2;4;12;16m [38;2;56;88;143m,[38;2;122;154;184md[38;2;22;31;26m [38;2;2;4;0m [38;2;0;3;0m [38;2;0;6;2m [38;2;12;25;28m [38;2;7;26;34m [38;2;5;15;13m [38;2;8;17;21m [38;2;4;18;20m [38;2;3;15;13m [38;2;2;3;8m [38;2;0;5;11m [38;2;0;6;25m [38;2;1;10;19m [38;2;10;28;53m [38;2;6;28;55m [38;2;8;19;43m [38;2;1;13;39m [38;2;4;19;57m [38;2;7;19;43m [38;2;0;2;18m [38;2;36;74;181m'[38;2;176;238;255mX[38;2;0;1;46m [38;2;34;74;186m'[38;2;178;213;245mK[38;2;40;60;114m.[38;2;67;90;123m;[38;2;69;87;125m,[38;2;77;92;126m;[38;2;75;91;118m;[38;2;81;100;126m;[38;2;25;43;121m.[38;2;134;147;173md[38;2;74;81;85m,[38;2;37;45;62m.[38;2;9;15;28m [38;2;2;1;6m [38;2;11;20;33m [38;2;10;20;34m [38;2;0;10;14m [38;2;0;5;9m [38;2;0;5;14m [38;2;0;2;18m [38;2;138;177;219mk[38;2;24;27;37m [38;2;27;33;39m.[38;2;128;150;186md[38;2;52;63;96m.[38;2;8;19;43m [38;2;225;239;252mN[38;2;30;38;44m.[38;2;37;48;68m.[38;2;94;120;145mc[38;2;3;0;0m [38;2;13;24;32m [38;2;17;56;78m.[38;2;15;45;54m.[38;2;8;18;20m [38;2;19;37;41m.[38;2;6;33;35m [38;2;13;29;29m [38;2;19;47;57m.[38;2;5;37;40m [38;2;76;130;122mc[38;2;20;51;64m.[38;2;25;53;56m.[0m
[0m[38;2;17;56;54m.[38;2;10;51;60m.[38;2;8;38;38m.[38;2;2;16;18m [38;2;10;39;60m.[38;2;72;127;125mc[38;2;46;101;109m,[38;2;4;14;30m [38;2;0;10;7m [38;2;20;49;55m.[38;2;6;25;37m [38;2;9;26;33m [38;2;49;87;144m,[38;2;137;165;204mx[38;2;63;70;75m'[38;2;1;1;0m [38;2;0;2;0m [38;2;24;58;79m.[38;2;12;53;74m.[38;2;3;20;18m [38;2;20;47;59m.[38;2;4;31;42m [38;2;0;23;27m [38;2;0;10;5m [38;2;0;7;8m [38;2;3;5;15m [38;2;2;14;20m [38;2;15;52;84m.[38;2;11;54;91m.[38;2;6;20;41m [38;2;4;31;47m [38;2;3;21;48m [38;2;14;32;76m.[38;2;0;1;30m [38;2;31;78;203m,[38;2;171;210;245m0[38;2;17;36;135m.[38;2;119;184;248mk[38;2;69;85;177m;[38;2;86;140;223mo[38;2;111;174;242mx[38;2;123;174;236mx[38;2;116;169;232mx[38;2;114;174;233mx[38;2;118;157;221md[38;2;20;48;156m.[38;2;117;157;198md[38;2;105;128;166ml[38;2;70;96;133m;[38;2;81;101;141m:[38;2;59;83;118m,[38;2;101;128;154ml[38;2;35;44;57m.[38;2;3;20;28m [38;2;0;4;10m [38;2;0;12;24m [38;2;4;10;36m [38;2;119;158;192md[38;2;87;102;119m:[38;2;65;83;134m,[38;2;126;178;233mk[38;2;49;58;130m.[38;2;83;102;172m:[38;2;165;187;216mO[38;2;75;99;146m;[38;2;114;142;200mo[38;2;9;13;19m [38;2;1;4;12m [38;2;9;23;37m [38;2;19;53;77m.[38;2;18;44;57m.[38;2;8;20;19m [38;2;16;49;55m.[38;2;16;49;53m.[38;2;0;1;0m [38;2;21;44;48m.[38;2;5;29;47m [38;2;87;131;134mc[38;2;9;31;42m [38;2;22;46;55m.[0m
[0m[38;2;20;53;57m.[38;2;9;49;56m.[38;2;5;34;39m [38;2;8;23;25m [38;2;8;34;56m [38;2;71;130;130mc[38;2;43;94;103m,[38;2;2;13;21m [38;2;5;16;17m [38;2;6;22;28m [38;2;12;44;55m.[38;2;9;30;34m [38;2;4;4;7m [38;2;30;55;100m.[38;2;138;175;220mk[38;2;122;135;146ml[38;2;34;37;37m.[38;2;13;38;58m.[38;2;7;54;71m.[38;2;5;34;40m [38;2;10;23;27m [38;2;18;45;60m.[38;2;0;15;16m [38;2;0;8;1m [38;2;0;7;1m [38;2;4;5;7m [38;2;2;13;21m [38;2;16;51;72m.[38;2;9;49;87m.[38;2;9;40;75m.[38;2;4;26;50m [38;2;12;44;82m.[38;2;10;31;93m.[38;2;0;1;57m [38;2;40;95;236m;[38;2;157;189;248mO[38;2;89;141;240mo[38;2;83;160;253md[38;2;9;120;241m:[38;2;9;136;245mc[38;2;9;138;255mc[38;2;5;138;252mc[38;2;2;130;252m:[38;2;1;116;247m;[38;2;1;90;239m,[38;2;20;84;237m,[38;2;128;138;200mo[38;2;0;30;124m.[38;2;0;4;45m [38;2;0;5;29m [38;2;3;6;18m [38;2;38;61;103m.[38;2;173;183;213mO[38;2;3;9;12m [38;2;6;11;43m [38;2;7;15;28m [38;2;25;40;84m.[38;2;94;130;162ml[38;2;14;29;70m [38;2;32;90;207m,[38;2;89;196;253mk[38;2;52;125;239mc[38;2;108;210;251mO[38;2;117;179;239mx[38;2;43;163;251mo[38;2;80;127;193mc[38;2;0;4;58m [38;2;0;5;35m [38;2;12;23;46m [38;2;20;51;74m.[38;2;22;44;64m.[38;2;11;21;21m [38;2;11;51;63m.[38;2;18;47;52m.[38;2;0;0;4m [38;2;23;44;46m.[38;2;25;58;65m.[38;2;51;96;97m,[38;2;8;36;49m.[38;2;21;44;53m.[0m
[0m[38;2;22;53;60m.[38;2;9;50;62m.[38;2;8;39;44m.[38;2;4;19;15m [38;2;7;39;55m.[38;2;71;140;149mc[38;2;38;85;91m'[38;2;4;11;15m [38;2;14;46;60m.[38;2;8;42;57m.[38;2;9;47;59m.[38;2;9;31;35m [38;2;3;11;15m [38;2;2;9;7m [38;2;14;27;39m [38;2;63;89;131m,[38;2;129;163;199mx[38;2;117;144;159mo[38;2;77;90;95m,[38;2;17;45;54m.[38;2;6;38;49m.[38;2;18;57;64m.[38;2;16;35;42m.[38;2;20;37;35m.[38;2;20;37;36m.[38;2;20;40;33m.[38;2;0;12;15m [38;2;35;73;91m.[38;2;20;52;67m.[38;2;18;48;64m.[38;2;13;44;85m.[38;2;34;63;111m.[38;2;30;49;117m.[38;2;38;64;168m'[38;2;49;122;250mc[38;2;152;222;255mK[38;2;86;222;255mO[38;2;98;236;255m0[38;2;101;251;255mK[38;2;114;251;255mK[38;2;121;253;255mK[38;2;136;255;255mX[38;2;144;249;255mX[38;2;149;252;255mX[38;2;47;232;255mk[38;2;13;163;255ml[38;2;133;175;242mk[38;2;42;101;207m;[38;2;26;87;161m,[38;2;67;128;171mc[38;2;36;68;97m.[38;2;5;15;62m [38;2;167;182;240mO[38;2;4;11;37m [38;2;53;94;146m;[38;2;47;81;96m'[38;2;40;60;103m.[38;2;110;143;168mo[38;2;54;109;200m:[38;2;57;170;255md[38;2;110;229;255m0[38;2;72;252;255m0[38;2;112;255;255mK[38;2;179;255;255mN[38;2;43;192;255md[38;2;74;164;255md[38;2;3;6;103m [38;2;0;9;39m [38;2;7;28;49m [38;2;16;53;79m.[38;2;15;42;60m.[38;2;8;24;23m [38;2;13;48;57m.[38;2;19;45;53m.[38;2;0;0;2m [38;2;9;40;42m.[38;2;70;114;120m:[38;2;12;42;53m.[38;2;13;44;58m.[38;2;20;45;56m.[0m
[0m[38;2;16;46;53m.[38;2;31;76;89m.[38;2;53;105;99m;[38;2;2;15;15m [38;2;5;39;54m.[38;2;77;144;153ml[38;2;36;89;87m'[38;2;13;21;19m [38;2;42;84;92m'[38;2;40;78;89m'[38;2;43;88;89m'[38;2;48;103;112m;[38;2;37;74;86m'[38;2;21;57;62m.[38;2;24;62;58m.[38;2;23;49;49m.[38;2;8;20;24m [38;2;29;68;92m.[38;2;83;103;143m:[38;2;96;129;165ml[38;2;90;121;148mc[38;2;72;108;135m:[38;2;99;125;130mc[38;2;97;133;140ml[38;2;108;142;156mo[38;2;109;148;158mo[38;2;102;120;129mc[38;2;115;139;152mo[38;2;116;142;162mo[38;2;113;133;157ml[38;2;120;143;168mo[38;2;108;143;177mo[38;2;51;105;199m:[38;2;43;98;217m;[38;2;53;152;255mo[38;2;132;234;255mK[38;2;76;242;255m0[38;2;220;255;255mW[38;2;180;255;255mN[38;2;184;255;255mN[38;2;199;255;255mW[38;2;201;255;255mW[38;2;211;255;255mW[38;2;228;255;255mW[38;2;74;254;255m0[38;2;7;206;255md[38;2;100;176;253mx[38;2;58;133;241ml[38;2;24;68;152m'[38;2;67;140;189ml[38;2;49;97;131m,[38;2;0;13;58m [38;2;165;191;234mO[38;2;18;29;64m.[38;2;14;54;100m.[38;2;33;58;80m.[38;2;49;65;118m'[38;2;108;130;154ml[38;2;16;35;132m.[38;2;69;138;228ml[38;2;57;156;240mo[38;2;50;249;255mO[38;2;192;255;255mN[38;2;47;233;255mO[38;2;1;70;242m'[38;2;50;104;214m:[38;2;36;49;123m.[38;2;0;2;31m [38;2;13;29;37m [38;2;11;62;80m.[38;2;11;43;56m.[38;2;11;26;27m [38;2;9;50;58m.[38;2;15;48;58m.[38;2;0;3;1m [38;2;19;55;61m.[38;2;62;106;111m;[38;2;3;25;33m [38;2;21;41;48m.[38;2;16;49;61m.[0m
[0m[38;2;40;67;78m.[38;2;85;166;175mo[38;2;22;54;41m.[38;2;5;20;20m [38;2;3;42;53m.[38;2;80;146;156ml[38;2;34;82;78m'[38;2;24;40;47m.[38;2;86;172;173md[38;2;63;147;145mc[38;2;63;142;129mc[38;2;63;149;142ml[38;2;67;153;145ml[38;2;14;50;61m.[38;2;5;46;55m.[38;2;5;46;51m.[38;2;2;15;27m [38;2;11;47;57m.[38;2;9;45;55m.[38;2;7;38;49m.[38;2;22;53;70m.[38;2;27;54;87m.[38;2;49;109;140m;[38;2;45;93;137m,[38;2;34;72;108m'[38;2;37;85;119m'[38;2;34;64;86m.[38;2;24;64;92m.[38;2;15;43;79m.[38;2;6;33;62m [38;2;16;43;87m.[38;2;73;147;162ml[38;2;71;144;191ml[38;2;48;116;224m:[38;2;57;156;253mo[38;2;120;229;255m0[38;2;66;239;255mO[38;2;211;255;255mW[38;2;175;255;255mN[38;2;176;255;255mN[38;2;174;255;255mN[38;2;190;255;255mN[38;2;197;255;255mW[38;2;217;255;255mW[38;2;54;248;255mO[38;2;22;207;255mx[38;2;106;157;249md[38;2;7;50;209m.[38;2;62;126;193mc[38;2;15;50;96m.[38;2;45;72;109m'[38;2;0;6;37m [38;2;162;187;234mO[38;2;23;35;73m.[38;2;13;37;74m.[38;2;13;30;42m [38;2;30;51;87m.[38;2;93;125;136mc[38;2;76;95;130m;[38;2;42;64;118m.[38;2;64;112;192m:[38;2;105;157;205md[38;2;76;156;247mo[38;2;25;91;209m,[38;2;0;9;109m [38;2;57;87;149m,[38;2;45;61;93m.[38;2;1;3;3m [38;2;7;28;36m [38;2;16;55;75m.[38;2;7;43;52m.[38;2;17;28;29m [38;2;4;35;40m [38;2;14;52;57m.[38;2;0;0;1m [38;2;69;131;125mc[38;2;15;48;51m.[38;2;10;44;58m.[38;2;18;35;40m.[38;2;12;47;50m.[0m
[0m[38;2;80;146;142ml[38;2;22;73;81m.[38;2;3;17;18m [38;2;4;20;24m [38;2;5;40;58m.[38;2;76;145;152ml[38;2;36;98;92m,[38;2;24;36;50m.[38;2;74;162;164mo[38;2;62;139;135mc[38;2;62;138;135mc[38;2;62;142;140mc[38;2;60;146;142mc[38;2;69;133;132mc[38;2;14;49;55m.[38;2;9;46;56m.[38;2;0;21;28m [38;2;12;44;59m.[38;2;9;48;62m.[38;2;9;48;59m.[38;2;9;48;63m.[38;2;5;35;48m [38;2;53;114;108m;[38;2;75;169;156mo[38;2;27;73;69m.[38;2;11;46;57m.[38;2;2;24;37m [38;2;14;53;67m.[38;2;20;51;74m.[38;2;11;50;83m.[38;2;7;43;81m.[38;2;31;77;104m'[38;2;56;129;182mc[38;2;31;78;182m,[38;2;98;159;252md[38;2;123;200;255mO[38;2;42;198;255mx[38;2;166;252;255mN[38;2;118;253;255mK[38;2;126;255;255mX[38;2;111;255;255mK[38;2;115;255;255mK[38;2;104;252;255mK[38;2;101;245;255mK[38;2;13;186;255mo[38;2;37;187;255md[38;2;120;141;224mo[38;2;17;53;174m.[38;2;27;67;143m.[38;2;34;70;114m'[38;2;54;103;135m;[38;2;1;3;30m [38;2;157;174;211mk[38;2;32;57;98m.[38;2;15;46;82m.[38;2;14;58;76m.[38;2;13;27;51m [38;2;81;119;140m:[38;2;110;135;171ml[38;2;2;7;11m [38;2;177;199;227m0[38;2;18;35;64m.[38;2;89;129;174ml[38;2;6;12;38m [38;2;0;1;11m [38;2;111;133;145ml[38;2;14;23;32m [38;2;0;2;1m [38;2;8;29;35m [38;2;8;65;66m.[38;2;12;38;50m.[38;2;14;32;34m [38;2;2;35;46m [38;2;11;49;67m.[38;2;15;29;23m [38;2;55;102;104m;[38;2;7;43;54m.[38;2;12;48;58m.[38;2;20;41;55m.[38;2;15;46;54m.[0m
[0m[38;2;34;73;69m.[38;2;5;42;53m.[38;2;1;29;23m [38;2;3;17;20m [38;2;4;35;42m [38;2;77;147;153ml[38;2;31;78;72m.[38;2;22;33;53m.[38;2;72;159;155ml[38;2;58;141;131mc[38;2;60;139;142mc[38;2;58;136;133mc[38;2;57;146;139mc[38;2;56;136;130mc[38;2;61;115;125m:[38;2;11;48;47m.[38;2;0;21;29m [38;2;8;49;58m.[38;2;10;46;55m.[38;2;9;44;49m.[38;2;7;42;51m.[38;2;6;40;49m.[38;2;6;29;35m [38;2;46;86;90m'[38;2;56;109;107m;[38;2;26;54;60m.[38;2;22;43;48m.[38;2;10;29;35m [38;2;22;46;57m.[38;2;20;49;66m.[38;2;21;53;73m.[38;2;24;49;72m.[38;2;27;66;98m.[38;2;10;28;101m.[38;2;109;168;242mx[38;2;125;153;222md[38;2;4;65;215m'[38;2;44;205;255mx[38;2;11;152;246mc[38;2;15;152;253ml[38;2;5;148;252mc[38;2;11;133;250m:[38;2;13;128;247m:[38;2;17;122;244m:[38;2;5;54;224m.[38;2;70;140;244ml[38;2;126;137;192mo[38;2;7;39;142m.[38;2;17;55;129m.[38;2;19;55;115m.[38;2;18;65;111m.[38;2;0;6;15m [38;2;138;161;207mx[38;2;71;97;116m;[38;2;8;28;51m [38;2;8;33;50m [38;2;0;7;19m [38;2;92;141;188ml[38;2;101;135;173ml[38;2;15;24;39m [38;2;165;172;189mk[38;2;74;101;116m;[38;2;25;35;55m.[38;2;1;0;1m [38;2;10;15;20m [38;2;128;165;185md[38;2;0;0;1m [38;2;0;6;2m [38;2;17;30;33m [38;2;8;63;70m.[38;2;11;31;46m [38;2;6;29;30m [38;2;9;38;51m.[38;2;14;45;56m.[38;2;11;25;22m [38;2;9;46;47m.[38;2;8;43;52m.[38;2;9;40;50m.[38;2;22;42;57m.[38;2;9;36;51m.[0m
[0m[38;2;23;48;50m.[38;2;8;45;61m.[38;2;9;32;22m [38;2;5;14;17m [38;2;7;32;44m [38;2;75;139;155ml[38;2;26;71;58m.[38;2;16;26;35m [38;2;61;116;116m:[38;2;44;96;91m,[38;2;41;93;89m,[38;2;40;93;94m,[38;2;45;93;91m,[38;2;62;110;115m;[38;2;45;84;81m'[38;2;39;77;80m'[38;2;37;73;76m.[38;2;3;14;17m [38;2;10;42;49m.[38;2;5;39;43m.[38;2;9;38;48m.[38;2;11;39;51m.[38;2;23;51;64m.[38;2;20;54;64m.[38;2;19;57;63m.[38;2;26;63;75m.[38;2;50;102;111m;[38;2;2;20;13m [38;2;15;51;65m.[38;2;10;50;67m.[38;2;7;53;68m.[38;2;9;50;74m.[38;2;8;52;70m.[38;2;0;18;53m [38;2;109;169;220mx[38;2;119;128;152ml[38;2;0;2;73m [38;2;93;174;238mx[38;2;38;86;177m,[38;2;13;65;179m.[38;2;8;73;180m'[38;2;16;66;182m'[38;2;25;62;169m.[38;2;18;58;155m.[38;2;6;23;121m.[38;2;89;148;231mo[38;2;122;131;149ml[38;2;3;18;67m [38;2;10;20;78m [38;2;4;19;54m [38;2;1;18;44m [38;2;0;1;25m [38;2;109;148;206mo[38;2;89;123;140mc[38;2;5;21;55m [38;2;20;55;107m.[38;2;0;21;55m [38;2;91;122;152mc[38;2;91;119;157mc[38;2;115;124;135ml[38;2;92;99;113m:[38;2;104;146;171mo[38;2;18;31;32m [38;2;16;22;31m [38;2;119;140;149mo[38;2;32;40;46m.[38;2;0;6;1m [38;2;2;5;4m [38;2;13;32;34m [38;2;7;63;67m.[38;2;18;29;46m [38;2;8;31;26m [38;2;4;37;43m [38;2;7;28;35m [38;2;8;18;17m [38;2;11;47;51m.[38;2;13;37;53m.[38;2;7;33;40m [38;2;14;40;46m.[38;2;43;84;93m'[0m
[0m[38;2;19;39;39m.[38;2;8;42;53m.[38;2;7;31;26m [38;2;8;33;42m [38;2;6;29;41m [38;2;70;125;149mc[38;2;39;89;81m'[38;2;1;3;4m [38;2;7;31;35m [38;2;5;33;34m [38;2;14;43;53m.[38;2;21;54;60m.[38;2;27;61;65m.[38;2;28;67;75m.[38;2;30;64;69m.[38;2;41;81;91m'[38;2;86;170;164mo[38;2;2;5;7m [38;2;10;47;58m.[38;2;8;45;58m.[38;2;10;45;61m.[38;2;7;44;51m.[38;2;7;44;57m.[38;2;9;47;58m.[38;2;7;45;58m.[38;2;9;48;60m.[38;2;15;59;71m.[38;2;22;35;37m.[38;2;12;53;66m.[38;2;10;48;62m.[38;2;9;49;69m.[38;2;10;47;66m.[38;2;10;49;73m.[38;2;2;20;46m [38;2;117;160;202md[38;2;119;131;139ml[38;2;0;3;25m [38;2;59;115;143m:[38;2;44;82;110m'[38;2;8;28;75m [38;2;4;28;69m [38;2;8;22;70m [38;2;6;16;54m [38;2;0;11;52m [38;2;0;4;43m [38;2;114;158;224md[38;2;86;119;134mc[38;2;15;25;89m.[38;2;0;15;75m [38;2;0;16;82m [38;2;1;15;90m [38;2;0;2;87m [38;2;76;133;235ml[38;2;95;126;180ml[38;2;6;36;149m.[38;2;27;68;177m'[38;2;4;42;143m.[38;2;20;32;101m.[38;2;68;101;158m;[38;2;193;211;230mK[38;2;16;28;36m [38;2;129;153;165md[38;2;86;98;108m;[38;2;112;147;174mo[38;2;26;28;32m [38;2;0;5;0m [38;2;2;7;4m [38;2;2;6;7m [38;2;17;33;37m [38;2;9;56;63m.[38;2;13;38;56m.[38;2;10;19;18m [38;2;12;22;27m [38;2;6;28;28m [38;2;6;34;30m [38;2;12;41;49m.[38;2;40;82;89m'[38;2;55;102;107m;[38;2;66;121;131m:[38;2;47;97;102m,[0m
[0m[38;2;24;46;46m.[38;2;11;44;56m.[38;2;9;44;49m.[38;2;8;43;51m.[38;2;6;29;35m [38;2;65;115;144m:[38;2;49;101;80m,[38;2;0;11;13m [38;2;9;44;55m.[38;2;5;43;47m.[38;2;7;43;48m.[38;2;8;43;48m.[38;2;8;42;50m.[38;2;7;43;50m.[38;2;10;43;48m.[38;2;7;34;40m [38;2;57;107;107m;[38;2;5;11;10m [38;2;11;45;50m.[38;2;9;45;56m.[38;2;9;44;52m.[38;2;9;43;55m.[38;2;8;44;47m.[38;2;12;43;57m.[38;2;11;44;55m.[38;2;14;46;53m.[38;2;18;49;55m.[38;2;46;60;62m.[38;2;17;52;62m.[38;2;6;37;46m [38;2;5;32;40m [38;2;5;27;31m [38;2;4;20;24m [38;2;2;7;11m [38;2;101;146;191mo[38;2;128;132;138ml[38;2;7;13;23m [38;2;7;21;40m [38;2;7;14;21m [38;2;2;18;39m [38;2;22;65;111m.[38;2;2;24;40m [38;2;0;6;35m [38;2;0;14;46m [38;2;2;12;57m [38;2;140;169;237mx[38;2;55;83;147m,[38;2;11;48;181m.[38;2;1;43;188m.[38;2;2;50;192m.[38;2;0;71;211m'[38;2;0;64;218m.[38;2;42;179;255md[38;2;82;174;243md[38;2;76;168;251md[38;2;109;197;255mk[38;2;1;138;252mc[38;2;24;75;199m'[38;2;12;34;155m.[38;2;187;215;240mK[38;2;71;92;117m;[38;2;99;120;151mc[38;2;49;83;87m'[38;2;59;97;135m;[38;2;2;2;4m [38;2;0;5;1m [38;2;0;5;1m [38;2;0;8;3m [38;2;15;33;36m [38;2;8;54;65m.[38;2;12;49;63m.[38;2;9;44;48m.[38;2;7;27;26m [38;2;19;58;61m.[38;2;28;66;70m.[38;2;40;84;89m'[38;2;34;72;82m.[38;2;13;43;59m.[38;2;7;39;53m.[38;2;8;44;55m.[0m
[0m[38;2;23;46;46m.[38;2;9;44;58m.[38;2;5;43;52m.[38;2;9;43;50m.[38;2;5;28;36m [38;2;56;104;122m;[38;2;55;119;95m;[38;2;0;8;13m [38;2;12;42;55m.[38;2;6;42;52m.[38;2;9;42;48m.[38;2;8;42;46m.[38;2;9;42;49m.[38;2;7;43;48m.[38;2;9;43;48m.[38;2;10;42;48m.[38;2;12;46;51m.[38;2;6;17;24m [38;2;14;49;54m.[38;2;12;44;53m.[38;2;9;39;43m.[38;2;9;35;37m [38;2;8;32;32m [38;2;7;27;29m [38;2;5;23;24m [38;2;6;19;15m [38;2;4;16;9m [38;2;9;19;21m [38;2;10;23;22m [38;2;0;5;4m [38;2;12;27;24m [38;2;12;27;35m [38;2;4;15;15m [38;2;0;0;0m [38;2;93;140;171ml[38;2;134;146;154mo[38;2;8;26;39m [38;2;10;30;45m [38;2;7;13;21m [38;2;6;24;54m [38;2;35;68;98m.[38;2;5;26;47m [38;2;0;4;30m [38;2;0;15;69m [38;2;13;25;113m.[38;2;146;187;251mO[38;2;27;116;237m:[38;2;32;159;254ml[38;2;59;186;255md[38;2;86;208;255mk[38;2;119;225;255m0[38;2;69;241;255mO[38;2;94;249;255mK[38;2;48;243;255mO[38;2;196;255;255mN[38;2;197;255;255mN[38;2;1;193;255mo[38;2;2;80;244m'[38;2;81;112;200mc[38;2;129;134;148mo[38;2;22;36;70m.[38;2;77;113;152m:[38;2;8;29;37m [38;2;55;96;144m;[38;2;4;4;0m [38;2;0;5;2m [38;2;3;5;0m [38;2;0;5;0m [38;2;16;35;36m.[38;2;9;51;72m.[38;2;12;47;59m.[38;2;5;22;24m [38;2;5;24;30m [38;2;13;44;50m.[38;2;8;35;50m [38;2;10;46;61m.[38;2;10;45;58m.[38;2;10;46;59m.[38;2;12;50;61m.[38;2;10;38;52m.[0m
[0m[38;2;17;46;54m.[38;2;9;43;56m.[38;2;9;41;51m.[38;2;9;42;48m.[38;2;5;25;44m [38;2;62;105;141m;[38;2;52;121;106m;[38;2;2;11;19m [38;2;9;42;54m.[38;2;12;45;53m.[38;2;5;47;50m.[38;2;7;44;57m.[38;2;7;41;43m.[38;2;6;36;39m [38;2;6;34;35m [38;2;5;27;31m [38;2;4;30;33m [38;2;2;10;11m [38;2;3;18;16m [38;2;4;12;11m [38;2;26;26;30m [38;2;51;51;51m.[38;2;51;52;51m.[38;2;50;52;51m.[38;2;51;53;50m.[38;2;51;52;51m.[38;2;46;42;42m.[38;2;51;61;75m.[38;2;37;55;49m.[38;2;30;31;27m.[38;2;16;30;30m [38;2;10;27;34m [38;2;3;14;15m [38;2;0;0;0m [38;2;55;88;132m,[38;2;178;196;206m0[38;2;6;16;20m [38;2;15;38;51m.[38;2;12;33;47m [38;2;16;37;60m.[38;2;13;40;64m.[38;2;11;27;52m [38;2;22;46;79m.[38;2;36;67;139m'[38;2;22;50;199m.[38;2;157;219;255mK[38;2;81;227;255mO[38;2;143;255;255mX[38;2;151;255;255mX[38;2;159;255;255mN[38;2;175;255;255mN[38;2;77;255;255m0[38;2;87;249;255m0[38;2;13;242;255mk[38;2;172;255;255mN[38;2;163;255;255mN[38;2;0;201;255md[38;2;0;55;231m.[38;2;123;128;197mo[38;2;122;128;128ml[38;2;4;10;26m [38;2;132;172;193mx[38;2;5;24;37m [38;2;53;95;133m,[38;2;0;5;1m [38;2;0;6;1m [38;2;0;7;2m [38;2;0;5;1m [38;2;10;39;34m.[38;2;10;56;73m.[38;2;9;25;40m [38;2;12;33;42m [38;2;2;23;25m [38;2;6;24;28m [38;2;9;24;30m [38;2;10;30;42m [38;2;10;44;57m.[38;2;9;36;49m.[38;2;8;42;58m.[38;2;8;29;37m [0m
[0m[38;2;27;48;57m.[38;2;13;45;48m.[38;2;8;38;53m.[38;2;12;40;53m.[38;2;5;29;46m [38;2;54;90;127m,[38;2;57;127;117m:[38;2;1;12;14m [38;2;11;23;29m [38;2;3;21;25m [38;2;0;16;16m [38;2;0;13;10m [38;2;0;7;4m [38;2;0;1;0m [38;2;0;6;0m [38;2;0;3;0m [38;2;7;22;29m [38;2;11;32;34m [38;2;12;32;31m [38;2;0;8;3m [38;2;148;160;165mx[38;2;189;224;223mK[38;2;177;216;218mK[38;2;188;222;222mK[38;2;183;220;219mK[38;2;193;224;222mX[38;2;169;187;190mO[38;2;139;144;153mo[38;2;145;178;162mx[38;2;130;153;138mo[38;2;95;115;122m:[38;2;126;146;158mo[38;2;99;106;107m:[38;2;18;24;20m [38;2;22;32;58m.[38;2;228;249;255mW[38;2;20;34;33m.[38;2;18;46;47m.[38;2;10;34;51m [38;2;4;41;58m.[38;2;12;39;65m.[38;2;7;36;65m.[38;2;70;133;161mc[38;2;78;155;204mo[38;2;26;77;225m,[38;2;125;220;255m0[38;2;103;255;255mK[38;2;95;255;255mK[38;2;112;255;255mK[38;2;123;255;255mX[38;2;147;255;255mX[38;2;90;255;255mK[38;2;65;237;255mO[38;2;15;192;255md[38;2;116;221;255m0[38;2;65;190;255mx[38;2;1;110;239m;[38;2;0;29;174m.[38;2;128;135;192mo[38;2;67;91;124m;[38;2;1;5;18m [38;2;137;185;205mk[38;2;14;35;48m.[38;2;73;102;132m;[38;2;0;5;2m [38;2;2;6;0m [38;2;0;10;3m [38;2;0;5;1m [38;2;11;43;40m.[38;2;10;53;75m.[38;2;0;6;11m [38;2;12;45;53m.[38;2;8;51;62m.[38;2;9;47;47m.[38;2;8;25;35m [38;2;2;13;15m [38;2;5;26;26m [38;2;12;36;42m.[38;2;20;41;43m.[38;2;19;35;34m.[0m
[0m[38;2;17;33;36m [38;2;13;25;22m [38;2;11;23;17m [38;2;5;11;23m [38;2;17;36;51m.[38;2;46;77;122m'[38;2;73;139;139mc[38;2;6;10;8m [38;2;0;7;3m [38;2;14;19;22m [38;2;5;13;16m [38;2;16;28;27m [38;2;0;8;0m [38;2;0;8;0m [38;2;0;8;2m [38;2;0;7;4m [38;2;14;26;38m [38;2;15;49;57m.[38;2;18;50;48m.[38;2;4;16;18m [38;2;21;23;28m [38;2;23;47;50m.[38;2;22;44;34m.[38;2;28;49;46m.[38;2;24;50;47m.[38;2;29;60;59m.[38;2;26;41;36m.[38;2;27;45;43m.[38;2;33;56;59m.[38;2;19;37;26m.[38;2;6;18;21m [38;2;49;83;131m,[38;2;134;149;185md[38;2;174;196;197mO[38;2;21;28;33m [38;2;196;216;245mK[38;2;91;136;138ml[38;2;68;123;124m:[38;2;20;44;51m.[38;2;32;67;94m.[38;2;21;50;71m.[38;2;13;43;73m.[38;2;24;70;92m.[38;2;73;140;199ml[38;2;43;96;222m;[38;2;118;203;255mO[38;2;106;255;255mK[38;2;75;255;255m0[38;2;92;255;255mK[38;2;97;255;255mK[38;2;119;255;255mK[38;2;34;210;255mx[38;2;63;205;255mk[38;2;19;86;241m,[38;2;18;90;225m,[38;2;10;56;205m.[38;2;10;40;150m.[38;2;3;24;90m [38;2;128;153;191md[38;2;33;60;95m.[38;2;1;6;5m [38;2;120;173;190mx[38;2;36;63;72m.[38;2;71;102;123m;[38;2;3;8;7m [38;2;3;6;3m [38;2;3;9;0m [38;2;3;5;3m [38;2;18;46;48m.[38;2;9;45;54m.[38;2;0;6;5m [38;2;18;40;55m.[38;2;6;36;45m [38;2;16;48;54m.[38;2;15;51;61m.[38;2;20;52;58m.[38;2;2;7;14m [38;2;0;11;3m [38;2;6;14;11m [38;2;0;7;6m [0m
