[0m[38;2;29;59;56m.[38;2;9;52;52m.[38;2;17;49;37m.[38;2;1;14;11m [38;2;12;47;52m.[38;2;5;31;44m [38;2;95;174;169md[38;2;20;48;40m.[38;2;1;4;4m [38;2;5;12;1m [38;2;2;13;9m [38;2;9;21;15m [38;2;10;29;31m [38;2;3;15;20m [38;2;143;180;209mk[38;2;110;123;138mc[38;2;0;13;10m [38;2;12;57;65m.[38;2;12;54;79m.[38;2;11;54;77m.[38;2;16;56;76m.[38;2;19;60;78m.[38;2;13;58;79m.[38;2;11;62;77m.[38;2;13;53;79m.[38;2;11;47;66m.[38;2;101;187;212mx[38;2;17;40;42m.[38;2;46;88;99m,[38;2;67;124;139m:[38;2;55;109;114m;[38;2;25;66;81m.[38;2;15;53;68m.[38;2;13;57;71m.[38;2;16;42;66m.[38;2;79;138;153ml[38;2;46;77;76m'[38;2;99;202;211mk[38;2;69;121;149m:[38;2;6;50;63m.[38;2;3;61;47m.[38;2;33;57;123m.[38;2;143;171;179mx[38;2;11;44;67m.[38;2;4;23;33m [38;2;14;46;99m.[38;2;225;255;255mW[38;2;46;102;133m;[38;2;66;118;133m:[38;2;37;79;97m'[38;2;18;30;35m [38;2;14;45;61m.[38;2;9;35;40m [38;2;15;44;54m.[38;2;5;52;56m.[38;2;10;44;40m.[38;2;10;57;53m.[38;2;3;13;19m [38;2;75;116;169m:[38;2;11;42;50m.[38;2;4;33;36m [38;2;7;45;42m.[38;2;13;38;52m.[38;2;15;58;70m.[38;2;5;48;60m.[38;2;13;47;63m.[38;2;5;42;47m.[38;2;15;57;65m.[38;2;11;52;56m.[38;2;20;59;74m.[38;2;7;35;42m [38;2;17;55;57m.[38;2;15;59;56m.[38;2;1;6;4m [38;2;3;32;31m [38;2;13;47;50m.[38;2;15;47;55m.[38;2;12;42;37m.[38;2;23;53;52m.[38;2;8;57;46m.[0m
[0m[38;2;28;59;53m.[38;2;7;50;53m.[38;2;9;41;33m.[38;2;0;13;14m [38;2;7;42;51m.[38;2;5;33;38m [38;2;84;172;175md[38;2;12;34;27m [38;2;0;4;6m [38;2;0;8;2m [38;2;0;6;1m [38;2;0;4;1m [38;2;0;2;0m [38;2;22;46;61m.[38;2;209;238;248mN[38;2;17;18;27m [38;2;3;15;11m [38;2;1;22;18m [38;2;5;24;23m [38;2;5;33;39m [38;2;5;37;54m.[38;2;13;44;65m.[38;2;9;53;76m.[38;2;16;60;87m.[38;2;22;58;87m.[38;2;8;52;80m.[38;2;47;107;132m;[38;2;23;38;51m.[38;2;17;53;89m.[38;2;6;52;77m.[38;2;9;53;81m.[38;2;17;64;96m.[38;2;22;61;91m.[38;2;25;61;82m.[38;2;32;59;83m.[38;2;55;90;106m,[38;2;46;71;82m'[38;2;97;177;195md[38;2;93;192;211mx[38;2;16;56;87m.[38;2;2;36;39m [38;2;38;75;158m'[38;2;134;151;167md[38;2;9;44;59m.[38;2;3;25;36m [38;2;20;42;108m.[38;2;227;252;255mW[38;2;6;16;22m [38;2;79;154;172mo[38;2;90;192;207mx[38;2;43;92;107m,[38;2;47;82;113m'[38;2;7;38;49m.[38;2;40;80;97m'[38;2;14;40;45m.[38;2;9;23;39m [38;2;10;47;48m.[38;2;3;13;25m [38;2;105;153;207mo[38;2;13;40;54m.[38;2;9;27;50m [38;2;6;49;55m.[38;2;53;78;100m'[38;2;56;67;70m'[38;2;60;80;92m,[38;2;60;75;91m'[38;2;51;74;82m'[38;2;36;66;76m.[38;2;18;58;65m.[38;2;9;51;64m.[38;2;2;26;31m [38;2;19;53;60m.[38;2;11;37;38m.[38;2;1;5;4m [38;2;7;39;40m.[38;2;12;35;41m [38;2;9;37;42m [38;2;8;39;33m.[38;2;13;46;50m.[38;2;9;50;44m.[0m
[0m[38;2;22;60;61m.[38;2;17;49;62m.[38;2;17;36;35m.[38;2;2;10;16m [38;2;13;47;59m.[38;2;2;33;37m [38;2;90;171;172md[38;2;3;25;26m [38;2;3;27;33m [38;2;11;29;32m [38;2;6;27;20m [38;2;8;27;34m [38;2;0;0;6m [38;2;161;184;205mO[38;2;100;116;131mc[38;2;5;30;44m [38;2;8;35;55m.[38;2;0;3;1m [38;2;1;3;0m [38;2;0;4;4m [38;2;0;7;2m [38;2;0;6;2m [38;2;1;10;13m [38;2;10;15;25m [38;2;13;24;46m [38;2;9;28;47m [38;2;14;45;64m.[38;2;10;21;28m [38;2;23;58;91m.[38;2;15;66;95m.[38;2;17;60;103m.[38;2;10;56;101m.[38;2;15;55;102m.[38;2;12;52;98m.[38;2;7;40;93m.[38;2;85;141;178ml[38;2;47;78;88m'[38;2;28;66;91m.[38;2;55;103;151m;[38;2;47;93;136m,[38;2;15;31;59m.[38;2;61;90;163m;[38;2;123;130;139ml[38;2;7;47;48m.[38;2;3;18;35m [38;2;11;34;94m.[38;2;245;255;255mM[38;2;0;7;27m [38;2;24;66;87m.[38;2;105;189;222mx[38;2;46;78;92m'[38;2;89;145;183ml[38;2;6;32;59m [38;2;52;110;135m;[38;2;106;184;214mx[38;2;31;56;67m.[38;2;29;51;60m.[38;2;30;60;74m.[38;2;134;182;236mk[38;2;10;35;42m [38;2;10;32;67m.[38;2;9;40;49m.[38;2;68;97;109m;[38;2;74;103;104m;[38;2;77;105;123m:[38;2;77;99;121m;[38;2;77;101;112m;[38;2;60;77;104m'[38;2;92;108;121m:[38;2;64;91;115m,[38;2;4;31;30m [38;2;7;27;33m [38;2;4;15;13m [38;2;7;39;43m.[38;2;18;57;68m.[38;2;14;36;37m.[38;2;27;54;55m.[38;2;10;29;28m [38;2;13;50;55m.[38;2;12;48;55m.[0m
[0m[38;2;27;61;62m.[38;2;16;54;71m.[38;2;13;42;35m.[38;2;6;16;22m [38;2;17;48;59m.[38;2;5;30;43m [38;2;95;168;184md[38;2;13;41;52m.[38;2;2;7;7m [38;2;16;42;56m.[38;2;2;17;23m [38;2;13;31;37m [38;2;86;106;137m:[38;2;207;223;236mX[38;2;7;16;42m [38;2;13;49;83m.[38;2;9;33;70m.[38;2;13;44;82m.[38;2;9;42;89m.[38;2;9;31;63m [38;2;11;19;25m [38;2;44;50;56m.[38;2;47;51;54m.[38;2;45;48;57m.[38;2;37;47;57m.[38;2;45;51;55m.[38;2;46;49;53m.[38;2;41;48;57m.[38;2;20;39;47m.[38;2;33;53;68m.[38;2;30;46;62m.[38;2;6;27;50m [38;2;11;32;63m.[38;2;8;46;76m.[38;2;16;47;90m.[38;2;35;67;109m.[38;2;34;57;78m.[38;2;17;56;94m.[38;2;16;58;104m.[38;2;13;56;93m.[38;2;0;15;38m [38;2;90;131;187ml[38;2;102;128;140mc[38;2;44;89;116m,[38;2;54;91;107m,[38;2;7;28;68m [38;2;252;255;255mM[38;2;9;16;36m [38;2;6;42;52m.[38;2;69;120;154m:[38;2;52;89;105m,[38;2;49;92;116m,[38;2;51;88;121m,[38;2;9;41;55m.[38;2;97;164;203md[38;2;31;61;78m.[38;2;15;39;58m.[38;2;65;147;202ml[38;2;129;158;219md[38;2;3;29;37m [38;2;30;55;74m.[38;2;35;75;100m'[38;2;16;52;91m.[38;2;6;40;73m.[38;2;20;59;95m.[38;2;10;46;72m.[38;2;11;46;75m.[38;2;13;48;80m.[38;2;16;32;47m [38;2;114;131;162ml[38;2;27;38;57m.[38;2;10;25;22m [38;2;20;48;67m.[38;2;15;56;73m.[38;2;11;41;50m.[38;2;0;5;3m [38;2;57;76;72m'[38;2;35;63;64m.[38;2;21;49;54m.[38;2;13;48;49m.[0m
[0m[38;2;24;56;59m.[38;2;11;53;64m.[38;2;11;39;32m.[38;2;8;21;23m [38;2;13;50;54m.[38;2;3;31;45m [38;2;91;173;178md[38;2;22;42;62m.[38;2;11;41;53m.[38;2;2;18;29m [38;2;9;23;37m [38;2;22;40;76m.[38;2;223;242;253mW[38;2;58;66;90m'[38;2;6;42;75m.[38;2;9;53;81m.[38;2;10;32;52m [38;2;10;58;88m.[38;2;25;61;106m.[38;2;7;20;36m [38;2;80;99;107m;[38;2;170;219;222mK[38;2;172;204;218m0[38;2;158;201;214mO[38;2;151;198;208mO[38;2;161;202;212mO[38;2;157;183;204mk[38;2;165;172;209mk[38;2;105;148;169mo[38;2;128;181;192mx[38;2;121;142;175mo[38;2;125;136;153mo[38;2;64;79;111m,[38;2;88;92;99m;[38;2;26;26;30m [38;2;4;10;18m [38;2;2;7;24m [38;2;11;26;58m [38;2;11;35;61m.[38;2;16;41;53m.[38;2;1;15;51m [38;2;129;167;235mx[38;2;61;94;121m;[38;2;16;46;80m.[38;2;77;136;160mc[38;2;11;25;72m [38;2;248;255;255mM[38;2;14;32;43m [38;2;30;64;103m.[38;2;36;69;88m.[38;2;57;96;116m,[38;2;19;33;56m.[38;2;75;127;148mc[38;2;12;49;59m.[38;2;42;84;106m'[38;2;37;65;76m.[38;2;12;42;76m.[38;2;24;67;122m.[38;2;128;162;236mx[38;2;10;30;77m.[38;2;84;126;153mc[38;2;44;150;200ml[38;2;46;130;182mc[38;2;91;184;210mx[38;2;19;59;126m.[38;2;9;36;49m.[38;2;22;47;78m.[38;2;13;41;73m.[38;2;14;42;63m.[38;2;49;51;94m.[38;2;82;105;131m:[38;2;13;46;58m.[38;2;17;53;80m.[38;2;17;44;57m.[38;2;38;49;51m.[38;2;44;69;67m.[38;2;30;61;69m.[38;2;13;51;63m.[38;2;17;53;60m.[38;2;13;45;48m.[0m
[0m[38;2;20;57;59m.[38;2;17;51;71m.[38;2;13;33;32m [38;2;9;25;22m [38;2;10;48;57m.[38;2;3;32;48m [38;2;94;173;188md[38;2;9;19;29m [38;2;41;81;93m'[38;2;38;75;94m'[38;2;23;30;66m.[38;2;136;169;208mx[38;2;125;138;166mo[38;2;30;47;82m.[38;2;24;64;100m.[38;2;31;79;111m'[38;2;2;32;54m [38;2;13;81;118m'[38;2;11;54;154m.[38;2;12;31;97m.[38;2;7;22;49m [38;2;34;66;104m.[38;2;17;39;62m.[38;2;15;33;44m.[38;2;11;34;39m [38;2;17;41;50m.[38;2;16;31;33m [38;2;24;55;101m.[38;2;14;45;62m.[38;2;7;24;31m [38;2;13;46;76m.[38;2;28;62;105m.[38;2;38;62;98m.[38;2;121;129;155ml[38;2;189;207;218mK[38;2;96;106;112m:[38;2;5;10;14m [38;2;2;15;30m [38;2;1;13;19m [38;2;2;1;6m [38;2;4;25;62m [38;2;161;197;255m0[38;2;11;22;27m [38;2;9;14;17m [38;2;18;36;51m.[38;2;18;38;108m.[38;2;254;255;255mM[38;2;0;14;25m [38;2;10;47;79m.[38;2;9;47;80m.[38;2;59;108;137m;[38;2;16;30;48m [38;2;26;75;99m.[38;2;27;63;102m.[38;2;27;69;89m.[38;2;36;70;82m.[38;2;11;39;69m.[38;2;15;52;95m.[38;2;130;155;223md[38;2;24;44;93m.[38;2;105;128;142ml[38;2;83;214;225mk[38;2;27;158;206ml[38;2;55;194;215md[38;2;21;77;154m'[38;2;13;36;48m.[38;2;20;54;77m.[38;2;15;61;89m.[38;2;6;28;47m [38;2;43;64;115m'[38;2;92;106;140m:[38;2;14;51;55m.[38;2;20;46;54m.[38;2;41;56;56m.[38;2;45;69;64m.[38;2;11;49;53m.[38;2;18;51;70m.[38;2;15;53;66m.[38;2;13;49;60m.[38;2;16;45;63m.[0m
[0m[38;2;29;54;59m.[38;2;11;58;74m.[38;2;8;24;31m [38;2;12;26;24m [38;2;12;51;61m.[38;2;0;36;41m [38;2;103;175;191md[38;2;0;2;6m [38;2;14;48;71m.[38;2;5;39;55m.[38;2;29;52;143m.[38;2;188;212;230mK[38;2;9;15;37m [38;2;70;122;189mc[38;2;73;149;194ml[38;2;84;172;220md[38;2;11;64;142m.[38;2;86;217;249mO[38;2;47;172;233mo[38;2;61;169;226mo[38;2;45;155;226ml[38;2;65;161;226mo[38;2;46;114;154m;[38;2;45;105;105m,[38;2;39;72;91m'[38;2;35;58;63m.[38;2;3;4;28m [38;2;24;84;178m,[38;2;19;88;189m,[38;2;8;44;107m.[38;2;11;52;113m.[38;2;17;63;123m.[38;2;19;72;131m.[38;2;0;1;1m [38;2;27;63;112m.[38;2;218;237;255mN[38;2;53;73;125m'[38;2;13;66;124m.[38;2;4;31;43m [38;2;6;29;37m [38;2;20;43;133m.[38;2;181;229;255mX[38;2;1;7;13m [38;2;22;56;66m.[38;2;2;16;41m [38;2;12;53;136m.[38;2;244;255;255mM[38;2;0;0;0m [38;2;2;11;7m [38;2;2;13;15m [38;2;7;16;26m [38;2;9;15;27m [38;2;9;38;58m.[38;2;9;44;68m.[38;2;9;52;71m.[38;2;21;79;87m.[38;2;4;20;47m [38;2;30;77;122m'[38;2;115;134;188mo[38;2;30;55;108m.[38;2;63;115;144m:[38;2;75;207;226mk[38;2;28;168;228ml[38;2;50;193;225md[38;2;32;69;113m.[38;2;1;6;10m [38;2;14;20;32m [38;2;14;35;50m.[38;2;12;29;41m [38;2;45;70;120m'[38;2;93;111;125m:[38;2;4;11;10m [38;2;34;56;61m.[38;2;19;40;53m.[38;2;17;41;59m.[38;2;12;45;54m.[38;2;16;51;68m.[38;2;13;49;59m.[38;2;7;50;58m.[38;2;22;51;64m.[0m
[0m[38;2;28;54;63m.[38;2;17;54;66m.[38;2;9;26;28m [38;2;9;28;24m [38;2;11;51;62m.[38;2;0;33;45m [38;2;107;179;194mx[38;2;0;8;7m [38;2;12;50;69m.[38;2;6;27;46m [38;2;116;148;219md[38;2;83;95;122m;[38;2;2;34;60m [38;2;22;60;115m.[38;2;97;188;240mx[38;2;79;188;254mx[38;2;21;121;204m:[38;2;102;243;254m0[38;2;21;224;254mx[38;2;38;227;254mk[38;2;37;226;253mk[38;2;32;213;243mx[38;2;38;225;252mk[38;2;106;255;255mK[38;2;117;255;255mK[38;2;133;255;255mX[38;2;61;125;190mc[38;2;123;217;244m0[38;2;48;205;249mx[38;2;77;187;244mx[38;2;50;171;229mo[38;2;56;161;225mo[38;2;42;140;209mc[38;2;32;66;102m.[38;2;16;54;113m.[38;2;159;209;255m0[38;2;126;135;208mo[38;2;12;60;138m.[38;2;13;29;50m [38;2;6;35;38m [38;2;39;99;222m;[38;2;196;234;253mX[38;2;0;11;31m [38;2;23;70;87m.[38;2;3;21;45m [38;2;12;38;117m.[38;2;230;255;255mW[38;2;0;2;5m [38;2;2;13;25m [38;2;12;40;59m.[38;2;11;37;50m.[38;2;11;22;28m [38;2;3;7;5m [38;2;1;3;3m [38;2;1;2;3m [38;2;4;12;17m [38;2;2;8;10m [38;2;2;20;33m [38;2;106;132;174ml[38;2;18;36;86m.[38;2;22;36;82m.[38;2;16;68;118m.[38;2;19;79;172m'[38;2;28;113;205m;[38;2;9;33;48m [38;2;2;6;13m [38;2;3;8;16m [38;2;0;6;9m [38;2;0;4;3m [38;2;74;98;125m;[38;2;57;73;96m'[38;2;27;32;37m.[38;2;19;61;68m.[38;2;17;50;58m.[38;2;13;45;46m.[38;2;21;45;49m.[38;2;17;46;45m.[38;2;29;49;58m.[38;2;10;52;58m.[38;2;12;54;64m.[0m
[0m[38;2;29;60;60m.[38;2;19;53;74m.[38;2;11;30;31m [38;2;13;28;32m [38;2;9;51;63m.[38;2;1;30;47m [38;2;101;185;191mx[38;2;0;8;9m [38;2;19;49;73m.[38;2;19;42;94m.[38;2;167;194;251m0[38;2;5;24;41m [38;2;12;50;106m.[38;2;5;37;99m.[38;2;69;149;227mo[38;2;90;186;255mx[38;2;13;122;208m:[38;2;164;255;255mN[38;2;47;245;255mO[38;2;58;247;255m0[38;2;58;246;255mO[38;2;60;247;255m0[38;2;48;247;255mO[38;2;121;255;255mX[38;2;139;255;255mX[38;2;149;255;255mX[38;2;58;166;222mo[38;2;197;255;255mW[38;2;56;244;255mO[38;2;136;255;255mX[38;2;58;245;255mO[38;2;55;245;252mO[38;2;78;252;255m0[38;2;77;251;255m0[38;2;48;237;255mO[38;2;174;249;255mN[38;2;133;178;242mk[38;2;15;106;223m;[38;2;40;97;166m;[38;2;5;30;75m [38;2;80;152;252mo[38;2;164;183;214mO[38;2;13;31;60m [38;2;15;66;86m.[38;2;6;26;69m [38;2;5;35;139m.[38;2;209;242;255mN[38;2;0;1;2m [38;2;9;32;54m [38;2;22;62;92m.[38;2;3;39;60m.[38;2;15;33;45m.[38;2;23;36;35m.[38;2;112;131;132ml[38;2;90;115;120m:[38;2;100;120;121mc[38;2;94;110;118m:[38;2;77;81;72m,[38;2;125;131;125ml[38;2;84;71;55m'[38;2;55;55;58m.[38;2;34;36;32m.[38;2;35;31;42m.[38;2;34;68;62m.[38;2;18;15;27m [38;2;9;6;12m [38;2;6;6;10m [38;2;0;6;3m [38;2;0;2;0m [38;2;122;134;148ml[38;2;32;58;72m.[38;2;9;48;51m.[38;2;12;44;59m.[38;2;18;46;65m.[38;2;18;53;64m.[38;2;11;41;43m.[38;2;15;45;52m.[38;2;24;49;63m.[38;2;19;51;64m.[38;2;20;52;58m.[0m
[0m[38;2;18;52;52m.[38;2;15;44;64m.[38;2;12;28;26m [38;2;5;29;30m [38;2;10;53;59m.[38;2;2;32;42m [38;2;106;177;189mx[38;2;0;15;25m [38;2;7;42;55m.[38;2;33;59;131m.[38;2;190;233;250mX[38;2;0;23;37m [38;2;12;55;108m.[38;2;13;64;122m.[38;2;22;72;178m'[38;2;92;198;255mk[38;2;29;134;213mc[38;2;176;255;255mN[38;2;102;255;255mK[38;2;71;255;255m0[38;2;68;254;255m0[38;2;72;255;255m0[38;2;70;255;255m0[38;2;90;255;255mK[38;2;146;255;255mX[38;2;162;255;255mN[38;2;24;206;246md[38;2;151;255;255mX[38;2;126;255;255mX[38;2;60;254;255m0[38;2;125;255;255mX[38;2;65;254;255m0[38;2;75;255;255m0[38;2;78;255;255m0[38;2;63;249;255m0[38;2;174;255;255mN[38;2;101;229;255m0[38;2;40;185;254md[38;2;13;54;197m.[38;2;4;37;161m.[38;2;133;207;255mO[38;2;123;133;159ml[38;2;57;112;156m:[38;2;97;150;174mo[38;2;45;62;101m.[38;2;99;159;232md[38;2;222;236;235mN[38;2;100;98;43m;[38;2;87;80;62m,[38;2;97;88;73m;[38;2;127;119;60mc[38;2;153;147;84mo[38;2;117;106;57m:[38;2;93;81;60m,[38;2;95;89;68m;[38;2;53;41;37m.[38;2;93;85;83m;[38;2;73;79;62m'[38;2;149;162;143md[38;2;82;93;88m;[38;2;68;82;75m,[38;2;177;186;182mO[38;2;80;77;72m,[38;2;82;123;104m:[38;2;66;53;66m.[38;2;57;52;50m.[38;2;52;51;45m.[38;2;36;41;40m.[38;2;21;8;5m [38;2;161;173;190mk[38;2;21;42;42m.[38;2;0;9;6m [38;2;28;54;66m.[38;2;17;50;58m.[38;2;29;56;62m.[38;2;19;57;54m.[38;2;9;39;43m.[38;2;25;58;65m.[38;2;18;49;59m.[38;2;19;53;60m.[0m
[0m[38;2;48;82;81m'[38;2;39;75;87m'[38;2;41;82;86m'[38;2;11;29;31m [38;2;11;54;57m.[38;2;6;36;41m [38;2;98;170;181md[38;2;5;21;25m [38;2;32;70;82m.[38;2;33;53;136m.[38;2;182;202;230m0[38;2;26;48;71m.[38;2;35;72;112m'[38;2;37;81;133m'[38;2;34;79;167m,[38;2;65;159;240mo[38;2;45;160;239mo[38;2;130;227;255m0[38;2;125;254;255mX[38;2;79;255;255m0[38;2;85;255;255mK[38;2;96;255;255mK[38;2;87;255;255mK[38;2;87;255;255mK[38;2;141;255;255mX[38;2;179;255;255mN[38;2;45;248;255mO[38;2;167;255;255mN[38;2;133;255;255mX[38;2;144;255;255mX[38;2;76;255;255m0[38;2;120;255;255mX[38;2;77;255;255m0[38;2;91;255;255mK[38;2;72;255;255m0[38;2;180;255;255mN[38;2;127;237;255mK[38;2;149;222;255mK[38;2;142;172;211mx[38;2;158;167;172mx[38;2;238;245;255mW[38;2;158;163;134mx[38;2;164;165;122mx[38;2;231;243;207mN[38;2;138;131;55ml[38;2;173;171;126mx[38;2;244;226;188mN[38;2;197;181;78mk[38;2;241;222;114mX[38;2;255;242;106mN[38;2;255;224;85mX[38;2;255;244;102mN[38;2;255;244;98mN[38;2;255;240;107mN[38;2;255;236;104mN[38;2;238;218;107mK[38;2;231;199;100m0[38;2;190;181;96mk[38;2;211;193;145m0[38;2;86;103;107m:[38;2;70;122;177mc[38;2;140;195;221mO[38;2;112;172;200mx[38;2;64;175;208md[38;2;49;103;180m;[38;2;49;79;141m,[38;2;57;59;80m.[38;2;39;42;54m.[38;2;84;81;92m,[38;2;145;168;155mx[38;2;92;107;76m:[38;2;41;42;25m.[38;2;41;61;73m.[38;2;4;32;31m [38;2;18;48;50m.[38;2;12;35;41m [38;2;12;44;45m.[38;2;22;57;56m.[38;2;37;66;69m.[38;2;31;65;65m.[0m
[0m[38;2;23;61;66m.[38;2;11;55;64m.[38;2;19;53;61m.[38;2;3;21;33m [38;2;12;55;67m.[38;2;5;39;45m.[38;2;92;161;177mo[38;2;0;10;16m [38;2;15;45;64m.[38;2;30;45;112m.[38;2;220;245;251mW[38;2;1;15;28m [38;2;1;32;70m [38;2;61;109;151m:[38;2;20;69;142m.[38;2;19;65;172m.[38;2;84;159;236md[38;2;4;72;211m'[38;2;28;142;254mc[38;2;18;147;254mc[38;2;25;166;255mo[38;2;28;170;254mo[38;2;49;191;255md[38;2;59;194;255mx[38;2;59;197;255mx[38;2;84;208;255mk[38;2;61;234;255mO[38;2;87;181;255mx[38;2;96;231;255m0[38;2;104;236;255m0[38;2;84;239;255m0[38;2;69;244;255m0[38;2;76;247;255m0[38;2;111;253;255mK[38;2;145;238;255mK[38;2;219;253;255mW[38;2;188;206;246mK[38;2;117;175;228mx[38;2;103;145;178mo[38;2;177;178;196mO[38;2;218;216;217mX[38;2;92;107;75m:[38;2;98;120;104mc[38;2;102;138;119ml[38;2;80;85;61m,[38;2;226;212;141mK[38;2;254;244;128mN[38;2;255;235;93mX[38;2;255;226;79mX[38;2;255;219;73mK[38;2;255;204;74mK[38;2;253;193;63m0[38;2;255;218;73mK[38;2;255;217;84mK[38;2;255;206;73mK[38;2;245;180;58mO[38;2;238;179;76mO[38;2;255;243;116mN[38;2;255;255;144mW[38;2;244;229;175mN[38;2;161;209;250m0[38;2;133;238;255mK[38;2;185;255;255mN[38;2;226;255;255mW[38;2;34;227;255mk[38;2;35;123;236m:[38;2;58;60;133m'[38;2;28;23;53m [38;2;194;204;211m0[38;2;59;87;78m,[38;2;84;92;75m;[38;2;45;58;37m.[38;2;75;89;71m,[38;2;80;111;103m:[38;2;33;76;76m.[38;2;25;65;92m.[38;2;11;35;44m [38;2;101;104;101m:[38;2;51;70;68m'[38;2;38;81;83m'[0m
[0m[38;2;25;58;64m.[38;2;14;54;69m.[38;2;13;53;64m.[38;2;2;27;38m [38;2;15;57;78m.[38;2;8;35;53m.[38;2;97;173;190md[38;2;8;37;52m.[38;2;17;51;70m.[38;2;11;19;52m [38;2;195;223;253mX[38;2;37;54;74m.[38;2;12;43;69m.[38;2;27;70;96m.[38;2;84;153;199mo[38;2;8;32;105m.[38;2;74;142;196ml[38;2;4;20;89m [38;2;30;77;180m'[38;2;25;74;194m'[38;2;10;80;190m'[38;2;21;91;214m,[38;2;13;89;225m,[38;2;10;94;219m,[38;2;16;95;218m,[38;2;9;97;232m,[38;2;47;140;228ml[38;2;22;69;197m'[38;2;24;116;233m:[38;2;26;107;237m;[38;2;27;117;247m:[38;2;15;115;244m:[38;2;98;200;247mk[38;2;164;200;226m0[38;2;172;183;244mO[38;2;194;218;254mX[38;2;81;104;160m:[38;2;87;123;142mc[38;2;81;97;95m;[38;2;187;188;204mO[38;2;85;88;78m,[38;2;59;80;75m'[38;2;40;64;87m.[38;2;42;60;72m.[38;2;205;154;111mx[38;2;255;254;153mW[38;2;255;208;64mK[38;2;253;206;71mK[38;2;255;211;74mK[38;2;255;212;74mK[38;2;255;221;86mX[38;2;232;204;81m0[38;2;231;202;107m0[38;2;223;169;64mk[38;2;255;219;78mK[38;2;255;225;79mX[38;2;253;188;68m0[38;2;252;218;102mX[38;2;255;223;106mX[38;2;255;242;162mN[38;2;255;252;195mW[38;2;236;250;238mW[38;2;242;255;255mM[38;2;253;255;255mM[38;2;4;233;255mx[38;2;39;115;233m:[38;2;40;44;104m.[38;2;69;78;121m,[38;2;165;176;178mk[38;2;68;90;85m,[38;2;77;99;99m;[38;2;56;40;26m.[38;2;61;79;60m'[38;2;79;95;76m;[38;2;78;89;71m,[38;2;106;140;130ml[38;2;20;33;21m [38;2;135;144;130mo[38;2;69;106;97m;[38;2;34;85;81m'[0m
[0m[38;2;29;58;61m.[38;2;10;54;70m.[38;2;13;60;57m.[38;2;3;18;20m [38;2;15;56;79m.[38;2;7;33;53m [38;2;91;159;177mo[38;2;11;35;44m.[38;2;13;54;67m.[38;2;3;25;30m [38;2;106;144;214mo[38;2;132;146;157mo[38;2;11;34;51m.[38;2;4;45;75m.[38;2;45;97;124m,[38;2;63;118;137m:[38;2;71;130;173mc[38;2;5;13;41m [38;2;16;59;111m.[38;2;19;57;119m.[38;2;11;65;110m.[38;2;12;66;127m.[38;2;15;65;137m.[38;2;12;67;147m.[38;2;18;65;135m.[38;2;22;64;160m.[38;2;15;78;157m'[38;2;12;38;101m.[38;2;14;73;163m'[38;2;6;64;149m.[38;2;44;90;173m,[38;2;136;163;187mx[38;2;148;186;173mk[38;2;85;111;130m:[38;2;84;105;155m:[38;2;156;179;212mk[38;2;68;94;89m,[38;2;74;97;92m;[38;2;89;99;112m;[38;2;158;165;190mx[38;2;0;2;18m [38;2;2;36;80m.[38;2;75;75;79m,[38;2;220;176;88mk[38;2;147;102;53m:[38;2;192;178;92mk[38;2;246;197;69m0[38;2;244;192;69m0[38;2;220;183;71mO[38;2;211;167;62mx[38;2;208;172;91mk[38;2;165;135;57mo[38;2;201;179;90mk[38;2;220;177;78mk[38;2;254;219;72mK[38;2;253;215;71mK[38;2;248;178;61mO[38;2;236;180;67mO[38;2;255;251;111mN[38;2;255;224;112mX[38;2;254;222;140mX[38;2;255;243;162mN[38;2;255;253;190mW[38;2;255;253;204mW[38;2;106;151;167mo[38;2;28;46;115m.[38;2;24;33;65m.[38;2;179;183;187mO[38;2;48;60;50m.[38;2;69;117;101m:[38;2;75;104;91m;[38;2;63;54;36m.[38;2;50;65;47m.[38;2;135;124;85ml[38;2;128;125;94ml[38;2;66;66;43m.[38;2;47;32;17m.[38;2;156;155;137md[38;2;35;57;53m.[38;2;22;67;62m.[0m
[0m[38;2;25;49;55m.[38;2;6;50;57m.[38;2;14;49;58m.[38;2;2;16;16m [38;2;10;49;69m.[38;2;59;115;134m:[38;2;60;125;121m:[38;2;0;12;17m [38;2;10;36;46m.[38;2;8;26;25m [38;2;36;47;90m.[38;2;173;205;239m0[38;2;31;43;46m.[38;2;2;32;40m [38;2;3;28;37m [38;2;60;101;105m;[38;2;58;98;109m;[38;2;0;4;12m [38;2;9;43;60m.[38;2;7;39;60m.[38;2;9;36;62m.[38;2;5;39;60m.[38;2;10;36;71m.[38;2;13;38;75m.[38;2;9;36;59m.[38;2;8;40;87m.[38;2;14;38;85m.[38;2;2;18;47m [38;2;20;50;91m.[38;2;45;72;94m'[38;2;104;128;118mc[38;2;86;110;86m:[38;2;50;84;76m'[38;2;47;50;83m.[38;2;56;80;135m,[38;2;75;104;167m:[38;2;29;66;76m.[38;2;55;75;117m'[38;2;151;182;229mk[38;2;83;115;160mc[38;2;104;116;162mc[38;2;134;162;177md[38;2;146;176;185mk[38;2;144;159;162md[38;2;60;82;107m,[38;2;90;75;58m,[38;2;250;216;143mX[38;2;228;176;93mO[38;2;193;163;83mx[38;2;228;199;114m0[38;2;219;208;156mK[38;2;195;169;95mk[38;2;207;188;123mO[38;2;217;195;134m0[38;2;252;230;150mN[38;2;248;219;128mX[38;2;247;176;68mO[38;2;243;209;92mK[38;2;255;250;99mN[38;2;255;250;95mN[38;2;255;247;126mN[38;2;255;214;90mK[38;2;255;243;112mN[38;2;255;249;117mN[38;2;255;255;113mW[38;2;182;166;86mx[38;2;129;117;93mc[38;2;95;92;80m;[38;2;61;69;59m'[38;2;79;104;84m;[38;2;72;82;58m,[38;2;39;40;21m.[38;2;43;53;36m.[38;2;80;74;46m'[38;2;73;77;59m'[38;2;50;61;42m.[38;2;54;47;31m.[38;2;110;123;117mc[38;2;39;62;70m.[38;2;48;85;94m'[0m
[0m[38;2;28;55;62m.[38;2;14;51;66m.[38;2;13;35;39m.[38;2;5;19;22m [38;2;9;43;60m.[38;2;76;134;145mc[38;2;64;127;125m:[38;2;2;12;15m [38;2;3;5;8m [38;2;9;21;25m [38;2;4;13;17m [38;2;61;102;173m;[38;2;144;170;198mx[38;2;24;32;29m.[38;2;1;2;0m [38;2;0;4;3m [38;2;0;4;5m [38;2;10;25;37m [38;2;8;30;42m [38;2;3;12;18m [38;2;2;7;15m [38;2;54;59;61m.[38;2;20;31;41m [38;2;49;62;59m.[38;2;49;75;74m'[38;2;54;90;78m,[38;2;69;92;102m,[38;2;55;80;104m'[38;2;62;104;112m;[38;2;82;128;132mc[38;2;39;69;78m.[38;2;23;50;56m.[38;2;44;76;91m'[38;2;102;131;136ml[38;2;57;64;84m'[38;2;77;105;132m:[38;2;55;89;99m,[38;2;80;111;152m:[38;2;141;177;207mk[38;2;61;78;95m'[38;2;85;96;123m;[38;2;75;105;114m;[38;2;98;127;136mc[38;2;92;118;141mc[38;2;113;125;159ml[38;2;197;175;111mk[38;2;255;229;93mX[38;2;254;223;98mX[38;2;231;199;80m0[38;2;171;145;74mo[38;2;89;55;15m.[38;2;141;123;53mc[38;2;135;108;41m:[38;2;112;82;26m,[38;2;137;94;38m:[38;2;235;205;127mK[38;2;254;231;102mX[38;2;255;252;114mN[38;2;255;250;98mN[38;2;255;251;101mN[38;2;255;251;100mN[38;2;255;253;99mN[38;2;255;252;97mN[38;2;255;241;99mN[38;2;229;192;84mO[38;2;208;202;138m0[38;2;191;180;120mk[38;2;182;178;137mk[38;2;197;189;143mO[38;2;181;184;154mO[38;2;172;163;137mx[38;2;173;168;154mx[38;2;205;205;192mK[38;2;206;204;191mK[38;2;202;203;191m0[38;2;172;176;167mk[38;2;146;155;162md[38;2;165;192;194mO[38;2;133;154;159md[38;2;104;130;130ml[0m
[0m[38;2;24;56;65m.[38;2;10;53;68m.[38;2;13;42;37m.[38;2;2;16;19m [38;2;9;40;70m.[38;2;81;146;155ml[38;2;55;120;109m:[38;2;4;18;27m [38;2;4;8;14m [38;2;25;54;61m.[38;2;6;30;31m [38;2;11;29;39m [38;2;62;101;165m;[38;2;143;176;215mk[38;2;68;72;77m'[38;2;2;1;3m [38;2;0;2;0m [38;2;22;63;83m.[38;2;7;64;89m.[38;2;1;19;23m [38;2;46;71;90m'[38;2;86;115;129m:[38;2;19;46;52m.[38;2;32;54;55m.[38;2;25;44;54m.[38;2;13;29;34m [38;2;13;30;46m [38;2;24;62;105m.[38;2;8;46;101m.[38;2;11;34;53m.[38;2;12;29;53m [38;2;44;61;79m.[38;2;83;104;89m;[38;2;72;58;29m.[38;2;204;198;163m0[38;2;210;196;167m0[38;2;143;115;70mc[38;2;149;158;185mx[38;2;75;84;93m,[38;2;103;121;138mc[38;2;158;191;181mO[38;2;166;193;178mO[38;2;158;186;168mk[38;2;157;163;139mx[38;2;207;191;99mO[38;2;239;206;79m0[38;2;255;220;81mX[38;2;255;244;117mN[38;2;255;253;122mW[38;2;255;253;132mW[38;2;230;195;74m0[38;2;244;223;92mK[38;2;239;216;87mK[38;2;235;216;94mK[38;2;238;216;98mK[38;2;255;242;101mN[38;2;255;252;101mN[38;2;255;251;100mN[38;2;255;249;100mN[38;2;255;250;108mN[38;2;255;251;102mN[38;2;255;254;104mN[38;2;239;210;97mK[38;2;205;154;86mx[38;2;193;194;168mO[38;2;195;197;166m0[38;2;196;193;155mO[38;2;160;167;124mx[38;2;206;201;168m0[38;2;255;254;229mM[38;2;255;255;223mM[38;2;255;255;225mM[38;2;255;255;222mM[38;2;255;255;221mM[38;2;235;230;199mN[38;2;209;241;241mN[38;2;223;239;251mN[38;2;221;242;244mN[38;2;211;235;232mN[38;2;232;250;251mW[0m
[0m[38;2;29;54;67m.[38;2;13;52;72m.[38;2;6;40;33m [38;2;9;26;33m [38;2;10;40;64m.[38;2;80;154;158ml[38;2;50;108;112m;[38;2;2;18;22m [38;2;4;16;20m [38;2;8;24;28m [38;2;19;49;63m.[38;2;4;32;37m [38;2;2;4;9m [38;2;36;64;122m.[38;2;148;182;229mk[38;2;125;139;149mo[38;2;34;39;37m.[38;2;8;43;64m.[38;2;3;60;76m.[38;2;8;36;49m [38;2;6;28;35m [38;2;16;49;70m.[38;2;0;14;24m [38;2;0;5;17m [38;2;4;5;19m [38;2;1;3;24m [38;2;1;26;59m [38;2;16;55;128m.[38;2;18;71;157m'[38;2;11;57;135m.[38;2;10;34;109m.[38;2;26;62;126m.[38;2;43;65;94m.[38;2;21;9;18m [38;2;190;182;163mO[38;2;210;191;167m0[38;2;226;226;183mX[38;2;210;192;125mO[38;2;145;152;88mo[38;2;154;151;99md[38;2;167;185;103mk[38;2;123;116;42m:[38;2;102;99;44m;[38;2;102;97;45m;[38;2;145;129;57ml[38;2;188;167;102mx[38;2;220;195;106m0[38;2;228;199;75m0[38;2;254;205;70mK[38;2;255;233;102mX[38;2;255;237;94mX[38;2;255;246;104mN[38;2;255;250;112mN[38;2;255;251;97mN[38;2;255;251;100mN[38;2;255;247;103mN[38;2;255;251;100mN[38;2;255;248;97mN[38;2;255;248;100mN[38;2;255;250;104mN[38;2;255;252;107mN[38;2;241;212;80mK[38;2;185;161;122mx[38;2;190;188;157mO[38;2;192;191;153mO[38;2;199;184;137mO[38;2;165;169;121mx[38;2;218;219;202mX[38;2;255;255;237mM[38;2;255;255;225mM[38;2;255;255;222mM[38;2;255;255;219mM[38;2;255;255;221mM[38;2;246;246;206mW[38;2;217;227;218mX[38;2;206;241;248mN[38;2;226;239;239mN[38;2;223;241;241mN[38;2;186;226;237mX[38;2;251;255;255mM[0m
[0m[38;2;25;59;62m.[38;2;11;51;67m.[38;2;10;46;51m.[38;2;5;23;23m [38;2;9;38;59m.[38;2;92;166;175md[38;2;44;100;98m,[38;2;4;13;14m [38;2;24;48;68m.[38;2;11;51;57m.[38;2;9;53;67m.[38;2;8;35;49m [38;2;6;12;15m [38;2;0;9;8m [38;2;14;32;47m [38;2;71;106;143m:[38;2;138;178;212mk[38;2;125;155;166md[38;2;79;94;107m;[38;2;19;52;70m.[38;2;9;42;57m.[38;2;17;64;91m.[38;2;18;43;51m.[38;2;16;37;60m.[38;2;24;45;72m.[38;2;23;43;67m.[38;2;1;39;125m.[38;2;53;144;220ml[38;2;63;150;248mo[38;2;57;146;247ml[38;2;57;137;246ml[38;2;58;146;241ml[38;2;29;82;192m,[38;2;38;75;158m'[38;2;96;131;210ml[38;2;118;127;154ml[38;2;133;133;110ml[38;2;160;164;127mx[38;2;156;177;105mx[38;2;181;196;132mO[38;2;197;180;112mk[38;2;186;178;115mk[38;2;142;129;79ml[38;2;177;171;104mx[38;2;144;146;65mo[38;2;217;194;125m0[38;2;226;211;170mK[38;2;196;176;109mk[38;2;207;191;107mO[38;2;237;212;126mK[38;2;215;186;87mO[38;2;207;166;68mx[38;2;250;221;102mX[38;2;244;202;71m0[38;2;255;228;90mX[38;2;255;229;87mX[38;2;250;219;82mK[38;2;242;214;85mK[38;2;241;215;86mK[38;2;240;222;80mK[38;2;252;234;106mX[38;2;193;134;40mo[38;2;177;191;165mO[38;2;166;174;109mx[38;2;167;173;119mx[38;2;159;161;111md[38;2;163;165;122mx[38;2;238;240;194mN[38;2;245;232;171mN[38;2;239;235;185mN[38;2;239;238;192mN[38;2;252;240;190mN[38;2;242;244;205mW[38;2;225;231;189mX[38;2;215;236;243mN[38;2;212;239;243mN[38;2;225;237;238mN[38;2;205;233;234mX[38;2;221;243;242mN[38;2;241;255;255mM[0m
[0m[38;2;19;50;59m.[38;2;35;82;109m'[38;2;63;118;107m:[38;2;4;23;19m [38;2;6;36;58m.[38;2;91;164;177mo[38;2;41;106;104m,[38;2;13;24;27m [38;2;50;99;113m,[38;2;45;88;95m,[38;2;51;100;101m,[38;2;57;116;130m:[38;2;45;83;92m'[38;2;24;62;68m.[38;2;33;70;82m.[38;2;25;56;58m.[38;2;7;19;37m [38;2;36;76;106m'[38;2;88;112;158m:[38;2;106;139;174mo[38;2;99;135;179ml[38;2;74;116;154m:[38;2;106;134;148ml[38;2;105;142;168mo[38;2;116;160;188md[38;2;115;161;207md[38;2;108;138;234mo[38;2;176;249;255mN[38;2;155;239;255mX[38;2;131;235;255mK[38;2;122;226;255m0[38;2;86;230;255mO[38;2;73;209;255mk[38;2;94;194;255mk[38;2;64;204;255mx[38;2;142;162;220mx[38;2;5;26;90m [38;2;15;61;111m.[38;2;25;67;84m.[38;2;52;84;87m'[38;2;75;116;99m:[38;2;94;133;125mc[38;2;107;126;107mc[38;2;118;136;88ml[38;2;83;82;42m,[38;2;150;154;108md[38;2;174;163;114mx[38;2;162;156;89md[38;2;138;132;67ml[38;2;181;181;111mk[38;2;140;144;87mo[38;2;112;88;35m;[38;2;219;210;154mK[38;2;119;98;36m;[38;2;125;118;61mc[38;2;125;101;46m:[38;2;152;111;37mc[38;2;193;144;60md[38;2;146;99;31m:[38;2;159;123;48ml[38;2;171;110;29mc[38;2;96;83;44m,[38;2;129;154;113mo[38;2;126;152;105mo[38;2;119;133;77ml[38;2;110;115;64m:[38;2;202;199;152m0[38;2;207;205;146m0[38;2;198;201;157m0[38;2;172;193;168mO[38;2;144;171;143mx[38;2;172;187;144mk[38;2;187;210;176m0[38;2;178;193;167mO[38;2;228;244;244mW[38;2;208;240;241mN[38;2;210;236;245mN[38;2;185;219;231mK[38;2;235;250;251mW[38;2;238;255;255mM[0m
[0m[38;2;48;79;95m'[38;2;93;188;205mx[38;2;25;57;43m.[38;2;6;25;25m [38;2;8;42;61m.[38;2;93;169;179md[38;2;44;95;95m,[38;2;28;47;62m.[38;2;94;197;202mx[38;2;72;161;165mo[38;2;71;158;157ml[38;2;73;171;158mo[38;2;79;164;160mo[38;2;16;57;68m.[38;2;6;49;61m.[38;2;6;52;58m.[38;2;0;19;31m [38;2;11;53;74m.[38;2;10;49;64m.[38;2;7;41;46m.[38;2;24;64;86m.[38;2;29;67;110m.[38;2;57;121;175m:[38;2;59;112;182m:[38;2;40;86;174m,[38;2;38;118;236m:[38;2;34;121;253m:[38;2;80;217;255mO[38;2;65;211;255mk[38;2;57;222;255mk[38;2;92;237;255m0[38;2;147;255;255mX[38;2;131;255;255mX[38;2;123;255;255mX[38;2;85;233;255mO[38;2;130;153;232md[38;2;5;48;140m.[38;2;8;70;124m.[38;2;11;62;100m.[38;2;9;58;83m.[38;2;2;58;66m.[38;2;43;102;122m,[38;2;62;122;130m:[38;2;56;110;119m;[38;2;5;20;30m [38;2;80;113;159m:[38;2;132;158;160md[38;2;36;60;59m.[38;2;87;115;96m:[38;2;56;65;49m.[38;2;67;77;56m'[38;2;51;40;15m.[38;2;172;189;159mO[38;2;74;64;30m.[38;2;70;85;57m,[38;2;65;61;37m.[38;2;66;75;58m'[38;2;111;136;128ml[38;2;75;89;95m,[38;2;37;74;71m.[38;2;67;81;55m'[38;2;2;16;17m [38;2;31;65;80m.[38;2;56;89;107m,[38;2;25;50;46m.[38;2;68;102;106m;[38;2;75;107;112m;[38;2;64;95;78m,[38;2;126;156;161md[38;2;135;190;210mk[38;2;82;145;164ml[38;2;123;164;161md[38;2;125;175;176mx[38;2;86;127;127mc[38;2;122;145;137mo[38;2;158;198;195mO[38;2;203;239;243mN[38;2;197;226;234mX[38;2;219;245;246mN[38;2;239;255;255mM[0m
[0m[38;2;93;164;160mo[38;2;25;88;98m'[38;2;6;17;19m [38;2;6;21;28m [38;2;8;47;63m.[38;2;90;169;171md[38;2;47;102;95m,[38;2;27;51;58m.[38;2;85;178;186md[38;2;69;152;160ml[38;2;72;154;166ml[38;2;71;156;158ml[38;2;69;169;163mo[38;2;75;151;146ml[38;2;13;53;65m.[38;2;5;53;58m.[38;2;0;22;29m [38;2;13;50;69m.[38;2;12;54;71m.[38;2;8;54;67m.[38;2;8;52;71m.[38;2;3;41;61m.[38;2;64;121;152m:[38;2;89;193;199mx[38;2;27;85;155m,[38;2;22;81;213m,[38;2;10;149;253mc[38;2;101;255;255mK[38;2;90;255;255mK[38;2;94;255;255mK[38;2;85;255;255mK[38;2;108;255;255mK[38;2;130;255;255mX[38;2;114;255;255mK[38;2;74;233;255mO[38;2;129;144;220md[38;2;6;26;100m [38;2;14;50;102m.[38;2;14;54;64m.[38;2;24;56;94m.[38;2;26;69;89m.[38;2;25;69;80m.[38;2;46;101;103m,[38;2;29;67;68m.[38;2;12;29;31m [38;2;64;104;176m:[38;2;138;187;219mk[38;2;14;45;63m.[38;2;33;63;69m.[38;2;33;73;82m.[38;2;59;113;115m;[38;2;0;1;5m [38;2;161;186;209mO[38;2;42;60;66m.[38;2;9;49;74m.[38;2;10;58;70m.[38;2;27;48;68m.[38;2;90;136;156ml[38;2;118;151;181mo[38;2;1;22;17m [38;2;13;38;44m.[38;2;4;18;23m [38;2;15;36;45m.[38;2;0;5;5m [38;2;4;7;5m [38;2;53;72;80m'[38;2;39;66;66m.[38;2;77;99;81m;[38;2;134;168;169mx[38;2;133;189;200mk[38;2;96;142;158ml[38;2;128;162;151md[38;2;115;178;180mx[38;2;122;154;169md[38;2;80;101;92m;[38;2;81;110;104m:[38;2;98;136;128ml[38;2;126;160;169md[38;2;186;217;215mK[38;2;247;255;255mM[0m
[0m[38;2;41;83;80m'[38;2;6;45;71m.[38;2;5;31;29m [38;2;5;16;23m [38;2;3;40;56m.[38;2;87;167;191md[38;2;39;95;78m,[38;2;29;49;55m.[38;2;85;176;189md[38;2;64;158;166ml[38;2;71;154;168ml[38;2;70;153;156ml[38;2;61;174;169mo[38;2;70;147;150ml[38;2;71;130;139mc[38;2;11;50;53m.[38;2;2;24;30m [38;2;9;52;66m.[38;2;6;51;70m.[38;2;8;48;65m.[38;2;8;49;58m.[38;2;9;46;58m.[38;2;10;27;57m [38;2;50;108;123m;[38;2;66;126;162mc[38;2;32;73;169m'[38;2;29;121;225m:[38;2;52;163;239mo[38;2;54;187;255md[38;2;49;175;255md[38;2;51;200;255mx[38;2;54;181;252md[38;2;53;180;246md[38;2;15;120;228m:[38;2;105;195;255mk[38;2;136;143;189md[38;2;7;22;49m [38;2;85;152;183mo[38;2;20;59;83m.[38;2;28;75;102m.[38;2;31;78;102m'[38;2;24;73;90m.[38;2;14;69;80m.[38;2;6;66;78m.[38;2;3;25;36m [38;2;70;109;175m:[38;2;141;187;217mk[38;2;2;26;44m [38;2;16;58;75m.[38;2;12;61;77m.[38;2;21;68;81m.[38;2;0;4;5m [38;2;143;174;191mx[38;2;76;104;116m;[38;2;4;24;35m [38;2;7;31;25m [38;2;9;26;44m [38;2;102;153;201mo[38;2;112;152;197md[38;2;13;16;18m [38;2;17;18;23m [38;2;34;52;64m.[38;2;4;10;18m [38;2;1;7;2m [38;2;1;10;8m [38;2;24;44;48m.[38;2;13;19;14m [38;2;44;64;48m.[38;2;86;121;112m:[38;2;105;160;167mo[38;2;86;128;145mc[38;2;122;165;158md[38;2;128;180;197mx[38;2;120;153;161mo[38;2;94;108;108m:[38;2;98;128;123mc[38;2;91;119;112m:[38;2;78;104;104m;[38;2;129;164;163md[38;2;223;246;248mW[0m
[0m[38;2;28;52;58m.[38;2;10;52;74m.[38;2;5;36;25m [38;2;5;17;20m [38;2;7;38;57m.[38;2;80;165;183mo[38;2;34;87;73m'[38;2;22;34;43m.[38;2;70;130;150mc[38;2;55;109;112m;[38;2;53;103;108m;[38;2;51;105;107m;[38;2;53;117;116m;[38;2;71;129;127mc[38;2;49;95;97m,[38;2;49;86;93m,[38;2;41;82;81m'[38;2;2;13;18m [38;2;9;46;61m.[38;2;5;40;51m.[38;2;9;47;61m.[38;2;15;46;60m.[38;2;24;63;81m.[38;2;24;63;87m.[38;2;21;66;95m.[38;2;27;67;124m.[38;2;58;115;178m:[38;2;8;33;106m.[38;2;10;80;173m'[38;2;10;71;185m'[38;2;17;94;194m,[38;2;7;77;189m'[38;2;6;77;166m'[38;2;3;27;127m.[38;2;130;172;238mx[38;2;128;128;149ml[38;2;0;0;17m [38;2;110;209;222mO[38;2;34;88;110m'[38;2;8;53;82m.[38;2;8;64;80m.[38;2;18;63;87m.[38;2;13;58;80m.[38;2;9;55;71m.[38;2;5;20;31m [38;2;93;135;183ml[38;2;114;158;177md[38;2;3;14;19m [38;2;9;30;28m [38;2;6;17;19m [38;2;1;18;13m [38;2;0;0;0m [38;2;110;162;187md[38;2;98;128;127mc[38;2;1;23;22m [38;2;8;43;48m.[38;2;41;74;103m'[38;2;101;149;184mo[38;2;103;138;156ml[38;2;81;94;91m;[38;2;61;67;73m'[38;2;128;180;202mx[38;2;4;5;7m [38;2;1;3;5m [38;2;19;34;35m.[38;2;10;14;18m [38;2;2;2;2m [38;2;45;74;47m.[38;2;68;100;109m;[38;2;61;119;124m:[38;2;38;65;75m.[38;2;72;107;108m;[38;2;89;126;134mc[38;2;81;116;116m:[38;2;114;140;132ml[38;2;143;187;201mk[38;2;111;148;152mo[38;2;89;129;130mc[38;2;88;120;120mc[38;2;205;233;238mX[0m
[0m[38;2;20;44;52m.[38;2;11;44;65m.[38;2;4;37;39m [38;2;9;38;52m.[38;2;6;31;43m [38;2;77;150;168ml[38;2;44;108;94m;[38;2;1;5;10m [38;2;8;34;53m [38;2;5;40;49m.[38;2;13;54;58m.[38;2;24;61;69m.[38;2;26;74;88m.[38;2;29;83;76m'[38;2;29;71;81m.[38;2;50;93;105m,[38;2;107;195;194mk[38;2;0;3;12m [38;2;12;56;73m.[38;2;7;51;65m.[38;2;13;50;65m.[38;2;8;51;69m.[38;2;8;53;68m.[38;2;12;53;74m.[38;2;10;55;83m.[38;2;10;54;88m.[38;2;18;61;96m.[38;2;30;44;75m.[38;2;11;63;107m.[38;2;10;59;107m.[38;2;10;58;107m.[38;2;9;61;113m.[38;2;12;56;94m.[38;2;5;23;75m [38;2;137;171;208mx[38;2;127;131;137ml[38;2;3;3;9m [38;2;67;142;138mc[38;2;50;101;108m,[38;2;6;30;35m [38;2;5;33;38m [38;2;6;25;30m [38;2;3;13;16m [38;2;0;7;3m [38;2;0;0;0m [38;2;124;157;195md[38;2;118;143;157mo[38;2;13;27;35m [38;2;4;17;19m [38;2;0;8;1m [38;2;0;12;9m [38;2;0;0;0m [38;2;97;146;177mo[38;2;122;128;128ml[38;2;1;23;32m [38;2;6;39;43m.[38;2;80;118;169mc[38;2;11;27;48m [38;2;149;174;191mk[38;2;73;77;77m'[38;2;28;37;45m.[38;2;147;171;180mx[38;2;92;101;108m:[38;2;107;141;165mo[38;2;2;5;6m [38;2;0;5;0m [38;2;0;4;0m [38;2;27;51;36m.[38;2;69;102;103m;[38;2;65;112;126m:[38;2;47;88;101m,[38;2;49;73;66m'[38;2;45;75;74m'[38;2;44;75;71m'[38;2;58;88;99m,[38;2;71;121;137m:[38;2;116;169;173md[38;2;138;191;199mk[38;2;164;209;223m0[38;2;125;174;187mx[0m
[0m[38;2;23;55;59m.[38;2;12;53;70m.[38;2;10;51;67m.[38;2;6;49;68m.[38;2;4;32;38m [38;2;72;133;164mc[38;2;58;119;108m:[38;2;0;11;17m [38;2;12;50;73m.[38;2;6;49;62m.[38;2;6;49;57m.[38;2;7;49;56m.[38;2;5;49;58m.[38;2;7;49;57m.[38;2;8;49;54m.[38;2;3;38;48m [38;2;66;122;134m:[38;2;2;12;13m [38;2;8;53;70m.[38;2;8;51;64m.[38;2;7;50;60m.[38;2;8;50;68m.[38;2;8;54;63m.[38;2;12;53;69m.[38;2;10;56;68m.[38;2;11;55;73m.[38;2;14;55;76m.[38;2;51;74;83m'[38;2;16;60;77m.[38;2;8;44;64m.[38;2;7;34;56m [38;2;6;34;44m [38;2;9;24;34m [38;2;2;5;15m [38;2;131;166;203mx[38;2;129;139;141mo[38;2;4;19;33m [38;2;5;26;45m [38;2;9;15;32m [38;2;2;24;35m [38;2;34;83;104m'[38;2;4;25;41m [38;2;0;5;12m [38;2;1;11;10m [38;2;0;0;5m [38;2;153;189;232mO[38;2;127;132;139ml[38;2;14;36;42m.[38;2;0;19;21m [38;2;0;6;1m [38;2;0;6;2m [38;2;1;0;0m [38;2;90;133;162ml[38;2;116;132;134ml[38;2;26;55;65m.[38;2;28;63;58m.[38;2;76;112;158m:[38;2;21;50;43m.[38;2;60;110;167m:[38;2;92;105;121m:[38;2;97;120;142mc[38;2;106;132;164ml[38;2;51;90;94m,[38;2;70;110;167m:[38;2;0;1;0m [38;2;0;4;0m [38;2;2;5;0m [38;2;9;14;9m [38;2;71;104;102m;[38;2;62;109;121m;[38;2;63;108;127m;[38;2;56;96;106m,[38;2;52;84;89m'[38;2;64;113;107m;[38;2;69;114;124m:[38;2;74;129;145mc[38;2;68;116;129m:[38;2;43;88;112m,[38;2;53;99;115m;[38;2;74;111;134m:[0m
[0m[38;2;19;54;60m.[38;2;9;53;67m.[38;2;6;50;61m.[38;2;5;49;65m.[38;2;3;32;38m [38;2;66;118;164m:[38;2;60;135;122mc[38;2;0;9;12m [38;2;12;50;66m.[38;2;4;49;63m.[38;2;7;49;60m.[38;2;7;49;62m.[38;2;7;49;56m.[38;2;6;49;59m.[38;2;6;49;57m.[38;2;6;49;55m.[38;2;7;53;59m.[38;2;2;22;27m [38;2;10;62;70m.[38;2;9;54;61m.[38;2;7;45;55m.[38;2;6;42;52m.[38;2;7;38;45m.[38;2;7;34;37m [38;2;5;30;34m [38;2;6;21;26m [38;2;3;21;19m [38;2;8;22;28m [38;2;4;30;35m [38;2;0;4;7m [38;2;16;31;33m [38;2;15;31;46m [38;2;4;20;23m [38;2;0;0;0m [38;2;106;154;197mo[38;2;135;147;160mo[38;2;4;33;56m [38;2;9;39;72m.[38;2;5;13;37m [38;2;11;33;72m.[38;2;18;86;133m'[38;2;3;33;54m [38;2;0;7;22m [38;2;1;14;20m [38;2;0;6;56m [38;2;169;203;254m0[38;2;102;123;128mc[38;2;12;29;38m [38;2;18;41;57m.[38;2;44;78;85m'[38;2;51;84;84m'[38;2;2;7;11m [38;2;83;135;165ml[38;2;98;124;134mc[38;2;33;74;76m.[38;2;72;121;128m:[38;2;52;100;125m;[38;2;4;29;28m [38;2;105;151;192mo[38;2;5;19;29m [38;2;26;48;61m.[38;2;90;121;162mc[38;2;10;28;32m [38;2;61;112;160m:[38;2;0;4;0m [38;2;2;4;2m [38;2;0;2;0m [38;2;0;3;0m [38;2;19;44;45m.[38;2;32;71;83m.[38;2;51;83;95m'[38;2;53;78;91m'[38;2;63;91;92m,[38;2;59;96;102m,[38;2;56;99;110m;[38;2;58;108;119m;[38;2;62;103;114m;[38;2;58;110;129m;[38;2;63;111;124m;[38;2;59;92;102m,[0m
[0m[38;2;21;53;61m.[38;2;6;50;63m.[38;2;8;48;64m.[38;2;6;49;59m.[38;2;4;31;44m [38;2;72;122;182mc[38;2;60;145;125mc[38;2;1;12;20m [38;2;7;53;76m.[38;2;12;52;66m.[38;2;6;53;61m.[38;2;8;51;62m.[38;2;5;47;52m.[38;2;6;44;52m.[38;2;4;36;41m [38;2;2;33;38m [38;2;4;35;38m [38;2;1;12;11m [38;2;4;21;18m [38;2;4;13;13m [38;2;26;29;29m [38;2;51;51;51m..[38;2;53;53;51m.[38;2;51;53;51m.[38;2;51;51;51m.[38;2;47;48;46m.[38;2;58;76;88m'[38;2;33;64;82m.[38;2;35;33;40m.[38;2;20;35;38m.[38;2;10;32;49m [38;2;4;19;26m [38;2;0;0;1m [38;2;71;103;175m:[38;2;185;213;224mK[38;2;5;23;45m [38;2;9;58;126m.[38;2;7;53;137m.[38;2;17;78;190m'[38;2;6;108;192m;[38;2;19;112;186m;[38;2;39;123;174m:[38;2;63;137;171mc[38;2;33;141;212mc[38;2;149;217;255m0[38;2;75;90;141m;[38;2;38;73;104m'[38;2;64;131;150mc[38;2;93;185;198mx[38;2;71;149;155ml[38;2;0;9;14m [38;2;104;153;184mo[38;2;47;70;89m'[38;2;9;41;47m.[38;2;50;94;118m,[38;2;33;57;83m.[38;2;6;32;32m [38;2;94;129;151mc[38;2;10;31;38m [38;2;6;16;28m [38;2;150;176;205mk[38;2;4;22;29m [38;2;68;110;151m:[38;2;0;4;0m [38;2;3;6;2m [38;2;0;5;0m [38;2;0;3;0m [38;2;14;40;42m.[38;2;13;62;72m.[38;2;2;24;32m [38;2;18;38;41m.[38;2;22;41;45m.[38;2;37;54;63m.[38;2;49;75;78m'[38;2;63;96;107m;[38;2;60;103;120m;[38;2;55;100;117m;[38;2;62;93;120m,[38;2;49;84;89m'[0m
[0m[38;2;26;59;72m.[38;2;9;52;64m.[38;2;8;46;67m.[38;2;6;49;68m.[38;2;2;36;53m [38;2;66;109;164m:[38;2;63;154;130ml[38;2;1;11;14m [38;2;5;27;37m [38;2;5;25;27m [38;2;2;21;21m [38;2;2;15;12m [38;2;0;8;3m [38;2;0;3;0m  [38;2;0;4;2m [38;2;3;30;39m [38;2;10;37;45m.[38;2;14;35;44m.[38;2;0;6;6m [38;2;152;170;188mx[38;2;205;227;226mX[38;2;205;228;226mX[38;2;205;231;224mX[38;2;199;231;228mX[38;2;207;228;229mX[38;2;195;217;214mK[38;2;156;164;167mx[38;2;155;185;193mk[38;2;143;160;163md[38;2;107;128;136ml[38;2;129;154;162md[38;2;105;109;112m:[38;2;21;26;26m [38;2;28;46;111m.[38;2;239;255;255mM[38;2;33;98;160m,[38;2;31;164;235ml[38;2;47;204;244mx[38;2;51;220;255mk[38;2;47;238;255mO[38;2;56;243;255mO[38;2;111;252;255mK[38;2;114;255;255mK[38;2;32;194;255md[38;2;112;201;252mO[38;2;65;93;172m;[38;2;0;27;81m [38;2;48;102;121m;[38;2;48;119;129m:[38;2;76;128;138mc[38;2;3;11;14m [38;2;115;173;214mx[38;2;24;45;59m.[38;2;24;55;51m.[38;2;86;151;183mo[38;2;5;14;25m [38;2;7;52;48m.[38;2;45;76;96m'[38;2;44;72;84m'[38;2;1;8;20m [38;2;149;192;216mO[38;2;12;33;50m [38;2;78;111;145m:[38;2;0;3;1m [38;2;0;4;3m [38;2;0;6;1m [38;2;0;5;0m [38;2;15;45;46m.[38;2;18;63;88m.[38;2;0;7;14m [38;2;10;49;53m.[38;2;10;57;72m.[38;2;11;44;56m.[38;2;7;27;39m [38;2;15;30;30m [38;2;36;58;67m.[38;2;51;73;93m'[38;2;58;89;103m,[38;2;50;71;80m'[0m
[0m[38;2;12;39;40m.[38;2;7;27;28m [38;2;9;28;27m [38;2;3;16;35m [38;2;9;45;64m.[38;2;64;93;148m;[38;2;72;159;156ml[38;2;2;11;3m [38;2;0;5;6m [38;2;13;22;23m [38;2;6;19;29m [38;2;13;28;33m [38;2;0;9;3m [38;2;0;10;0m [38;2;0;5;0m [38;2;1;12;0m [38;2;17;31;44m [38;2;10;55;74m.[38;2;18;54;69m.[38;2;4;16;27m [38;2;18;29;40m [38;2;31;59;68m.[38;2;23;54;64m.[38;2;30;58;54m.[38;2;20;59;82m.[38;2;26;68;107m.[38;2;32;50;78m.[38;2;36;46;73m.[38;2;34;56;74m.[38;2;22;45;52m.[38;2;6;20;37m [38;2;53;100;152m;[38;2;129;166;205mx[38;2;191;205;213m0[38;2;25;32;67m.[38;2;200;231;255mX[38;2;119;222;255m0[38;2;81;250;255m0[38;2;51;235;255mO[38;2;65;238;255mO[38;2;50;225;255mk[38;2;39;227;255mk[38;2;57;237;255mO[38;2;115;255;255mK[38;2;19;161;255ml[38;2;123;174;237mx[38;2;81;121;185mc[38;2;5;37;71m.[38;2;12;54;76m.[38;2;25;82;97m'[38;2;44;77;88m'[38;2;4;9;20m [38;2;148;197;225mO[38;2;24;57;78m.[38;2;16;51;46m.[38;2;90;151;203mo[38;2;5;20;28m [38;2;8;62;55m.[38;2;18;44;70m.[38;2;80;112;119m:[38;2;0;2;14m [38;2;156;203;226m0[38;2;40;66;84m.[38;2;75;112;128m:[38;2;9;6;1m [38;2;1;7;8m [38;2;0;9;7m [38;2;1;4;1m [38;2;26;53;63m.[38;2;12;43;61m.[38;2;1;3;3m [38;2;27;44;49m.[38;2;7;35;50m [38;2;17;54;69m.[38;2;15;57;80m.[38;2;20;58;66m.[38;2;0;7;11m [38;2;1;7;4m [38;2;12;26;28m [38;2;33;41;50m.[0m
