[0m[38;2;26;48;45m.[38;2;13;45;46m.[38;2;8;38;36m [38;2;1;12;10m [38;2;5;35;45m [38;2;1;25;30m [38;2;83;148;148ml[38;2;15;41;33m.[38;2;0;5;0m [38;2;0;12;1m [38;2;1;14;5m [38;2;5;21;15m [38;2;8;23;25m [38;2;0;15;16m [38;2;113;162;189md[38;2;103;112;121mc[38;2;0;10;8m [38;2;7;46;43m.[38;2;7;48;54m.[38;2;9;46;54m.[38;2;8;45;53m.[38;2;7;46;51m.[38;2;11;45;58m.[38;2;12;44;58m.[38;2;11;47;50m.[38;2;8;36;46m [38;2;80;161;162mo[38;2;11;31;30m [38;2;31;78;78m.[38;2;46;99;117m,[38;2;41;87;96m'[38;2;23;58;66m.[38;2;11;43;61m.[38;2;11;42;62m.[38;2;8;40;57m.[38;2;60;116;122m:[38;2;47;64;67m.[38;2;72;165;163mo[38;2;46;103;117m;[38;2;10;38;46m.[38;2;9;42;35m.[38;2;25;48;119m.[38;2;137;160;165md[38;2;8;36;35m [38;2;3;20;28m [38;2;6;37;95m.[38;2;190;240;255mN[38;2;42;83;103m'[38;2;48;104;131m;[38;2;35;73;137m'[38;2;12;30;164m.[38;2;20;106;230m;[38;2;4;55;200m.[38;2;15;61;204m.[38;2;20;53;195m.[38;2;11;47;155m.[38;2;16;39;137m.[38;2;3;15;78m [38;2;61;84;165m,[38;2;12;30;72m.[38;2;2;27;43m [38;2;7;33;46m [38;2;8;32;37m [38;2;10;46;54m.[38;2;1;41;39m [38;2;8;41;45m.[38;2;2;33;39m [38;2;7;45;42m.[38;2;9;44;48m.[38;2;10;48;50m.[38;2;0;29;34m [38;2;14;45;53m.[38;2;7;41;44m.[38;2;0;5;0m [38;2;6;35;25m [38;2;4;40;37m [38;2;9;40;41m.[38;2;5;35;30m [38;2;12;45;41m.[38;2;5;40;40m.[0m
[0m[38;2;27;47;47m.[38;2;8;43;42m.[38;2;5;30;27m [38;2;0;12;10m [38;2;4;33;33m [38;2;0;26;30m [38;2;82;146;146ml[38;2;10;25;25m [38;2;0;8;5m [38;2;0;8;0m [38;2;0;5;0m [38;2;0;8;0m [38;2;0;3;0m [38;2;20;37;53m.[38;2;189;222;238mK[38;2;13;16;18m [38;2;1;12;11m [38;2;0;19;12m [38;2;3;24;21m [38;2;3;27;29m [38;2;2;34;35m [38;2;7;37;44m.[38;2;3;40;56m.[38;2;5;43;58m.[38;2;7;45;57m.[38;2;5;41;59m.[38;2;35;89;93m'[38;2;18;32;37m [38;2;9;44;50m.[38;2;6;40;57m.[38;2;9;41;59m.[38;2;15;52;68m.[38;2;14;47;66m.[38;2;19;53;70m.[38;2;19;54;69m.[38;2;45;78;100m'[38;2;39;54;60m.[38;2;70;150;160ml[38;2;79;149;183ml[38;2;17;44;60m.[38;2;5;20;28m [38;2;31;56;123m.[38;2;124;146;162mo[38;2;7;33;51m [38;2;6;18;48m [38;2;8;39;98m.[38;2;179;233;255mX[38;2;6;14;41m [38;2;64;131;190mc[38;2;75;158;243mo[38;2;38;125;253mc[38;2;114;255;255mK[38;2;68;227;255mO[38;2;61;206;255mk[38;2;44;163;255mo[38;2;13;137;250mc[38;2;3;81;232m'[38;2;0;32;183m.[38;2;84;131;226ml[38;2;13;33;123m.[38;2;4;23;79m [38;2;5;31;71m [38;2;55;74;86m'[38;2;51;63;67m.[38;2;54;76;83m'[38;2;48;64;71m.[38;2;49;63;65m.[38;2;31;56;59m.[38;2;15;43;47m.[38;2;4;44;43m.[38;2;0;21;24m [38;2;9;45;46m.[38;2;4;30;30m [38;2;0;4;2m [38;2;3;31;30m [38;2;4;30;35m [38;2;9;30;39m [38;2;5;33;29m [38;2;9;44;46m.[38;2;1;34;41m [0m
[0m[38;2;22;46;47m.[38;2;9;44;45m.[38;2;13;33;37m [38;2;0;14;14m [38;2;0;37;40m [38;2;4;26;38m [38;2;82;142;138ml[38;2;5;17;27m [38;2;3;26;30m [38;2;5;22;24m [38;2;2;17;25m [38;2;5;26;39m [38;2;0;1;6m [38;2;139;173;197mx[38;2;97;104;123m:[38;2;2;24;32m [38;2;2;32;42m [38;2;0;6;0m [38;2;0;5;0m [38;2;0;5;1m [38;2;2;5;0m [38;2;0;7;3m [38;2;0;7;6m [38;2;1;14;13m [38;2;1;18;22m [38;2;5;25;33m [38;2;3;35;45m [38;2;7;12;21m [38;2;11;45;51m.[38;2;12;48;66m.[38;2;17;45;72m.[38;2;12;45;73m.[38;2;8;43;70m.[38;2;10;44;73m.[38;2;5;32;60m [38;2;66;126;146mc[38;2;36;53;59m.[38;2;24;55;68m.[38;2;40;91;117m,[38;2;35;71;93m.[38;2;12;29;46m [38;2;45;71;150m'[38;2;95;123;139mc[38;2;13;32;50m [38;2;4;15;38m [38;2;6;36;84m.[38;2;189;248;255mN[38;2;1;8;68m [38;2;17;50;165m.[38;2;79;168;254md[38;2;24;148;255ml[38;2;142;255;255mX[38;2;92;255;255mK[38;2;103;255;255mK[38;2;126;255;255mX[38;2;94;255;255mK[38;2;75;228;255mO[38;2;61;194;255mx[38;2;64;211;255mk[38;2;15;85;231m,[38;2;10;49;197m.[38;2;6;16;107m [38;2;67;82;132m,[38;2;59;89;111m,[38;2;69;95;105m;[38;2;60;82;92m,[38;2;66;86;88m,[38;2;43;68;76m.[38;2;74;96;108m;[38;2;50;72;90m'[38;2;2;19;26m [38;2;8;22;27m [38;2;6;11;13m [38;2;4;31;33m [38;2;8;46;52m.[38;2;9;25;33m [38;2;18;42;44m.[38;2;7;29;24m [38;2;9;40;48m.[38;2;3;36;42m [0m
[0m[38;2;21;47;49m.[38;2;10;45;47m.[38;2;11;35;36m [38;2;4;15;18m [38;2;9;40;55m.[38;2;6;25;44m [38;2;81;140;158ml[38;2;13;29;51m [38;2;1;8;22m [38;2;7;33;80m.[38;2;1;17;40m [38;2;15;28;57m [38;2;71;91;133m;[38;2;203;219;232mX[38;2;3;11;32m [38;2;2;44;79m.[38;2;4;28;53m [38;2;5;36;56m.[38;2;5;36;59m.[38;2;8;23;35m [38;2;9;13;15m [38;2;40;50;52m.[38;2;36;46;49m.[38;2;32;42;43m.[38;2;33;45;44m.[38;2;40;46;48m.[38;2;38;45;49m.[38;2;29;37;42m.[38;2;17;28;28m [38;2;32;44;49m.[38;2;26;35;43m.[38;2;11;22;34m [38;2;6;28;41m [38;2;11;35;48m.[38;2;7;35;65m.[38;2;21;58;81m.[38;2;24;40;49m.[38;2;17;50;77m.[38;2;12;48;85m.[38;2;14;44;78m.[38;2;0;8;17m [38;2;82;110;175m:[38;2;81;111;130m:[38;2;37;70;93m.[38;2;45;77;97m'[38;2;9;19;69m [38;2;207;254;255mW[38;2;4;16;67m [38;2;18;30;167m.[38;2;41;120;245mc[38;2;27;185;255md[38;2;131;255;255mX[38;2;97;255;255mK[38;2;77;255;255m0[38;2;91;255;255mK[38;2;91;255;255mK[38;2;80;255;255m0[38;2;157;255;255mX[38;2;35;234;255mk[38;2;100;251;255mK[38;2;7;152;255mc[38;2;4;55;230m.[38;2;12;37;137m.[38;2;8;28;71m [38;2;9;45;80m.[38;2;3;32;48m [38;2;4;42;49m.[38;2;8;37;49m.[38;2;8;28;38m [38;2;99;110;147mc[38;2;20;32;39m.[38;2;8;21;23m [38;2;11;39;47m.[38;2;6;48;55m.[38;2;6;38;42m [38;2;2;1;2m [38;2;45;61;58m.[38;2;29;54;51m.[38;2;15;38;46m.[38;2;6;36;44m [0m
[0m[38;2;25;47;49m.[38;2;13;43;48m.[38;2;7;35;33m [38;2;5;16;22m [38;2;10;43;63m.[38;2;6;20;62m [38;2;74;134;180mc[38;2;13;42;151m.[38;2;9;76;187m'[38;2;0;62;184m.[38;2;7;48;196m.[38;2;13;43;177m.[38;2;199;231;254mX[38;2;64;69;164m,[38;2;5;42;160m.[38;2;13;48;161m.[38;2;4;27;117m.[38;2;13;39;115m.[38;2;5;49;88m.[38;2;3;17;30m [38;2;61;86;89m,[38;2;146;189;200mk[38;2;132;176;190mx[38;2;130;168;192mx[38;2;133;171;184mx[38;2;147;173;186mx[38;2;114;146;169mo[38;2;132;140;160mo[38;2;90;112;127m:[38;2;107;148;152mo[38;2;101;120;140mc[38;2;113;127;151ml[38;2;53;66;86m'[38;2;84;90;96m;[38;2;23;26;29m [38;2;3;10;14m [38;2;2;11;8m [38;2;11;25;37m [38;2;9;29;53m [38;2;12;28;52m [38;2;0;18;39m [38;2;107;149;219mo[38;2;45;71;103m'[38;2;8;34;72m.[38;2;60;114;150m:[38;2;9;17;59m [38;2;218;251;255mW[38;2;12;30;69m [38;2;26;56;157m.[38;2;25;78;230m,[38;2;22;179;255mo[38;2;101;228;255m0[38;2;99;255;255mK[38;2;99;255;255mK[38;2;83;255;255mK[38;2;100;255;255mK[38;2;79;255;255m0[38;2;142;255;255mX[38;2;30;234;255mk[38;2;123;254;255mX[38;2;7;208;255md[38;2;8;69;239m'[38;2;12;47;165m.[38;2;45;95;136m,[38;2;9;37;72m.[38;2;1;23;39m [38;2;2;34;46m [38;2;1;38;38m [38;2;7;33;39m [38;2;38;44;83m.[38;2;63;81;112m,[38;2;8;45;52m.[38;2;11;44;63m.[38;2;6;37;46m [38;2;29;44;38m.[38;2;32;53;49m.[38;2;18;48;50m.[38;2;9;43;48m.[38;2;13;42;49m.[38;2;13;33;42m [0m
[0m[38;2;25;45;48m.[38;2;10;43;52m.[38;2;10;26;29m [38;2;5;16;29m [38;2;8;40;78m.[38;2;8;28;98m.[38;2;75;134;230ml[38;2;3;78;251m,[38;2;104;255;255mK[38;2;88;239;255m0[38;2;89;221;255mO[38;2;61;167;255md[38;2;106;219;255mO[38;2;67;168;250md[38;2;45;174;255mo[38;2;53;161;252mo[38;2;4;93;240m,[38;2;10;73;206m'[38;2;12;43;152m.[38;2;11;26;73m [38;2;5;16;33m [38;2;17;41;57m.[38;2;11;31;36m [38;2;10;21;23m [38;2;7;23;27m [38;2;8;23;24m [38;2;12;19;17m [38;2;16;33;51m.[38;2;13;31;54m [38;2;5;12;12m [38;2;10;25;49m [38;2;17;36;88m.[38;2;32;48;77m.[38;2;111;120;136mc[38;2;172;204;218m0[38;2;85;93;110m;[38;2;3;8;15m [38;2;3;16;45m [38;2;0;13;36m [38;2;0;3;17m [38;2;0;23;76m [38;2;127;176;248mk[38;2;9;15;25m [38;2;2;12;44m [38;2;16;34;58m.[38;2;16;27;94m.[38;2;219;252;255mW[38;2;1;11;33m [38;2;13;40;116m.[38;2;13;40;172m.[38;2;33;96;218m;[38;2;12;66;221m'[38;2;9;130;247m:[38;2;39;163;252mo[38;2;42;179;255md[38;2;60;221;255mk[38;2;72;233;255mO[38;2;113;255;255mK[38;2;27;231;255mk[38;2;136;242;255mK[38;2;20;208;255mx[38;2;38;110;228m:[38;2;12;33;133m.[38;2;24;57;130m.[38;2;7;39;64m.[38;2;5;22;30m [38;2;6;33;45m [38;2;19;45;52m.[38;2;2;22;32m [38;2;34;58;88m.[38;2;62;80;112m,[38;2;8;48;43m.[38;2;11;34;41m [38;2;32;47;40m.[38;2;29;55;56m.[38;2;5;38;45m [38;2;5;45;55m.[38;2;6;44;53m.[38;2;8;42;43m.[38;2;5;35;43m [0m
[0m[38;2;22;46;51m.[38;2;7;49;56m.[38;2;5;21;30m [38;2;6;21;38m [38;2;7;40;90m.[38;2;15;28;122m.[38;2;72;148;245mo[38;2;0;101;255m;[38;2;114;255;255mK[38;2;125;255;255mX[38;2;50;220;255mk[38;2;121;223;255m0[38;2;68;237;255mO[38;2;101;255;255mK[38;2;120;255;255mX[38;2;179;255;255mN[38;2;17;199;255md[38;2;15;138;254mc[38;2;23;59;202m'[38;2;31;58;140m.[38;2;28;54;105m.[38;2;26;61;91m.[38;2;27;44;58m.[38;2;23;40;40m.[38;2;19;35;39m.[38;2;16;27;26m [38;2;2;2;2m [38;2;11;38;67m.[38;2;10;40;76m.[38;2;3;18;27m [38;2;8;27;50m [38;2;10;31;64m [38;2;11;45;92m.[38;2;1;2;19m [38;2;29;53;92m.[38;2;198;220;253mX[38;2;44;55;119m.[38;2;10;58;139m.[38;2;9;19;115m [38;2;12;16;107m [38;2;12;44;163m.[38;2;142;204;254mO[38;2;2;6;45m [38;2;15;41;116m.[38;2;9;16;70m [38;2;6;41;143m.[38;2;203;244;255mN[38;2;0;0;3m [38;2;1;6;47m [38;2;7;15;53m [38;2;3;14;75m [38;2;15;24;97m.[38;2;7;35;133m.[38;2;15;45;163m.[38;2;4;49;189m.[38;2;8;69;215m'[38;2;4;64;203m.[38;2;13;103;223m;[38;2;55;149;245ml[38;2;66;139;235ml[38;2;27;122;215m:[38;2;52;112;188m:[38;2;10;29;84m.[38;2;4;40;71m.[38;2;4;27;40m [38;2;0;6;3m [38;2;4;14;12m [38;2;12;26;25m [38;2;9;24;33m [38;2;32;66;102m.[38;2;67;88;116m,[38;2;7;12;10m [38;2;26;43;48m.[38;2;9;36;30m [38;2;11;34;47m [38;2;6;34;45m [38;2;7;43;50m.[38;2;5;38;49m.[38;2;4;38;43m [38;2;9;41;45m.[0m
[0m[38;2;18;48;56m.[38;2;5;46;58m.[38;2;6;28;34m [38;2;2;25;43m [38;2;11;42;107m.[38;2;12;34;146m.[38;2;76;153;248mo[38;2;0;120;255m:[38;2;121;255;255mX[38;2;118;255;255mK[38;2;26;205;255mx[38;2;69;224;255mO[38;2;120;255;255mX[38;2;97;255;255mK[38;2;108;255;255mK[38;2;193;255;255mN[38;2;20;225;255mx[38;2;23;140;255mc[38;2;7;61;219m.[38;2;16;53;156m.[38;2;17;47;107m.[38;2;8;41;83m.[38;2;11;38;62m.[38;2;66;134;158mc[38;2;58;127;164mc[38;2;73;128;159mc[38;2;19;38;51m.[38;2;51;96;112m,[38;2;26;54;92m.[38;2;34;68;89m.[38;2;22;47;80m.[38;2;18;51;87m.[38;2;22;55;99m.[38;2;18;29;82m.[38;2;6;21;100m [38;2;135;164;251mx[38;2;108;139;236mo[38;2;7;96;233m,[38;2;4;82;227m,[38;2;8;75;237m'[38;2;16;102;240m;[38;2;162;220;255mK[38;2;3;27;179m.[38;2;24;73;207m'[38;2;5;26;148m.[38;2;5;35;162m.[38;2;195;243;255mN[38;2;0;2;21m [38;2;1;16;46m [38;2;12;32;83m.[38;2;6;34;74m.[38;2;7;17;49m [38;2;0;10;32m [38;2;3;6;27m [38;2;0;5;38m [38;2;2;14;40m [38;2;1;7;45m [38;2;0;13;54m [38;2;86;111;185mc[38;2;8;23;85m [38;2;18;26;65m [38;2;14;39;72m.[38;2;9;41;68m.[38;2;14;49;79m.[38;2;1;16;22m [38;2;2;8;5m [38;2;0;8;1m [38;2;2;9;0m [38;2;1;5;4m [38;2;61;84;115m,[38;2;46;55;82m.[38;2;14;32;33m [38;2;12;48;54m.[38;2;11;43;49m.[38;2;7;31;38m [38;2;5;36;41m [38;2;6;35;41m [38;2;8;41;50m.[38;2;6;43;50m.[38;2;10;43;47m.[0m
[0m[38;2;19;48;56m.[38;2;9;46;61m.[38;2;6;27;37m [38;2;5;24;49m [38;2;15;44;105m.[38;2;8;35;126m.[38;2;83;150;251mo[38;2;0;135;255m:[38;2;130;255;255mX[38;2;83;247;255m0[38;2;72;208;255mk[38;2;68;237;255mO[38;2;96;255;255mK[38;2;106;255;255mK[38;2;114;255;255mK[38;2;187;255;255mN[38;2;29;217;255mx[38;2;42;197;255mx[38;2;10;64;223m'[38;2;19;45;166m.[38;2;10;53;115m.[38;2;11;46;88m.[38;2;5;34;56m [38;2;45;94;117m,[38;2;62;138;156mc[38;2;76;154;173ml[38;2;23;38;45m.[38;2;82;151;160ml[38;2;16;40;65m.[38;2;56;103;130m;[38;2;16;51;86m.[38;2;11;39;80m.[38;2;20;54;113m.[38;2;28;66;161m'[38;2;9;59;219m.[38;2;116;190;255mk[38;2;95;236;255m0[38;2;132;238;255mK[38;2;108;238;255m0[38;2;82;216;255mO[38;2;6;206;255md[38;2;112;226;255m0[38;2;50;163;254mo[38;2;30;170;252mo[38;2;2;118;246m;[38;2;5;68;237m'[38;2;178;220;254mK[38;2;0;0;47m [38;2;13;28;94m.[38;2;13;47;106m.[38;2;3;29;68m [38;2;12;30;59m [38;2;17;34;43m.[38;2;100;124;127mc[38;2;91;115;117m:[38;2;93;114;110m:[38;2;78;100;102m;[38;2;48;67;57m.[38;2;84;107;118m:[38;2;35;51;53m.[38;2;41;51;62m.[38;2;24;31;32m.[38;2;1;10;12m [38;2;5;25;33m [38;2;2;11;11m [38;2;0;8;2m [38;2;0;7;4m [38;2;0;7;3m [38;2;1;4;1m [38;2;89;116;140mc[38;2;18;45;59m.[38;2;9;36;43m [38;2;6;38;51m.[38;2;5;41;51m.[38;2;10;43;48m.[38;2;7;34;33m [38;2;6;37;42m [38;2;9;43;50m.[38;2;11;44;48m.[38;2;9;41;50m.[0m
[0m[38;2;17;40;41m.[38;2;6;38;50m.[38;2;6;25;28m [38;2;3;20;41m [38;2;10;44;96m.[38;2;6;37;114m.[38;2;78;138;245ml[38;2;1;144;255mc[38;2;168;255;255mN[38;2;48;207;255mx[38;2;84;228;255mO[38;2;111;255;255mK[38;2;106;255;255mK[38;2;110;255;255mK[38;2;116;255;255mK[38;2;196;255;255mN[38;2;6;224;255mx[38;2;40;191;255md[38;2;42;103;223m;[38;2;12;47;149m.[38;2;13;49;108m.[38;2;13;45;89m.[38;2;8;41;77m.[38;2;23;49;67m.[38;2;72;148;150ml[38;2;75;156;159ml[38;2;6;16;20m [38;2;80;156;170mo[38;2;65;130;168mc[38;2;12;27;61m [38;2;56;106;147m;[38;2;13;49;100m.[38;2;14;55;138m.[38;2;14;64;192m.[38;2;2;74;251m'[38;2;127;231;255m0[38;2;110;252;255mK[38;2;206;255;255mW[38;2;170;255;255mN[38;2;166;255;255mN[38;2;11;251;255mO[38;2;51;254;255m0[38;2;233;255;255mW[38;2;202;255;255mW[38;2;60;236;255mO[38;2;0;149;255mc[38;2;152;211;255m0[38;2;11;20;120m [38;2;10;42;121m.[38;2;14;48;108m.[38;2;6;28;53m [38;2;19;37;58m.[38;2;1;21;38m [38;2;10;26;32m [38;2;5;15;14m [38;2;2;11;8m [38;2;5;34;32m [38;2;4;24;32m [38;2;80;105;116m;[38;2;1;20;30m [38;2;6;14;16m [38;2;145;162;177mx[38;2;14;25;32m [38;2;8;32;32m [38;2;0;9;4m [38;2;2;8;2m [38;2;4;7;3m [38;2;0;7;0m [38;2;0;0;0m [38;2;120;157;191md[38;2;6;30;31m [38;2;1;6;4m [38;2;12;45;51m.[38;2;7;41;54m.[38;2;16;45;49m.[38;2;15;46;50m.[38;2;7;30;37m [38;2;19;46;53m.[38;2;8;36;40m [38;2;10;44;48m.[0m
[0m[38;2;34;69;66m.[38;2;32;68;76m.[38;2;31;71;80m.[38;2;9;24;33m [38;2;13;47;81m.[38;2;5;32;79m.[38;2;71;141;208ml[38;2;11;63;189m.[38;2;85;159;224mo[38;2;23;118;245m:[38;2;123;215;255m0[38;2;69;188;246mx[38;2;73;214;255mk[38;2;79;221;255mO[38;2;93;235;255m0[38;2;142;235;255mK[38;2;12;204;255md[38;2;36;127;241mc[38;2;81;149;231mo[38;2;25;63;124m.[38;2;19;58;110m.[38;2;18;49;87m.[38;2;10;43;66m.[38;2;9;27;56m [38;2;60;129;146mc[38;2;83;158;175mo[38;2;1;10;12m [38;2;88;160;174mo[38;2;67;140;160mc[38;2;64;114;153m:[38;2;16;39;74m.[38;2;48;87;140m,[38;2;19;43;135m.[38;2;15;64;198m'[38;2;13;102;252m;[38;2;100;223;255mO[38;2;109;255;255mK[38;2;204;255;255mW[38;2;187;255;255mN[38;2;117;255;255mK[38;2;106;255;255mK[38;2;81;255;255mK[38;2;189;255;255mN[38;2;213;255;255mW[38;2;60;248;255m0[38;2;1;169;255ml[38;2;116;203;255mO[38;2;9;38;176m.[38;2;15;53;147m.[38;2;15;49;111m.[38;2;7;26;58m [38;2;41;70;92m.[38;2;16;51;85m.[38;2;45;79;86m'[38;2;56;113;118m;[38;2;37;69;74m.[38;2;6;28;31m [38;2;6;32;39m [38;2;104;146;189mo[38;2;14;41;44m.[38;2;0;7;3m [38;2;81;105;149m:[38;2;24;40;59m.[38;2;4;37;39m [38;2;1;7;2m [38;2;3;8;2m [38;2;0;6;3m [38;2;1;7;5m [38;2;36;48;63m.[38;2;82;118;137m:[38;2;7;42;51m.[38;2;1;10;8m [38;2;14;42;48m.[38;2;4;26;34m [38;2;12;37;40m.[38;2;6;31;34m [38;2;9;34;43m [38;2;18;45;47m.[38;2;26;53;58m.[38;2;21;52;54m.[0m
[0m[38;2;17;49;49m.[38;2;10;45;57m.[38;2;10;49;54m.[38;2;0;19;32m [38;2;12;50;69m.[38;2;6;32;57m [38;2;75;131;154mc[38;2;2;14;48m [38;2;7;37;95m.[38;2;19;37;145m.[38;2;186;231;255mX[38;2;0;14;122m [38;2;7;54;183m.[38;2;43;111;233m:[38;2;22;84;202m,[38;2;15;65;188m'[38;2;53;134;219mc[38;2;11;18;107m [38;2;33;74;134m'[38;2;38;77;116m'[38;2;37;74;111m'[38;2;35;73;101m'[38;2;32;70;88m.[38;2;28;73;80m.[38;2;38;80;98m'[38;2;40;85;103m'[38;2;44;88;107m,[38;2;33;65;67m.[38;2;50;103;122m;[38;2;53;109;125m;[38;2;38;79;117m'[38;2;36;58;101m.[38;2;37;70;145m'[38;2;38;69;196m'[38;2;24;97;236m;[38;2;94;207;255mk[38;2;104;252;255mK[38;2;176;255;255mN[38;2;230;255;255mW[38;2;33;255;255mO[38;2;78;252;255m0[38;2;150;255;255mX[38;2;189;255;255mN[38;2;215;255;255mW[38;2;60;252;255m0[38;2;1;158;255ml[38;2;132;191;253mO[38;2;4;44;162m.[38;2;12;55;131m.[38;2;16;50;107m.[38;2;5;22;39m [38;2;92;145;176ml[38;2;14;45;71m.[38;2;3;27;50m [38;2;61;115;120m:[38;2;55;112;108m;[38;2;9;25;27m [38;2;0;18;35m [38;2;104;145;189mo[38;2;21;49;52m.[38;2;1;8;6m [38;2;79;111;160m:[38;2;24;50;62m.[38;2;52;95;98m,[38;2;2;4;0m [38;2;2;8;0m [38;2;1;6;0m [38;2;1;1;1m [38;2;130;165;182md[38;2;15;39;56m.[38;2;10;42;59m.[38;2;2;14;11m [38;2;6;36;40m [38;2;32;75;88m.[38;2;16;50;87m.[38;2;20;61;90m.[38;2;9;27;38m [38;2;86;104;101m;[38;2;40;57;53m.[38;2;26;65;65m.[0m
[0m[38;2;20;48;49m.[38;2;9;46;52m.[38;2;11;49;54m.[38;2;2;21;34m [38;2;15;46;64m.[38;2;5;31;49m [38;2;81;143;156ml[38;2;3;31;45m [38;2;10;47;69m.[38;2;3;9;50m [38;2;173;209;241m0[38;2;35;49;81m.[38;2;9;37;79m.[38;2;21;55;95m.[38;2;67;131;168mc[38;2;9;27;69m [38;2;58;116;157m:[38;2;2;13;30m [38;2;11;47;75m.[38;2;7;47;69m.[38;2;4;48;72m.[38;2;7;45;67m.[38;2;6;44;61m.[38;2;8;46;63m.[38;2;7;44;62m.[38;2;6;40;56m.[38;2;37;82;101m'[38;2;19;32;37m [38;2;10;40;61m.[38;2;7;38;64m.[38;2;5;41;77m.[38;2;14;47;92m.[38;2;20;62;108m.[38;2;29;63;129m.[38;2;34;71;200m'[38;2;116;179;254mk[38;2;12;133;241m:[38;2;9;168;253ml[38;2;48;161;253mo[38;2;121;240;255mK[38;2;10;158;252ml[38;2;56;188;255md[38;2;73;209;255mk[38;2;94;222;255mO[38;2;31;195;255md[38;2;2;88;246m,[38;2;149;176;239mk[38;2;25;49;145m.[38;2;30;71;130m'[38;2;33;72;121m'[38;2;22;38;55m.[38;2;66;119;133m:[38;2;56;112;125m;[38;2;10;36;57m.[38;2;10;37;47m.[38;2;38;79;81m'[38;2;5;24;33m [38;2;21;37;51m.[38;2;107;136;144ml[38;2;4;33;33m [38;2;0;2;3m [38;2;96;121;167mc[38;2;3;24;36m [38;2;15;54;55m.[38;2;1;5;1m [38;2;0;5;1m [38;2;0;9;2m [38;2;33;41;58m.[38;2;104;131;140ml[38;2;10;37;47m.[38;2;7;44;55m.[38;2;0;15;14m [38;2;9;34;38m [38;2;23;41;55m.[38;2;22;29;42m [38;2;46;98;109m,[38;2;5;21;26m [38;2;127;147;145mo[38;2;55;82;75m'[38;2;30;71;75m.[0m
[0m[38;2;22;48;48m.[38;2;7;45;51m.[38;2;6;50;56m.[38;2;1;19;17m [38;2;15;48;59m.[38;2;5;32;41m [38;2;73;132;145mc[38;2;7;21;30m [38;2;10;44;62m.[38;2;3;16;33m [38;2;84;120;185mc[38;2;130;148;155mo[38;2;3;24;36m [38;2;4;38;56m.[38;2;40;80;104m'[38;2;49;93;118m,[38;2;59;110;134m;[38;2;4;13;19m [38;2;5;47;70m.[38;2;2;48;63m.[38;2;0;47;62m.[38;2;3;47;65m.[38;2;8;46;65m.[38;2;6;46;63m.[38;2;5;46;67m.[38;2;4;48;65m.[38;2;7;53;60m.[38;2;9;29;33m [38;2;7;45;66m.[38;2;8;44;69m.[38;2;6;45;77m.[38;2;6;46;83m.[38;2;7;52;89m.[38;2;7;36;91m.[38;2;34;69;159m'[38;2;137;182;239mk[38;2;9;25;115m.[38;2;8;44;158m.[38;2;25;71;216m'[38;2;163;193;228mO[38;2;1;25;170m.[38;2;8;71;217m'[38;2;17;76;215m'[38;2;14;80;213m,[38;2;26;69;183m'[38;2;5;29;148m.[38;2;145;163;203mx[38;2;3;21;54m [38;2;14;48;89m.[38;2;15;58;83m.[38;2;52;86;107m,[38;2;5;25;30m [38;2;20;59;71m.[38;2;22;62;72m.[38;2;25;65;76m.[38;2;40;89;86m'[38;2;3;17;24m [38;2;96;115;129mc[38;2;49;79;96m'[38;2;36;76;80m'[38;2;2;6;7m [38;2;112;141;170mo[38;2;20;45;60m.[38;2;34;69;82m.[38;2;6;12;11m [38;2;0;6;1m [38;2;2;6;9m [38;2;116;144;160mo[38;2;7;15;20m [38;2;10;53;66m.[38;2;9;47;55m.[38;2;1;15;17m [38;2;6;29;30m [38;2;58;75;68m'[38;2;58;69;62m'[38;2;23;33;27m.[38;2;0;1;0m [38;2;136;150;144md[38;2;30;48;47m.[38;2;20;56;63m.[0m
[0m[38;2;18;41;43m.[38;2;7;37;48m.[38;2;5;45;54m.[38;2;2;9;11m [38;2;10;39;53m.[38;2;53;95;115m,[38;2;44;108;98m;[38;2;0;9;10m [38;2;8;33;34m [38;2;4;22;30m [38;2;20;34;70m.[38;2;145;194;231mO[38;2;24;37;41m.[38;2;3;27;31m [38;2;4;23;32m [38;2;43;86;94m'[38;2;45;80;93m'[38;2;1;6;8m [38;2;5;36;40m [38;2;5;33;37m [38;2;2;32;43m [38;2;5;34;44m [38;2;5;31;43m [38;2;4;34;38m [38;2;7;32;44m [38;2;2;33;47m [38;2;4;32;40m [38;2;1;14;22m [38;2;6;35;39m [38;2;5;32;42m [38;2;2;31;45m [38;2;3;32;52m [38;2;2;32;44m [38;2;4;22;41m [38;2;35;66;138m'[38;2;146;206;244m0[38;2;6;9;32m [38;2;5;20;59m [38;2;124;162;229mx[38;2;79;92;117m;[38;2;2;16;81m [38;2;5;39;94m.[38;2;11;38;99m.[38;2;10;37;92m.[38;2;8;23;52m [38;2;14;34;106m.[38;2;132;155;164md[38;2;3;19;30m [38;2;7;33;50m [38;2;4;35;56m [38;2;12;39;53m.[38;2;3;22;21m [38;2;5;33;35m [38;2;6;31;37m [38;2;5;35;45m [38;2;11;37;43m.[38;2;0;9;8m [38;2;127;161;198md[38;2;4;18;16m [38;2;5;29;37m [38;2;58;81;102m,[38;2;64;86;96m,[38;2;5;25;30m [38;2;17;46;63m.[38;2;4;14;16m [38;2;0;2;3m [38;2;88;115;133m:[38;2;44;56;61m.[38;2;5;19;21m [38;2;7;54;62m.[38;2;7;47;46m.[38;2;3;15;16m [38;2;9;40;42m.[38;2;24;53;48m.[38;2;26;44;46m.[38;2;10;28;30m [38;2;4;21;23m [38;2;75;98;95m;[38;2;23;42;48m.[38;2;25;54;61m.[0m
[0m[38;2;15;45;48m.[38;2;11;42;55m.[38;2;7;32;33m [38;2;8;12;17m [38;2;9;35;49m [38;2;61;113;131m:[38;2;47;103;104m,[38;2;2;6;10m [38;2;0;7;6m [38;2;8;17;18m [38;2;4;12;15m [38;2;52;80;148m,[38;2;122;155;190md[38;2;27;32;30m.[38;2;1;3;0m [38;2;0;6;1m [38;2;0;3;0m [38;2;1;27;35m [38;2;5;29;33m [38;2;2;14;16m [38;2;20;22;26m [38;2;45;52;53m.[38;2;49;51;56m.[38;2;48;53;52m.[38;2;49;55;54m.[38;2;51;58;58m.[38;2;54;59;64m.[38;2;57;58;61m.[38;2;44;47;55m.[38;2;45;57;58m.[38;2;46;59;64m.[38;2;8;9;24m [38;2;0;5;13m [38;2;0;0;0m [38;2;37;56;112m.[38;2;167;226;250mK[38;2;0;3;5m [38;2;32;56;129m.[38;2;177;203;226m0[38;2;50;58;65m.[38;2;70;83;93m,[38;2;67;84;98m,[38;2;75;87;99m,[38;2;73;88;92m,[38;2;78;94;99m;[38;2;11;33;80m.[38;2;132;150;156md[38;2;60;83;82m,[38;2;40;46;59m.[38;2;14;16;19m [38;2;0;4;0m [38;2;6;21;24m [38;2;3;23;29m [38;2;2;15;11m [38;2;2;5;4m [38;2;3;5;7m [38;2;0;0;5m [38;2;121;170;219mx[38;2;25;31;38m.[38;2;28;34;41m.[38;2;111;150;183mo[38;2;50;61;78m.[38;2;49;61;69m.[38;2;22;34;43m.[38;2;0;1;9m [38;2;37;52;79m.[38;2;93;123;146mc[38;2;1;1;0m [38;2;6;23;23m [38;2;10;52;71m.[38;2;7;46;46m.[38;2;3;19;19m [38;2;6;42;37m.[38;2;3;33;35m [38;2;5;30;33m [38;2;12;51;51m.[38;2;5;35;44m [38;2;71;128;134mc[38;2;14;47;53m.[38;2;18;52;50m.[0m
[0m[38;2;17;44;53m.[38;2;8;46;53m.[38;2;6;37;34m [38;2;5;14;18m [38;2;8;35;45m [38;2;61;116;128m:[38;2;44;97;105m,[38;2;2;9;19m [38;2;0;10;8m [38;2;12;46;53m.[38;2;6;25;30m [38;2;8;25;30m [38;2;46;76;140m'[38;2;127;162;202md[38;2;64;69;73m'[38;2;0;3;1m [38;2;0;3;1m [38;2;2;56;92m.[38;2;12;49;82m.[38;2;3;18;26m [38;2;82;104;120m:[38;2;145;192;210mO[38;2;138;186;198mk[38;2;137;186;196mk[38;2;138;182;197mk[38;2;131;179;189mx[38;2;129;171;189mx[38;2;118;151;165mo[38;2;105;118;132mc[38;2;92;127;129mc[38;2;99;142;153ml[38;2;110;125;161ml[38;2;91;106;134m:[38;2;37;71;110m'[38;2;45;85;146m,[38;2;68;124;181mc[38;2;34;49;98m.[38;2;91;121;187mc[38;2;67;72;79m'[38;2;85;115;114m:[38;2;110;144;142mo[38;2;112;149;151mo[38;2;105;141;151ml[38;2;101;141;150ml[38;2;119;137;141ml[38;2;15;29;70m.[38;2;114;153;157mo[38;2;81;117;107m:[38;2;67;89;119m,[38;2;85;101;122m:[38;2;53;69;95m'[38;2;100;126;141mc[38;2;35;45;45m.[38;2;2;17;17m [38;2;0;5;6m [38;2;0;8;9m [38;2;5;9;27m [38;2;115;153;186md[38;2;84;104;128m:[38;2;57;80;152m,[38;2;110;176;250mx[38;2;51;84;211m;[38;2;44;78;200m,[38;2;53;82;206m;[38;2;84;120;164mc[38;2;113;149;211md[38;2;7;10;24m [38;2;1;5;15m [38;2;12;23;30m [38;2;8;49;75m.[38;2;4;44;50m.[38;2;2;17;15m [38;2;9;50;54m.[38;2;11;50;57m.[38;2;0;5;0m [38;2;12;46;46m.[38;2;6;33;45m [38;2;77;134;133mc[38;2;7;35;33m [38;2;13;41;53m.[0m
[0m[38;2;23;46;51m.[38;2;7;44;54m.[38;2;5;36;35m [38;2;9;18;23m [38;2;7;32;43m [38;2;67;129;136mc[38;2;42;86;101m'[38;2;5;10;15m [38;2;1;17;22m [38;2;3;18;27m [38;2;7;40;49m.[38;2;4;31;36m [38;2;4;5;8m [38;2;27;53;98m.[38;2;128;163;216mx[38;2;124;136;152mo[38;2;33;37;57m.[38;2;7;39;93m.[38;2;12;49;115m.[38;2;8;30;91m.[38;2;8;21;88m [38;2;18;51;158m.[38;2;12;32;127m.[38;2;9;34;143m.[38;2;11;31;144m.[38;2;7;34;127m.[38;2;12;35;115m.[38;2;15;41;108m.[38;2;14;39;81m.[38;2;7;35;66m.[38;2;14;33;58m.[38;2;6;31;46m [38;2;2;23;20m [38;2;0;0;0m [38;2;32;75;131m'[38;2;134;152;177md[38;2;76;98;124m;[38;2;58;76;128m,[38;2;56;73;120m'[38;2;5;24;32m [38;2;10;40;44m.[38;2;0;12;15m [38;2;1;4;4m [38;2;0;4;2m [38;2;7;16;13m [38;2;24;46;88m.[38;2;115;134;135ml[38;2;3;18;25m [38;2;0;6;7m [38;2;0;0;0m [38;2;1;3;4m [38;2;34;58;80m.[38;2;171;178;195mk[38;2;3;14;8m [38;2;5;15;15m [38;2;5;12;15m [38;2;23;38;77m.[38;2;100;126;154ml[38;2;8;30;143m.[38;2;35;117;237m:[38;2;70;222;255mO[38;2;74;197;255mx[38;2;82;205;255mk[38;2;99;196;255mk[38;2;30;177;255mo[38;2;72;133;212ml[38;2;0;0;99m [38;2;0;8;57m [38;2;8;20;49m [38;2;11;51;73m.[38;2;6;44;51m.[38;2;4;19;17m [38;2;10;44;59m.[38;2;20;51;60m.[38;2;0;2;0m [38;2;18;40;47m.[38;2;29;59;67m.[38;2;52;90;105m,[38;2;10;39;39m.[38;2;14;36;44m.[0m
[0m[38;2;22;47;51m.[38;2;8;45;50m.[38;2;9;40;40m.[38;2;6;16;17m [38;2;5;32;41m [38;2;72;139;145mc[38;2;40;80;84m'[38;2;0;12;14m [38;2;8;43;58m.[38;2;9;35;49m [38;2;8;47;63m.[38;2;8;28;40m [38;2;4;12;21m [38;2;2;8;18m [38;2;11;23;62m [38;2;53;81;170m,[38;2;126;166;237mx[38;2;114;148;192mo[38;2;83;97;179m:[38;2;27;64;210m'[38;2;20;98;235m;[38;2;3;137;254mc[38;2;4;146;249mc[38;2;21;161;255ml[38;2;31;160;252ml[38;2;50;158;251mo[38;2;21;128;244m:[38;2;14;84;223m,[38;2;20;57;140m.[38;2;12;42;90m.[38;2;20;40;74m.[38;2;31;58;81m.[38;2;21;53;79m.[38;2;39;57;87m.[38;2;39;86;159m,[38;2;155;172;176mx[38;2;47;71;64m.[38;2;16;36;42m.[38;2;92;118;195mc[38;2;29;51;74m.[38;2;14;50;47m.[38;2;39;80;77m'[38;2;45;87;85m'[38;2;47;75;78m'[38;2;2;12;12m [38;2;27;51;98m.[38;2;124;162;160md[38;2;39;78;72m'[38;2;36;69;72m.[38;2;62;118;116m:[38;2;36;68;68m.[38;2;1;11;25m [38;2;165;182;233mO[38;2;7;13;18m [38;2;43;91;107m,[38;2;40;75;96m'[38;2;36;54;123m.[38;2;109;133;197ml[38;2;43;122;246mc[38;2;33;213;255mx[38;2;128;255;255mX[38;2;234;255;255mW[38;2;229;255;255mW[38;2;156;255;255mX[38;2;17;217;255mx[38;2;73;181;255mx[38;2;8;8;140m [38;2;0;13;58m [38;2;6;22;66m [38;2;9;52;73m.[38;2;6;42;48m.[38;2;10;22;20m [38;2;10;47;53m.[38;2;11;51;61m.[38;2;0;0;0m [38;2;6;40;45m.[38;2;62;108;116m;[38;2;13;41;49m.[38;2;10;42;49m.[38;2;12;42;54m.[0m
[0m[38;2;18;40;42m.[38;2;26;68;83m.[38;2;45;98;88m,[38;2;4;14;14m [38;2;5;33;44m [38;2;69;133;146mc[38;2;35;84;86m'[38;2;11;19;23m [38;2;42;84;84m'[38;2;38;79;87m'[38;2;42;86;87m'[38;2;47;94;103m,[38;2;37;75;107m'[38;2;22;52;104m.[38;2;22;65;174m'[38;2;17;77;218m'[38;2;0;140;249mc[38;2;122;215;255m0[38;2;124;237;255mK[38;2;74;220;255mO[38;2;58;222;255mk[38;2;69;245;255m0[38;2;119;249;255mK[38;2;143;249;255mX[38;2;171;254;255mN[38;2;182;253;255mN[38;2;111;244;255mK[38;2;96;176;255mx[38;2;109;150;223md[38;2;110;133;178ml[38;2;122;136;165mo[38;2;109;139;168ml[38;2;42;100;159m;[38;2;33;75;82m.[38;2;60;116;177m:[38;2;132;146;150mo[38;2;1;22;13m [38;2;2;33;31m [38;2;58;90;141m,[38;2;51;79;134m,[38;2;48;89;90m,[38;2;46;109;103m;[38;2;62;132;133mc[38;2;66;129;130mc[38;2;0;6;6m [38;2;41;76;129m'[38;2;122;139;136mo[38;2;50;103;97m,[38;2;22;49;57m.[38;2;66;127;126m:[38;2;45;95;88m,[38;2;0;8;25m [38;2;164;185;214mO[38;2;16;19;26m [38;2;5;46;62m.[38;2;28;51;71m.[38;2;43;62;132m'[38;2;106;131;184ml[38;2;20;67;224m'[38;2;41;209;255mx[38;2;126;254;255mX[38;2;211;255;255mW[38;2;208;255;255mW[38;2;28;244;255mO[38;2;2;103;255m;[38;2;49;111;238m:[38;2;36;47;136m.[38;2;0;10;47m [38;2;10;28;63m [38;2;10;53;78m.[38;2;5;39;42m [38;2;10;29;23m [38;2;13;42;49m.[38;2;5;45;48m.[38;2;0;1;0m [38;2;18;55;53m.[38;2;56;96;102m,[38;2;6;25;34m [38;2;15;39;51m.[38;2;11;43;51m.[0m
[0m[38;2;33;62;67m.[38;2;75;154;160ml[38;2;16;48;41m.[38;2;6;15;19m [38;2;4;34;45m [38;2;76;142;153ml[38;2;32;75;80m.[38;2;23;35;44m.[38;2;80;161;172mo[38;2;65;140;148mc[38;2;62;136;140mc[38;2;50;138;157mc[38;2;70;143;177ml[38;2;19;49;122m.[38;2;18;60;203m.[38;2;10;97;255m;[38;2;0;225;255mx[38;2;167;255;255mN[38;2;166;255;255mN[38;2;158;255;255mX[38;2;119;253;255mK[38;2;98;249;255mK[38;2;96;245;255m0[38;2;103;242;255m0[38;2;116;247;255mK[38;2;107;240;255m0[38;2;49;213;255mk[38;2;21;129;255mc[38;2;11;61;232m'[38;2;7;36;140m.[38;2;16;44;88m.[38;2;72;140;167ml[38;2;60;133;131mc[38;2;36;89;82m'[38;2;77;127;197mc[38;2;128;131;130ml[38;2;3;24;22m [38;2;4;38;38m [38;2;49;82;123m,[38;2;59;109;160m:[38;2;0;0;4m [38;2;35;78;75m'[38;2;49;92;105m,[38;2;52;101;104m,[38;2;2;8;16m [38;2;60;94;166m;[38;2;116;129;128ml[38;2;4;22;25m [38;2;56;107;105m;[38;2;14;38;40m.[38;2;39;66;66m.[38;2;1;5;15m [38;2;159;175;206mk[38;2;15;23;29m [38;2;5;37;46m [38;2;7;23;36m [38;2;31;51;75m.[38;2;84;119;148mc[38;2;70;102;157m;[38;2;41;105;216m:[38;2;39;145;243ml[38;2;48;157;248mo[38;2;49;193;255mx[38;2;24;127;240m:[38;2;0;19;163m.[38;2;57;88;167m;[38;2;35;54;97m.[38;2;0;2;23m [38;2;15;28;44m [38;2;10;53;65m.[38;2;6;34;43m [38;2;12;28;28m [38;2;2;32;40m [38;2;7;47;54m.[38;2;0;0;1m [38;2;69;125;125m:[38;2;13;41;48m.[38;2;9;41;50m.[38;2;22;37;46m.[38;2;14;40;48m.[0m
[0m[38;2;78;140;123mc[38;2;24;67;70m.[38;2;1;17;17m [38;2;7;17;25m [38;2;5;31;49m [38;2;81;138;156ml[38;2;33;86;70m'[38;2;24;37;48m.[38;2;68;149;161ml[38;2;57;128;150m:[38;2;58;127;150m:[38;2;59;128;163mc[38;2;60;131;160mc[38;2;67;123;178mc[38;2;22;63;188m'[38;2;15;97;255m;[38;2;3;217;255mx[38;2;152;255;255mX[38;2;145;255;255mX[38;2;151;255;255mX[38;2;143;255;255mX[38;2;146;255;255mX[38;2;166;255;255mN[38;2;194;255;255mN[38;2;164;255;255mN[38;2;197;255;255mW[38;2;82;239;255m0[38;2;7;159;255ml[38;2;6;77;242m'[38;2;12;63;161m.[38;2;5;42;94m.[38;2;30;69;102m.[38;2;56;120;116m:[38;2;25;58;74m.[38;2;98;149;194mo[38;2;125;129;128ml[38;2;3;14;13m [38;2;3;27;25m [38;2;49;83;121m,[38;2;64;114;175m:[38;2;9;15;18m [38;2;22;55;61m.[38;2;42;77;81m'[38;2;24;59;53m.[38;2;11;20;21m [38;2;64;108;170m:[38;2;128;130;131ml[38;2;15;40;44m.[38;2;25;59;54m.[38;2;28;55;64m.[38;2;51;89;87m,[38;2;0;3;5m [38;2;150;170;200mx[38;2;29;44;52m.[38;2;7;45;53m.[38;2;13;46;59m.[38;2;13;24;40m [38;2;80;113;137m:[38;2;104;135;178ml[38;2;3;22;54m [38;2;10;29;89m.[38;2;18;37;119m.[38;2;90;130;176ml[38;2;4;12;68m [38;2;2;2;30m [38;2;103;134;151ml[38;2;12;18;32m [38;2;1;4;3m [38;2;9;28;30m [38;2;12;50;60m.[38;2;6;31;41m [38;2;10;27;29m [38;2;6;34;35m [38;2;5;47;49m.[38;2;18;29;22m [38;2;49;92;90m,[38;2;5;41;45m.[38;2;14;47;47m.[38;2;20;33;44m.[38;2;16;38;48m.[0m
[0m[38;2;37;68;66m.[38;2;4;40;50m.[38;2;3;23;21m [38;2;8;16;20m [38;2;4;31;45m [38;2;72;140;152mc[38;2;32;77;62m.[38;2;20;35;50m.[38;2;71;150;164ml[38;2;57;127;143m:[38;2;57;126;149m:[38;2;61;128;152mc[38;2;60;132;168mc[38;2;52;125;167m:[38;2;48;116;201m:[38;2;20;86;248m,[38;2;9;184;255mo[38;2;144;255;255mX[38;2;125;255;255mX[38;2;133;255;255mX[38;2;118;255;255mK[38;2;127;255;255mX[38;2;126;254;255mX[38;2;124;253;255mX[38;2;114;249;255mK[38;2;115;246;255mK[38;2;42;211;255mx[38;2;2;104;254m;[38;2;12;69;216m'[38;2;14;52;129m.[38;2;22;50;96m.[38;2;24;46;73m.[38;2;28;64;70m.[38;2;11;25;22m [38;2;108;148;203mo[38;2;123;134;136ml[38;2;8;15;15m [38;2;59;106;92m;[38;2;55;91;138m,[38;2;64;105;165m:[38;2;9;14;15m [38;2;23;59;59m.[38;2;13;48;63m.[38;2;13;47;57m.[38;2;0;15;19m [38;2;72;120;163mc[38;2;128;129;131ml[38;2;7;25;35m [38;2;14;47;54m.[38;2;7;47;58m.[38;2;22;49;55m.[38;2;0;7;5m [38;2;134;157;181md[38;2;63;88;94m,[38;2;2;24;27m [38;2;11;25;28m [38;2;2;7;7m [38;2;96;128;163ml[38;2;92;132;167ml[38;2;13;17;11m [38;2;11;13;8m [38;2;85;109;126m:[38;2;27;33;52m.[38;2;1;2;5m [38;2;10;17;25m [38;2;121;157;172md[38;2;0;1;1m [38;2;0;7;0m [38;2;10;29;28m [38;2;9;51;62m.[38;2;6;27;35m [38;2;12;22;29m [38;2;4;39;44m [38;2;10;43;47m.[38;2;9;24;18m [38;2;10;38;41m.[38;2;9;36;43m [38;2;13;37;35m.[38;2;11;42;45m.[38;2;8;29;40m [0m
[0m[38;2;18;45;48m.[38;2;5;47;60m.[38;2;4;27;23m [38;2;6;11;17m [38;2;7;33;39m [38;2;72;138;151mc[38;2;29;72;60m.[38;2;14;25;36m [38;2;54;109;128m;[38;2;42;91;91m,[38;2;41;89;97m,[38;2;44;90;93m,[38;2;47;91;122m,[38;2;55;95;131m,[38;2;37;83;157m,[38;2;42;81;193m,[38;2;33;105;246m:[38;2;23;119;238m:[38;2;22;155;254ml[38;2;13;155;252ml[38;2;8;161;253ml[38;2;4;155;254mc[38;2;4;155;251mc[38;2;7;149;250mc[38;2;8;123;249m:[38;2;11;110;237m;[38;2;34;114;233m:[38;2;5;37;157m.[38;2;9;58;138m.[38;2;8;51;104m.[38;2;7;44;76m.[38;2;7;43;64m.[38;2;5;44;60m.[38;2;0;19;22m [38;2;120;154;192md[38;2;113;128;128ml[38;2;0;0;1m [38;2;68;136;120mc[38;2;69;104;171m:[38;2;54;92;146m,[38;2;3;15;13m [38;2;12;49;55m.[38;2;10;49;53m.[38;2;15;39;54m.[38;2;0;11;23m [38;2;87;122;181mc[38;2;114;119;124mc[38;2;5;14;19m [38;2;8;18;17m [38;2;3;11;15m [38;2;14;10;11m [38;2;41;27;19m.[38;2;125;134;134ml[38;2;89;85;88m;[38;2;2;12;22m [38;2;12;38;53m.[38;2;3;22;32m [38;2;96;119;139mc[38;2;94;118;135mc[38;2;73;82;77m,[38;2;54;49;51m.[38;2;113;142;168mo[38;2;21;23;25m [38;2;19;24;28m [38;2;118;138;144ml[38;2;29;38;39m.[38;2;0;5;0m [38;2;0;5;2m [38;2;15;32;27m [38;2;10;48;53m.[38;2;5;31;32m [38;2;8;25;26m [38;2;7;34;41m [38;2;7;29;28m [38;2;3;17;14m [38;2;11;44;46m.[38;2;12;33;41m [38;2;9;27;33m [38;2;15;37;42m.[38;2;42;79;80m'[0m
[0m[38;2;17;39;38m.[38;2;5;41;45m.[38;2;4;33;29m [38;2;3;31;40m [38;2;2;29;37m [38;2;64;122;150m:[38;2;36;83;72m'[38;2;0;4;10m [38;2;7;28;37m [38;2;5;33;47m [38;2;12;44;56m.[38;2;18;52;68m.[38;2;22;58;88m.[38;2;24;62;102m.[38;2;22;58;100m.[38;2;35;80;130m'[38;2;85;151;199mo[38;2;2;14;99m [38;2;19;56;181m.[38;2;9;61;183m.[38;2;10;63;180m.[38;2;15;59;184m.[38;2;14;60;181m.[38;2;9;58;169m.[38;2;8;56;154m.[38;2;10;52;145m.[38;2;13;50;127m.[38;2;20;40;86m.[38;2;10;49;93m.[38;2;9;48;70m.[38;2;7;48;71m.[38;2;6;46;65m.[38;2;5;46;61m.[38;2;1;23;33m [38;2;117;153;189md[38;2;112;131;129ml[38;2;0;0;0m [38;2;40;77;64m'[38;2;88;136;211ml[38;2;39;61;89m.[38;2;3;11;10m [38;2;31;37;27m.[38;2;95;92;66m;[38;2;138;132;75ml[38;2;153;153;78mo[38;2;196;176;108mk[38;2;208;185;93mO[38;2;204;192;91mO[38;2;204;197;83mO[38;2;204;191;83mO[38;2;182;157;74md[38;2;223;177;107mO[38;2;250;208;92mK[38;2;220;169;63mk[38;2;191;170;74mx[38;2;171;156;73md[38;2;143;127;60ml[38;2;110;107;66m:[38;2;150;139;128mo[38;2;30;26;32m [38;2;27;24;26m [38;2;133;161;169md[38;2;86;96;102m;[38;2;118;138;160mo[38;2;24;28;29m [38;2;0;5;0m [38;2;0;9;0m [38;2;0;4;4m [38;2;11;34;29m [38;2;10;47;48m.[38;2;8;36;44m [38;2;8;19;16m [38;2;12;22;22m [38;2;6;21;22m [38;2;6;30;27m [38;2;11;35;42m [38;2;44;79;88m'[38;2;53;92;100m,[38;2;57;108;120m;[38;2;47;89;101m,[0m
[0m[38;2;24;45;46m.[38;2;8;45;54m.[38;2;5;43;52m.[38;2;1;41;49m.[38;2;1;26;32m [38;2;59;111;140m:[38;2;49;97;91m,[38;2;0;10;18m [38;2;1;41;59m.[38;2;4;38;53m.[38;2;1;40;52m.[38;2;1;39;50m [38;2;7;42;55m.[38;2;3;43;61m.[38;2;5;41;64m.[38;2;2;31;57m [38;2;45;98;129m,[38;2;1;9;29m [38;2;15;46;93m.[38;2;10;46;100m.[38;2;10;50;92m.[38;2;9;47;96m.[38;2;8;46;95m.[38;2;8;44;90m.[38;2;9;46;102m.[38;2;10;47;91m.[38;2;8;46;70m.[38;2;41;65;76m.[38;2;12;43;65m.[38;2;3;35;48m [38;2;7;31;36m [38;2;3;26;33m [38;2;2;18;22m [38;2;0;7;7m [38;2;101;141;185mo[38;2;128;135;130ml[38;2;2;13;13m [38;2;13;23;32m [38;2;127;135;148mo[38;2;158;133;69ml[38;2;186;166;103mx[38;2;222;196;90m0[38;2;226;200;97m0[38;2;202;163;65mx[38;2;207;172;77mk[38;2;204;179;92mk[38;2;210;177;103mk[38;2;209;188;128mO[38;2;206;177;115mk[38;2;218;182;111mO[38;2;251;233;129mN[38;2;255;227;117mX[38;2;255;232;101mX[38;2;246;208;83mK[38;2;237;190;78mO[38;2;240;203;79m0[38;2;252;214;75mK[38;2;253;227;81mX[38;2;229;185;72mO[38;2;183;141;65mo[38;2;216;193;96mO[38;2;232;215;106mK[38;2;175;160;78md[38;2;96;95;69m;[38;2;0;0;0m [38;2;0;7;0m [38;2;4;6;0m [38;2;1;4;5m [38;2;14;37;33m.[38;2;11;42;56m.[38;2;16;43;54m.[38;2;12;41;43m.[38;2;7;25;29m [38;2;21;51;52m.[38;2;31;62;69m.[38;2;39;71;76m.[38;2;30;72;74m.[38;2;14;43;47m.[38;2;5;35;40m [38;2;4;37;40m [0m
[0m[38;2;19;45;47m.[38;2;2;42;52m.[38;2;4;41;54m.[38;2;2;39;48m.[38;2;3;25;36m [38;2;56;100;133m;[38;2;56;110;100m;[38;2;0;5;13m [38;2;0;39;51m [38;2;0;38;50m [38;2;0;38;49m [38;2;0;40;50m.[38;2;4;40;50m.[38;2;3;40;55m.[38;2;3;41;51m.[38;2;2;39;56m.[38;2;10;38;58m.[38;2;0;13;30m [38;2;11;48;72m.[38;2;5;43;65m.[38;2;7;41;53m.[38;2;4;36;55m [38;2;4;33;44m [38;2;4;28;36m [38;2;4;23;33m [38;2;5;18;27m [38;2;2;14;18m [38;2;7;21;22m [38;2;5;19;24m [38;2;4;7;7m [38;2;89;103;105m:[38;2;128;134;133ml[38;2;118;125;122ml[38;2;115;121;117mc[38;2;141;155;169md[38;2;161;172;172mk[38;2;108;119;117mc[38;2;97;103;112m:[38;2;137;137;97ml[38;2;156;127;51ml[38;2;157;121;58ml[38;2;149;109;45mc[38;2;142;114;70mc[38;2;85;70;40m'[38;2;141;112;107mc[38;2;155;133;145mo[38;2;154;144;195md[38;2;102;151;220mo[38;2;111;168;237mx[38;2;122;165;231mx[38;2;166;159;216mx[38;2;225;196;202mK[38;2;253;227;143mX[38;2;246;212;82mK[38;2;233;174;67mk[38;2;255;236;109mN[38;2;255;226;83mX[38;2;255;227;79mX[38;2;255;229;82mX[38;2;228;187;66mO[38;2;248;212;81mK[38;2;255;226;74mX[38;2;255;230;75mX[38;2;254;228;86mX[38;2;152;131;53ml[38;2;143;121;47mc[38;2;112;93;56m;[38;2;19;9;2m [38;2;10;30;32m [38;2;10;43;59m.[38;2;13;43;58m.[38;2;4;21;24m [38;2;9;24;27m [38;2;16;45;42m.[38;2;5;34;37m [38;2;8;43;54m.[38;2;8;43;51m.[38;2;9;43;54m.[38;2;12;43;54m.[38;2;5;33;43m [0m
[0m[38;2;13;44;49m.[38;2;3;40;51m.[38;2;2;38;50m [38;2;2;37;49m [38;2;1;24;32m [38;2;55;101;146m;[38;2;58;121;101m:[38;2;0;13;14m [38;2;2;41;52m.[38;2;2;38;52m [38;2;4;41;52m.[38;2;5;42;54m.[38;2;4;38;48m [38;2;2;31;43m [38;2;0;33;34m [38;2;0;23;28m [38;2;4;24;29m [38;2;0;8;11m [38;2;2;18;16m [38;2;2;12;9m [38;2;1;11;12m [38;2;4;14;16m [38;2;2;7;7m [38;2;0;5;1m [38;2;0;4;4m [38;2;0;2;3m [38;2;0;4;4m [38;2;16;53;68m.[38;2;9;51;65m.[38;2;4;12;10m [38;2;72;92;95m,[38;2;93;123;134mc[38;2;101;132;133ml[38;2;100;131;129mc[38;2;99;130;133mc[38;2;90;127;120mc[38;2;87;111;122m:[38;2;75;90;102m,[38;2;27;41;45m.[38;2;16;38;29m.[38;2;33;40;31m.[38;2;58;82;97m,[38;2;97;151;187mo[38;2;104;136;172ml[38;2;85;102;188m:[38;2;91;144;247mo[38;2;88;231;255mO[38;2;108;248;255mK[38;2;161;255;255mN[38;2;153;253;255mX[38;2;124;239;255mK[38;2;85;175;253mx[38;2;180;148;191mx[38;2;125;85;62m;[38;2;196;137;61md[38;2;255;244;111mN[38;2;255;224;82mX[38;2;255;225;76mX[38;2;255;225;79mX[38;2;255;223;77mX[38;2;255;222;74mX[38;2;255;221;72mK[38;2;255;222;75mX[38;2;255;222;74mX[38;2;255;226;76mX[38;2;255;227;82mX[38;2;251;232;86mX[38;2;215;185;82mO[38;2;128;121;64mc[38;2;68;74;61m'[38;2;3;17;27m [38;2;6;29;27m [38;2;5;20;25m [38;2;7;20;23m [38;2;6;26;25m [38;2;7;31;40m [38;2;13;36;48m.[38;2;10;39;42m.[38;2;14;39;53m.[38;2;6;21;37m [0m
[0m[38;2;19;49;52m.[38;2;5;42;51m.[38;2;1;36;46m [38;2;3;35;49m [38;2;1;27;38m [38;2;48;90;134m,[38;2;54;126;116m:[38;2;0;10;11m [38;2;2;24;31m [38;2;0;18;24m [38;2;2;13;18m [38;2;3;13;10m [38;2;0;8;4m [38;2;0;6;0m [38;2;0;5;1m [38;2;0;6;0m [38;2;0;17;28m [38;2;3;31;36m [38;2;5;31;44m [38;2;3;40;49m.[38;2;3;43;59m.[38;2;9;54;65m.[38;2;2;11;15m [38;2;0;6;8m [38;2;0;3;11m [38;2;0;6;9m [38;2;0;11;15m [38;2;10;50;72m.[38;2;5;48;60m.[38;2;5;29;37m [38;2;9;24;34m [38;2;10;36;43m [38;2;2;16;23m [38;2;1;1;3m [38;2;16;26;43m [38;2;187;208;212m0[38;2;9;14;13m [38;2;78;109;144m:[38;2;100;107;112m:[38;2;11;24;16m [38;2;11;32;28m [38;2;2;27;32m [38;2;62;119;124m:[38;2;60;125;128m:[38;2;33;59;170m'[38;2;87;152;247mo[38;2;55;213;255mk[38;2;122;255;255mX[38;2;123;255;255mX[38;2;133;255;255mX[38;2;98;241;255m0[38;2;113;189;255mk[38;2;158;124;169mo[38;2;71;41;55m.[38;2;223;181;90mO[38;2;255;235;91mX[38;2;255;221;80mX[38;2;255;221;76mK[38;2;255;221;76mK[38;2;255;220;76mK[38;2;255;220;75mK[38;2;255;220;72mK[38;2;255;220;71mK[38;2;255;220;68mK[38;2;255;220;72mK[38;2;255;224;78mX[38;2;215;151;41mx[38;2;249;223;82mX[38;2;255;230;80mX[38;2;255;241;98mN[38;2;176;160;78md[38;2;34;36;27m.[38;2;13;38;44m.[38;2;9;45;51m.[38;2;15;28;29m [38;2;3;13;12m [38;2;12;25;24m [38;2;11;35;38m [38;2;21;39;44m.[38;2;22;37;36m.[0m
[0m[38;2;13;33;31m [38;2;5;24;26m [38;2;10;22;19m [38;2;3;10;18m [38;2;10;37;55m.[38;2;48;76;128m'[38;2;62;129;128m:[38;2;3;12;3m [38;2;0;5;2m [38;2;12;18;18m [38;2;4;13;22m [38;2;14;27;26m [38;2;0;11;0m [38;2;3;11;0m [38;2;0;8;6m [38;2;2;8;2m [38;2;6;23;33m [38;2;10;43;54m.[38;2;9;44;65m.[38;2;14;41;70m.[38;2;8;47;75m.[38;2;17;47;86m.[38;2;0;18;36m [38;2;0;9;58m [38;2;0;17;69m [38;2;3;19;82m [38;2;0;15;75m [38;2;16;40;86m.[38;2;11;40;61m.[38;2;14;32;52m [38;2;15;42;48m.[38;2;9;38;42m.[38;2;36;53;62m.[38;2;47;83;74m'[38;2;15;35;40m.[38;2;192;216;249mK[38;2;73;88;79m,[38;2;120;160;186md[38;2;118;128;132ml[38;2;31;52;43m.[38;2;2;21;30m [38;2;82;79;59m,[38;2;83;85;63m,[38;2;48;86;97m,[38;2;48;81;159m,[38;2;96;121;232ml[38;2;90;168;255md[38;2;78;250;255m0[38;2;82;255;255mK[38;2;109;255;255mK[38;2;79;198;255mk[38;2;201;161;233mO[38;2;201;145;153mx[38;2;38;26;18m [38;2;209;175;108mk[38;2;255;235;96mX[38;2;255;220;82mX[38;2;255;221;73mK[38;2;255;220;71mK[38;2;255;222;72mK[38;2;255;219;72mK[38;2;255;220;79mX[38;2;255;220;73mK[38;2;255;218;67mK[38;2;255;220;71mK[38;2;255;224;76mX[38;2;245;218;82mK[38;2;205;135;52md[38;2;255;229;82mX[38;2;255;222;81mX[38;2;255;244;95mN[38;2;197;167;76mx[38;2;11;14;19m [38;2;24;51;62m.[38;2;20;52;51m.[38;2;28;42;61m.[38;2;8;11;10m [38;2;8;10;0m [38;2;8;15;9m [38;2;3;7;2m [0m
