[0m[38;2;22;49;49m.[38;2;8;46;51m.[38;2;10;40;35m.[38;2;1;16;3m [38;2;10;41;49m.[38;2;5;29;37m [38;2;82;150;146ml[38;2;18;41;35m.[38;2;0;4;2m [38;2;1;10;0m [38;2;3;10;7m [38;2;4;20;15m [38;2;8;23;28m [38;2;2;13;20m [38;2;129;170;203mx[38;2;97;107;125m:[38;2;3;12;12m [38;2;8;49;55m.[38;2;11;47;73m.[38;2;9;45;62m.[38;2;8;48;68m.[38;2;9;52;65m.[38;2;10;50;78m.[38;2;10;49;73m.[38;2;16;46;78m.[38;2;11;33;71m.[38;2;86;165;203md[38;2;10;23;32m [38;2;40;82;112m'[38;2;52;103;133m;[38;2;45;91;131m,[38;2;26;56;91m.[38;2;9;41;81m.[38;2;12;44;85m.[38;2;8;34;67m.[38;2;63;113;158m:[38;2;43;70;83m.[38;2;81;160;185mo[38;2;52;103;133m;[38;2;8;40;64m.[38;2;2;39;46m [38;2;36;56;123m.[38;2;132;153;156md[38;2;8;38;63m.[38;2;2;23;37m [38;2;18;35;96m.[38;2;191;247;255mN[38;2;38;86;121m,[38;2;52;100;117m;[38;2;34;68;89m.[38;2;15;26;33m [38;2;14;46;63m.[38;2;6;28;40m [38;2;12;41;56m.[38;2;6;44;65m.[38;2;9;37;42m [38;2;13;50;61m.[38;2;2;14;24m [38;2;68;98;162m;[38;2;13;35;55m.[38;2;0;32;55m [38;2;4;35;63m [38;2;7;35;62m.[38;2;8;48;78m.[38;2;4;39;65m.[38;2;9;44;66m.[38;2;2;38;50m [38;2;18;48;59m.[38;2;10;45;54m.[38;2;17;49;64m.[38;2;0;29;37m [38;2;15;47;55m.[38;2;11;45;44m.[38;2;1;7;4m [38;2;7;34;30m [38;2;17;41;44m.[38;2;14;39;47m.[38;2;10;39;34m.[38;2;19;46;46m.[38;2;6;47;45m.[0m
[0m[38;2;20;47;50m.[38;2;7;44;46m.[38;2;7;35;33m [38;2;0;12;12m [38;2;3;37;47m [38;2;4;26;39m [38;2;80;149;149ml[38;2;8;27;25m [38;2;1;6;4m [38;2;0;6;1m [38;2;0;1;0m  [38;2;0;2;0m [38;2;27;42;61m.[38;2;197;224;244mX[38;2;9;10;18m [38;2;6;13;15m [38;2;2;18;21m [38;2;3;23;29m [38;2;5;27;43m [38;2;6;31;59m [38;2;8;37;65m.[38;2;7;42;79m.[38;2;13;46;90m.[38;2;16;47;85m.[38;2;6;40;83m.[38;2;42;93;136m,[38;2;17;26;53m [38;2;14;43;102m.[38;2;5;42;92m.[38;2;20;43;99m.[38;2;24;51;99m.[38;2;16;50;106m.[38;2;25;55;107m.[38;2;25;54;100m.[38;2;48;78;112m'[38;2;39;64;76m.[38;2;72;149;184ml[38;2;77;158;180mo[38;2;17;44;77m.[38;2;0;22;43m [38;2;42;69;148m'[38;2;119;138;151mo[38;2;7;41;51m.[38;2;3;22;45m [38;2;19;35;105m.[38;2;186;240;255mX[38;2;6;14;22m [38;2;69;136;172mc[38;2;79;159;193mo[38;2;38;76;96m'[38;2;41;71;109m'[38;2;4;31;48m [38;2;37;69;103m.[38;2;13;37;54m.[38;2;5;19;40m [38;2;7;37;60m.[38;2;0;15;38m [38;2;92;123;193ml[38;2;9;31;56m [38;2;9;27;59m [38;2;2;35;63m [38;2;55;76;102m'[38;2;55;63;70m.[38;2;57;79;94m'[38;2;49;67;86m.[38;2;44;69;77m.[38;2;34;58;72m.[38;2;16;48;66m.[38;2;8;43;57m.[38;2;0;23;33m [38;2;15;47;50m.[38;2;7;32;30m [38;2;1;4;3m [38;2;2;32;33m [38;2;10;30;34m [38;2;7;29;40m [38;2;4;35;30m [38;2;14;38;47m.[38;2;8;40;44m.[0m
[0m[38;2;24;50;53m.[38;2;10;43;49m.[38;2;15;35;35m.[38;2;3;11;15m [38;2;6;40;54m.[38;2;2;27;36m [38;2;83;146;146ml[38;2;1;20;22m [38;2;7;24;26m [38;2;9;23;28m [38;2;6;20;24m [38;2;8;23;35m [38;2;0;1;10m [38;2;149;178;199mk[38;2;91;104;128m:[38;2;5;27;53m [38;2;6;31;58m [38;2;0;2;10m [38;2;0;2;24m [38;2;0;4;27m [38;2;2;5;23m [38;2;0;6;37m [38;2;0;10;37m [38;2;7;21;46m [38;2;9;20;54m [38;2;6;28;77m [38;2;12;37;84m.[38;2;6;13;55m [38;2;20;49;117m.[38;2;22;53;114m.[38;2;19;53;129m.[38;2;19;50;121m.[38;2;13;47;112m.[38;2;11;49;114m.[38;2;10;39;95m.[38;2;75;124;188mc[38;2;33;57;77m.[38;2;32;59;105m.[38;2;43;93;132m,[38;2;33;77;120m'[38;2;15;29;59m [38;2;48;85;156m,[38;2;93;125;139mc[38;2;3;36;58m [38;2;4;16;45m [38;2;13;31;101m.[38;2;210;252;255mW[38;2;2;5;26m [38;2;17;58;80m.[38;2;88;162;196mo[38;2;31;57;82m.[38;2;75;128;173mc[38;2;3;23;66m [38;2;50;95;132m,[38;2;84;160;191mo[38;2;21;44;58m.[38;2;26;45;71m.[38;2;20;49;90m.[38;2;121;163;238mx[38;2;6;27;76m [38;2;15;28;136m.[38;2;4;24;117m [38;2;68;96;193m;[38;2;71;95;159m;[38;2;75;96;141m;[38;2;67;85;117m,[38;2;70;87;110m,[38;2;48;74;94m'[38;2;80;101;120m;[38;2;53;75;104m'[38;2;4;28;29m [38;2;9;23;27m [38;2;7;15;14m [38;2;7;32;46m [38;2;12;44;60m.[38;2;12;32;32m [38;2;21;43;51m.[38;2;7;27;18m [38;2;12;43;51m.[38;2;9;39;50m.[0m
[0m[38;2;27;50;50m.[38;2;13;44;53m.[38;2;11;35;40m [38;2;7;15;17m [38;2;13;41;56m.[38;2;4;26;39m [38;2;83;145;158ml[38;2;10;34;44m [38;2;3;5;6m [38;2;18;39;47m.[38;2;3;14;23m [38;2;12;25;40m [38;2;78;100;135m;[38;2;192;215;230mK[38;2;3;11;48m [38;2;12;44;95m.[38;2;5;30;80m [38;2;10;38;103m.[38;2;13;38;108m.[38;2;5;25;88m [38;2;11;20;65m [38;2;35;52;91m.[38;2;36;51;104m.[38;2;33;48;100m.[38;2;37;44;82m.[38;2;39;48;93m.[38;2;34;46;84m.[38;2;39;42;97m.[38;2;18;29;95m.[38;2;32;47;98m.[38;2;26;36;100m.[38;2;13;23;83m [38;2;10;31;97m.[38;2;12;39;105m.[38;2;15;43;105m.[38;2;29;61;131m.[38;2;23;37;78m.[38;2;15;50;117m.[38;2;17;55;111m.[38;2;13;51;102m.[38;2;0;7;41m [38;2;80;122;189mc[38;2;83;102;135m:[38;2;42;78;105m'[38;2;47;77;90m'[38;2;9;20;77m [38;2;220;253;255mW[38;2;7;15;29m [38;2;3;26;61m [38;2;61;116;140m:[38;2;40;68;92m.[38;2;39;84;118m'[38;2;37;72;126m'[38;2;8;29;70m [38;2;80;149;183ml[38;2;20;44;63m.[38;2;14;32;80m.[38;2;57;133;179mc[38;2;110;152;223md[38;2;4;31;188m.[38;2;50;145;245ml[38;2;75;192;255mx[38;2;50;169;254mo[38;2;7;113;245m;[38;2;12;66;213m'[38;2;7;41;158m.[38;2;6;40;97m.[38;2;14;41;81m.[38;2;5;27;46m [38;2;102;127;162ml[38;2;20;30;43m [38;2;6;21;25m [38;2;11;42;57m.[38;2;7;49;61m.[38;2;9;35;40m [38;2;1;6;4m [38;2;48;69;64m.[38;2;28;54;60m.[38;2;9;41;50m.[38;2;7;39;44m.[0m
[0m[38;2;22;49;50m.[38;2;12;45;51m.[38;2;6;31;31m [38;2;10;17;21m [38;2;8;43;55m.[38;2;3;27;44m [38;2;80;143;162ml[38;2;19;35;55m.[38;2;11;35;52m.[38;2;4;16;29m [38;2;8;22;39m [38;2;21;36;79m.[38;2;211;235;251mN[38;2;44;57;98m.[38;2;7;38;96m.[38;2;11;49;126m.[38;2;6;29;123m.[38;2;12;56;169m.[38;2;23;65;197m'[38;2;1;26;147m.[38;2;71;105;193m:[38;2;138;201;246mO[38;2;141;188;242mO[38;2;132;184;239mk[38;2;136;177;235mk[38;2;138;186;240mk[38;2;119;161;232md[38;2;154;149;227mx[38;2;95;129;215ml[38;2;107;163;222md[38;2;98;132;194ml[38;2;112;130;180ml[38;2;59;76;153m,[38;2;87;94;132m;[38;2;23;27;89m.[38;2;3;9;76m [38;2;1;9;59m [38;2;8;26;88m [38;2;12;33;76m.[38;2;14;29;71m.[38;2;6;21;83m [38;2;120;164;233mx[38;2;45;69;96m'[38;2;12;43;79m.[38;2;65;111;143m:[38;2;15;26;67m [38;2;203;246;255mN[38;2;16;25;46m [38;2;26;57;89m.[38;2;34;60;93m.[38;2;48;82;109m'[38;2;12;32;61m.[38;2;62;110;147m:[38;2;7;31;71m [38;2;37;74;114m'[38;2;26;51;74m.[38;2;17;40;92m.[38;2;14;69;132m.[38;2;113;157;229md[38;2;4;66;244m'[38;2;75;201;255mk[38;2;112;255;255mK[38;2;100;255;255mK[38;2;131;255;255mX[38;2;3;169;255ml[38;2;1;56;235m.[38;2;13;36;145m.[38;2;6;39;87m.[38;2;11;36;61m.[38;2;47;56;99m.[38;2;66;86;119m,[38;2;11;43;61m.[38;2;13;46;66m.[38;2;12;36;46m.[38;2;32;47;44m.[38;2;32;56;58m.[38;2;25;50;54m.[38;2;8;43;57m.[38;2;6;45;51m.[38;2;12;36;43m.[0m
[0m[38;2;22;48;50m.[38;2;10;44;60m.[38;2;10;30;28m [38;2;9;19;23m [38;2;7;43;61m.[38;2;4;27;44m [38;2;83;144;167ml[38;2;7;14;22m [38;2;35;72;95m.[38;2;31;63;89m.[38;2;18;28;70m.[38;2;127;165;209mx[38;2;113;125;166ml[38;2;22;44;98m.[38;2;24;60;151m.[38;2;25;75;202m'[38;2;3;73;229m'[38;2;16;128;245m:[38;2;3;138;253mc[38;2;5;111;242m;[38;2;6;103;243m;[38;2;11;121;245m:[38;2;8;101;245m;[38;2;10;80;234m,[38;2;9;72;234m'[38;2;7;74;238m'[38;2;4;65;233m'[38;2;13;80;227m,[38;2;11;62;214m'[38;2;1;54;202m.[38;2;4;60;213m.[38;2;20;66;213m'[38;2;30;72;209m'[38;2;107;125;214ml[38;2;181;207;239mK[38;2;84;96;149m:[38;2;5;12;102m [38;2;3;15;109m [38;2;1;15;66m [38;2;1;4;29m [38;2;11;34;108m.[38;2;132;191;248mk[38;2;5;9;21m [38;2;4;15;25m [38;2;15;33;56m.[38;2;19;35;94m.[38;2;210;247;255mN[38;2;1;9;31m [38;2;5;42;73m.[38;2;6;39;79m.[38;2;47;89;131m,[38;2;15;32;48m [38;2;21;60;98m.[38;2;24;58;98m.[38;2;23;57;90m.[38;2;28;53;93m.[38;2;19;35;85m.[38;2;17;44;122m.[38;2;102;154;229md[38;2;8;85;255m,[38;2;84;212;255mk[38;2;107;255;255mK[38;2;76;255;255m0[38;2;132;255;255mX[38;2;1;188;255mo[38;2;1;71;254m'[38;2;2;40;169m.[38;2;16;53;114m.[38;2;3;23;47m [38;2;41;61;117m.[38;2;64;84;124m,[38;2;11;47;54m.[38;2;14;40;50m.[38;2;38;50;48m.[38;2;32;56;60m.[38;2;12;40;53m.[38;2;12;44;57m.[38;2;8;44;56m.[38;2;10;40;50m.[38;2;14;36;46m.[0m
[0m[38;2;28;47;50m.[38;2;6;50;63m.[38;2;4;21;27m [38;2;6;23;25m [38;2;9;43;60m.[38;2;3;31;45m [38;2;84;142;180ml[38;2;0;7;16m [38;2;8;42;80m.[38;2;6;34;63m [38;2;30;51;138m.[38;2;171;199;226m0[38;2;6;13;55m [38;2;54;121;200m:[38;2;66;133;228ml[38;2;77;156;252mo[38;2;2;186;255mo[38;2;156;255;255mX[38;2;101;248;255mK[38;2;99;244;255m0[38;2;93;245;255m0[38;2;79;239;255m0[38;2;78;233;255mO[38;2;66;216;255mk[38;2;51;215;255mk[38;2;29;186;255md[38;2;2;171;255ml[38;2;11;179;255mo[38;2;6;165;255ml[38;2;6;141;254mc[38;2;3;128;255m:[38;2;6;121;253m:[38;2;4;107;252m;[38;2;1;48;218m.[38;2;24;86;242m,[38;2;185;237;255mX[38;2;45;65;207m,[38;2;17;67;203m'[38;2;3;23;125m.[38;2;4;18;74m [38;2;25;53;157m.[38;2;154;206;255m0[38;2;2;7;27m [38;2;18;45;96m.[38;2;0;13;49m [38;2;19;50;131m.[38;2;196;230;253mX[38;2;0;0;0m [38;2;1;11;11m [38;2;1;10;21m [38;2;6;15;25m [38;2;6;18;29m [38;2;7;31;55m [38;2;8;36;62m.[38;2;11;39;70m.[38;2;15;52;87m.[38;2;10;22;61m [38;2;27;61;137m.[38;2;88;126;216ml[38;2;24;79;232m,[38;2;58;190;255mx[38;2;104;235;255m0[38;2;90;255;255mK[38;2;142;255;255mX[38;2;4;177;255mo[38;2;0;47;227m.[38;2;2;17;117m [38;2;9;30;88m.[38;2;12;32;46m [38;2;42;72;130m'[38;2;67;87;119m,[38;2;5;12;12m [38;2;28;46;59m.[38;2;16;34;40m.[38;2;11;33;49m [38;2;15;37;53m.[38;2;9;44;57m.[38;2;8;43;50m.[38;2;6;37;51m.[38;2;16;43;54m.[0m
[0m[38;2;19;49;51m.[38;2;8;47;60m.[38;2;5;22;27m [38;2;4;27;32m [38;2;13;44;57m.[38;2;4;27;42m [38;2;91;153;176mo[38;2;0;4;20m [38;2;14;44;80m.[38;2;6;22;69m [38;2;97;143;217mo[38;2;77;87;117m;[38;2;5;36;127m.[38;2;23;61;183m.[38;2;80;159;251md[38;2;63;178;255md[38;2;2;200;255md[38;2;178;255;255mN[38;2;116;255;255mK[38;2;126;255;255mX[38;2;119;255;255mK[38;2;128;255;255mX[38;2;146;255;255mX[38;2;166;255;255mN[38;2;184;255;255mN[38;2;171;255;255mN[38;2;102;255;255mK[38;2;125;250;255mK[38;2;113;249;255mK[38;2;116;252;255mK[38;2;88;247;255m0[38;2;88;240;255m0[38;2;62;229;255mO[38;2;46;204;255mx[38;2;9;172;255ml[38;2;86;232;255mO[38;2;103;163;250md[38;2;4;82;250m,[38;2;4;34;176m.[38;2;5;25;144m.[38;2;40;90;196m;[38;2;163;209;241m0[38;2;2;12;43m [38;2;21;58;118m.[38;2;2;21;52m [38;2;11;34;111m.[38;2;195;239;252mN[38;2;0;3;8m [38;2;3;13;27m [38;2;11;32;64m.[38;2;12;31;47m [38;2;9;18;29m [38;2;1;7;9m [38;2;1;4;5m [38;2;3;3;6m [38;2;4;8;14m [38;2;2;11;17m [38;2;5;17;42m [38;2;99;119;189mc[38;2;8;27;123m.[38;2;9;42;170m.[38;2;10;82;220m,[38;2;11;123;228m:[38;2;41;142;226mc[38;2;3;68;200m.[38;2;0;8;116m [38;2;0;11;56m [38;2;4;10;32m [38;2;3;3;4m [38;2;71;89;125m;[38;2;44;52;78m.[38;2;17;33;37m.[38;2;13;49;59m.[38;2;13;41;57m.[38;2;8;38;47m.[38;2;18;39;48m.[38;2;9;35;46m [38;2;8;40;50m.[38;2;10;45;55m.[38;2;15;43;56m.[0m
[0m[38;2;25;49;51m.[38;2;13;46;59m.[38;2;9;24;28m [38;2;12;27;36m [38;2;6;44;56m.[38;2;2;25;42m [38;2;94;156;171mo[38;2;0;8;24m [38;2;9;42;80m.[38;2;23;38;101m.[38;2;128;184;240mk[38;2;12;20;49m [38;2;17;52;154m.[38;2;8;46;166m.[38;2;69;146;250mo[38;2;55;184;255md[38;2;1;210;255md[38;2;196;255;255mN[38;2;140;255;255mX[38;2;125;255;255mX[38;2;140;255;255mX[38;2;143;255;255mX[38;2;146;255;255mX[38;2;152;255;255mX[38;2;168;255;255mN[38;2;175;255;255mN[38;2;127;255;255mX[38;2;174;255;255mN[38;2;162;255;255mN[38;2;163;255;255mN[38;2;167;255;255mN[38;2;167;255;255mN[38;2;164;255;255mN[38;2;172;255;255mN[38;2;153;255;255mX[38;2;193;255;255mN[38;2;55;229;255mO[38;2;13;144;255mc[38;2;21;106;243m;[38;2;5;36;183m.[38;2;73;135;236ml[38;2;146;167;205mx[38;2;9;27;81m [38;2;10;54;126m.[38;2;4;26;123m.[38;2;2;28;167m.[38;2;167;210;244m0[38;2;0;2;11m [38;2;7;28;65m [38;2;10;52;88m.[38;2;6;28;50m [38;2;13;28;44m [38;2;23;38;43m.[38;2;106;130;134ml[38;2;96;121;126mc[38;2;92;117;124m:[38;2;86;102;106m;[38;2;50;69;73m.[38;2;94;116;132mc[38;2;38;51;64m.[38;2;44;53;89m.[38;2;25;31;62m.[38;2;0;14;62m [38;2;4;30;70m [38;2;0;10;66m [38;2;0;7;28m [38;2;0;4;20m [38;2;5;5;14m [38;2;2;1;0m [38;2;103;126;153ml[38;2;19;44;62m.[38;2;11;40;43m.[38;2;8;40;47m.[38;2;10;42;52m.[38;2;17;43;54m.[38;2;12;32;46m [38;2;11;42;43m.[38;2;11;46;54m.[38;2;11;44;51m.[38;2;17;43;53m.[0m
[0m[38;2;21;42;44m.[38;2;11;39;55m.[38;2;10;22;31m [38;2;8;24;31m [38;2;6;45;57m.[38;2;4;26;46m [38;2;89;152;169mo[38;2;0;13;23m [38;2;5;35;59m [38;2;31;52;131m.[38;2;150;204;236m0[38;2;9;19;52m [38;2;9;56;134m.[38;2;14;62;172m.[38;2;28;94;240m;[38;2;76;189;255mx[38;2;0;210;255md[38;2;208;255;255mW[38;2;153;255;255mX[38;2;143;255;255mX[38;2;144;255;255mX[38;2;145;255;255mX[38;2;152;255;255mX[38;2;146;255;255mX[38;2;175;255;255mN[38;2;186;255;255mN[38;2;126;255;255mX[38;2;203;255;255mW[38;2;182;255;255mN[38;2;169;255;255mN[38;2;176;255;255mN[38;2;165;255;255mN[38;2;153;255;255mX[38;2;161;255;255mN[38;2;174;255;255mN[38;2;225;255;255mW[38;2;30;251;255mO[38;2;17;201;255md[38;2;5;71;251m'[38;2;4;62;228m.[38;2;118;200;255mO[38;2;103;124;169ml[38;2;33;93;164m,[38;2;63;119;185m:[38;2;86;136;226ml[38;2;151;207;249m0[38;2;192;220;231mK[38;2;152;149;169md[38;2;105;127;175ml[38;2;103;97;118m:[38;2;103;107;84m:[38;2;79;80;62m,[38;2;21;10;19m [38;2;58;69;63m'[38;2;29;30;22m [38;2;3;12;13m [38;2;10;32;52m [38;2;4;22;61m [38;2;89;111;147m:[38;2;7;23;64m [38;2;7;18;65m [38;2;147;171;207mx[38;2;15;28;69m [38;2;5;40;92m.[38;2;0;12;52m [38;2;0;14;39m [38;2;1;8;17m [38;2;2;6;14m [38;2;0;0;3m [38;2;130;161;204mx[38;2;6;28;34m [38;2;1;7;9m [38;2;22;45;62m.[38;2;13;45;55m.[38;2;24;48;51m.[38;2;16;49;52m.[38;2;8;31;41m [38;2;26;50;48m.[38;2;11;37;51m.[38;2;14;45;52m.[0m
[0m[38;2;36;70;70m.[38;2;30;65;73m.[38;2;40;73;82m'[38;2;10;22;27m [38;2;10;47;56m.[38;2;2;30;49m [38;2;87;146;166ml[38;2;7;18;24m [38;2;29;54;78m.[38;2;27;56;128m.[38;2;153;185;206mk[38;2;24;41;89m.[38;2;29;68;129m.[38;2;37;71;164m'[38;2;28;90;227m;[38;2;57;153;254mo[38;2;12;209;255md[38;2;152;243;255mX[38;2;139;255;255mX[38;2;142;255;255mX[38;2;145;255;255mX[38;2;161;255;255mN[38;2;176;255;255mN[38;2;180;255;255mN[38;2;196;255;255mN[38;2;211;255;255mW[38;2;125;255;255mX[38;2;221;255;255mW[38;2;193;255;255mN[38;2;180;255;255mN[38;2;171;255;255mNN[38;2;168;255;255mN[38;2;162;255;255mN[38;2;179;255;255mN[38;2;216;255;255mW[38;2;110;250;255mK[38;2;146;228;255mK[38;2;167;180;244mO[38;2;170;178;211mk[38;2;212;224;193mX[38;2;217;194;153m0[38;2;213;205;156m0[38;2;246;230;159mN[38;2;255;235;160mN[38;2;255;226;151mX[38;2;255;227;125mX[38;2;255;229;121mX[38;2;255;230;117mX[38;2;254;216;105mX[38;2;255;233;100mX[38;2;255;238;118mN[38;2;212;189;93mO[38;2;216;198;119m0[38;2;205;170;101mk[38;2;172;161;84md[38;2;163;159;85md[38;2;110;112;94m:[38;2;107;126;172ml[38;2;15;47;142m.[38;2;34;71;195m'[38;2;61;166;241mo[38;2;38;115;216m:[38;2;11;115;222m;[38;2;1;60;178m.[38;2;0;23;125m [38;2;0;11;68m [38;2;1;12;33m [38;2;46;51;76m.[38;2;83;119;144mc[38;2;9;46;53m.[38;2;3;16;11m [38;2;17;44;51m.[38;2;6;30;32m [38;2;17;40;45m.[38;2;6;28;34m [38;2;8;34;42m [38;2;24;44;46m.[38;2;32;56;62m.[38;2;25;55;58m.[0m
[0m[38;2;17;49;56m.[38;2;10;47;59m.[38;2;18;46;56m.[38;2;3;19;29m [38;2;8;48;59m.[38;2;3;32;41m [38;2;82;134;164ml[38;2;0;9;21m [38;2;11;38;59m.[38;2;22;39;103m.[38;2;202;233;240mX[38;2;1;10;34m [38;2;4;31;94m.[38;2;48;100;164m;[38;2;17;64;152m.[38;2;21;61;199m'[38;2;46;146;246ml[38;2;6;103;243m;[38;2;5;158;255ml[38;2;7;175;255mo[38;2;15;187;255mo[38;2;31;205;255mx[38;2;43;211;255mx[38;2;55;223;255mk[38;2;53;222;255mk[38;2;79;229;255mO[38;2;45;244;255mO[38;2;99;238;255m0[38;2;97;246;255m0[38;2;106;250;255mK[38;2;113;249;255mK[38;2;119;247;255mK[38;2;135;250;255mX[38;2;184;255;255mN[38;2;213;255;255mW[38;2;227;248;255mW[38;2;202;205;251mK[38;2;154;168;220mk[38;2;206;180;200mO[38;2;188;174;155mk[38;2;191;169;154mk[38;2;204;174;114mk[38;2;204;178;117mk[38;2;177;143;79md[38;2;255;233;142mN[38;2;255;227;123mX[38;2;255;227;108mX[38;2;255;226;107mX[38;2;255;226;106mX[38;2;255;226;110mX[38;2;255;226;107mX[38;2;255;226;106mX[38;2;255;228;106mX[38;2;255;233;106mX[38;2;242;214;97mK[38;2;235;195;109m0[38;2;241;206;93mK[38;2;255;241;141mN[38;2;225;212;152mK[38;2;125;161;216md[38;2;124;180;255mk[38;2;102;220;255mO[38;2;160;255;255mN[38;2;183;255;255mN[38;2;1;206;255md[38;2;0;67;244m'[38;2;0;14;128m [38;2;0;3;36m [38;2;139;175;208mx[38;2;16;46;59m.[38;2;14;48;63m.[38;2;8;16;17m [38;2;9;37;51m.[38;2;39;80;97m'[38;2;16;50;75m.[38;2;25;69;92m.[38;2;7;24;31m [38;2;89;95;95m;[38;2;46;65;62m.[38;2;26;69;66m.[0m
[0m[38;2;20;49;53m.[38;2;10;49;56m.[38;2;11;45;54m.[38;2;1;25;33m [38;2;10;47;65m.[38;2;2;29;42m [38;2;86;151;169mo[38;2;10;26;45m [38;2;14;46;59m.[38;2;8;16;59m [38;2;193;217;249mK[38;2;24;35;57m.[38;2;3;38;85m.[38;2;24;67;110m.[38;2;68;130;175mc[38;2;5;32;106m.[38;2;63;128;207mc[38;2;6;28;144m.[38;2;7;72;202m'[38;2;16;81;209m,[38;2;19;80;220m,[38;2;16;89;235m,[38;2;19;92;234m,[38;2;6;98;240m,[38;2;8;105;248m;[38;2;8;113;250m;[38;2;23;141;251mc[38;2;9;112;247m;[38;2;11;134;253mc[38;2;11;140;252mc[38;2;3;137;252mc[38;2;72;183;255mx[38;2;214;250;254mW[38;2;236;231;247mN[38;2;204;197;236mK[38;2;178;171;238mO[38;2;161;149;192mx[38;2;131;112;172ml[38;2;140;126;132ml[38;2;134;117;108mc[38;2;126;103;76m:[38;2;111;90;79m;[38;2;98;80;75m,[38;2;86;55;36m.[38;2;255;249;152mW[38;2;255;225;127mX[38;2;255;224;105mX[38;2;255;227;107mX[38;2;255;226;106mX[38;2;255;227;106mX[38;2;255;227;104mX[38;2;255;226;105mX[38;2;255;227;104mX[38;2;255;227;103mX[38;2;255;226;99mX[38;2;255;232;105mX[38;2;244;208;98mK[38;2;228;181;104mO[38;2;237;206;145mK[38;2;255;239;201mW[38;2;234;233;249mN[38;2;142;232;255mK[38;2;200;255;255mW[38;2;201;255;255mW[38;2;0;206;255md[38;2;0;73;251m'[38;2;1;8;114m [38;2;37;52;96m.[38;2;105;133;158ml[38;2;11;48;57m.[38;2;15;49;63m.[38;2;9;16;19m [38;2;7;37;47m.[38;2;26;46;51m.[38;2;18;31;40m [38;2;52;106;107m;[38;2;3;20;26m [38;2;129;136;134mo[38;2;56;95;90m,[38;2;26;66;73m.[0m
[0m[38;2;18;51;52m.[38;2;8;47;53m.[38;2;14;47;50m.[38;2;5;16;27m [38;2;9;50;65m.[38;2;3;27;45m [38;2;77;134;155mc[38;2;7;28;35m [38;2;12;48;73m.[38;2;1;20;42m [38;2;103;132;204ml[38;2;122;136;145ml[38;2;5;27;56m [38;2;4;41;70m.[38;2;39;86;121m,[38;2;53;97;139m;[38;2;56;121;168m:[38;2;1;11;71m [38;2;13;57;133m.[38;2;10;57;134m.[38;2;11;58;148m.[38;2;18;58;154m.[38;2;16;62;166m.[38;2;18;60;167m.[38;2;7;70;180m'[38;2;6;74;195m'[38;2;16;76;194m'[38;2;6;41;173m.[38;2;7;70;215m'[38;2;15;59;201m.[38;2;94;104;195mc[38;2;243;243;229mW[38;2;184;154;156mx[38;2;112;103;162mc[38;2;144;133;177mo[38;2;172;143;152md[38;2;150;128;109ml[38;2;155;125;114ml[38;2;124;111;116mc[38;2;108;110;121mc[38;2;0;1;42m [38;2;10;22;59m [38;2;169;137;100mo[38;2;58;39;27m.[38;2;211;196;133m0[38;2;255;237;115mN[38;2;255;228;106mX[38;2;255;224;105mX[38;2;255;224;105mX[38;2;255;224;102mX[38;2;255;224;98mX[38;2;255;224;99mX[38;2;255;225;97mX[38;2;255;225;97mX[38;2;255;226;96mX[38;2;255;225;95mX[38;2;255;225;106mX[38;2;255;236;110mN[38;2;220;187;99mO[38;2;220;180;122mO[38;2;244;218;193mX[38;2;255;233;229mW[38;2;239;242;244mW[38;2;223;249;249mW[38;2;16;89;220m,[38;2;0;22;173m.[38;2;4;9;51m [38;2;129;149;187md[38;2;8;22;33m [38;2;12;62;76m.[38;2;15;49;65m.[38;2;8;18;22m [38;2;9;31;32m [38;2;67;81;70m,[38;2;68;71;67m'[38;2;24;33;22m.[38;2;0;5;3m [38;2;136;142;134mo[38;2;35;59;55m.[38;2;21;54;59m.[0m
[0m[38;2;20;46;46m.[38;2;7;40;50m.[38;2;11;42;46m.[38;2;2;13;15m [38;2;8;44;60m.[38;2;53;99;118m;[38;2;50;100;102m,[38;2;1;11;13m [38;2;7;35;46m [38;2;4;24;29m [38;2;28;43;93m.[38;2;147;197;232mO[38;2;24;36;45m.[38;2;1;27;46m [38;2;5;21;44m [38;2;50;86;105m,[38;2;44;86;106m,[38;2;0;5;22m [38;2;7;37;70m.[38;2;9;34;75m.[38;2;9;35;84m.[38;2;8;35;77m.[38;2;12;30;95m.[38;2;20;35;91m.[38;2;10;35;102m.[38;2;7;37;102m.[38;2;13;36;109m.[38;2;4;14;79m [38;2;19;46;118m.[38;2;168;161;169mx[38;2;195;160;127mx[38;2;158;124;85ml[38;2;118;106;125mc[38;2;60;72;107m'[38;2;96;106;160m:[38;2;58;66;88m'[38;2;53;78;109m'[38;2;71;89;148m;[38;2;89;117;215mc[38;2;88;122;178mc[38;2;89;120;179mc[38;2;85;128;167mc[38;2;128;152;178md[38;2;67;75;113m,[38;2;31;13;27m [38;2;255;251;155mW[38;2;255;226;105mX[38;2;255;225;102mX[38;2;255;227;106mX[38;2;255;226;100mX[38;2;255;223;98mX[38;2;255;224;97mX[38;2;255;225;93mX[38;2;255;225;100mX[38;2;255;225;100mX[38;2;255;225;95mX[38;2;255;226;100mX[38;2;255;225;92mX[38;2;255;229;100mX[38;2;254;226;110mX[38;2;227;184;85mO[38;2;253;218;132mX[38;2;255;222;134mX[38;2;255;236;141mN[38;2;198;186;123mO[38;2;76;61;53m'[38;2;73;87;105m,[38;2;44;54;61m.[38;2;7;15;21m [38;2;16;42;62m.[38;2;17;35;52m.[38;2;3;14;17m [38;2;9;25;36m [38;2;33;31;36m.[38;2;27;40;42m.[38;2;10;26;29m [38;2;5;20;20m [38;2;85;97;98m;[38;2;22;49;50m.[38;2;27;54;62m.[0m
[0m[38;2;18;46;50m.[38;2;8;46;65m.[38;2;11;31;32m [38;2;5;16;18m [38;2;9;35;52m.[38;2;64;120;129m:[38;2;54;102;105m;[38;2;2;9;15m [38;2;1;6;5m [38;2;5;16;19m [38;2;3;15;18m [38;2;55;91;158m;[38;2;122;153;184md[38;2;21;28;26m [38;2;0;1;3m [38;2;1;5;8m [38;2;1;4;9m [38;2;11;22;39m [38;2;8;23;44m [38;2;1;7;25m [38;2;5;10;27m [38;2;12;19;37m [38;2;40;47;72m.[38;2;95;97;108m;[38;2;100;102;114m:[38;2;114;131;143ml[38;2;134;146;155mo[38;2;77;97;134m;[38;2;183;210;229mK[38;2;116;151;168mo[38;2;32;74;123m'[38;2;30;65;126m.[38;2;57;91;131m,[38;2;61;73;113m'[38;2;57;65;115m'[38;2;16;32;62m.[38;2;34;56;92m.[38;2;62;87;152m,[38;2;129;162;203mx[38;2;56;72;97m'[38;2;91;124;141mc[38;2;98;127;136mc[38;2;113;144;173mo[38;2;74;103;171m:[38;2;130;107;134mc[38;2;255;239;115mN[38;2;255;224;101mX[38;2;255;224;98mX[38;2;255;226;90mX[38;2;255;224;98mX[38;2;255;222;97mX[38;2;255;221;101mX[38;2;255;225;95mX[38;2;255;222;96mX[38;2;255;223;98mX[38;2;255;222;92mX[38;2;255;224;93mX[38;2;255;225;91mX[38;2;255;226;88mX[38;2;255;225;88mX[38;2;255;227;92mX[38;2;255;229;95mX[38;2;255;227;87mX[38;2;250;221;88mX[38;2;196;177;83mk[38;2;162;157;130md[38;2;86;112;119m:[38;2;103;144;152ml[38;2;100;134;139ml[38;2;77;94;95m;[38;2;91;97;99m;[38;2;139;149;149md[38;2;151;162;163mx[38;2;145;156;156md[38;2;148;155;158md[38;2;142;156;162md[38;2;107;118;120mc[38;2;138;153;153md[38;2;89;112;113m:[38;2;64;73;79m'[0m
[0m[38;2;21;48;49m.[38;2;8;46;61m.[38;2;5;35;34m [38;2;4;18;17m [38;2;9;34;58m.[38;2;63;119;126m:[38;2;50;103;94m,[38;2;4;17;23m [38;2;1;6;9m [38;2;17;43;54m.[38;2;6;27;36m [38;2;8;23;37m [38;2;51;89;141m,[38;2;136;168;205mx[38;2;59;70;72m'[38;2;0;2;1m [38;2;0;3;3m [38;2;11;54;85m.[38;2;9;54;87m.[38;2;3;11;18m [38;2;85;106;116m:[38;2;52;75;83m'[38;2;90;112;121m:[38;2;89;116;122m:[38;2;68;89;102m,[38;2;46;71;91m'[38;2;39;65;99m.[38;2;19;44;98m.[38;2;35;74;132m'[38;2;33;51;115m.[38;2;54;78;129m,[38;2;150;134;129mo[38;2;217;183;119mO[38;2;206;180;136mO[38;2;209;189;113mO[38;2;180;166;107mx[38;2;85;83;77m,[38;2;111;129;170ml[38;2;62;67;79m'[38;2;101;117;139mc[38;2;140;158;151md[38;2;156;165;160mx[38;2;165;181;169mk[38;2;150;140;94mo[38;2;255;233;135mN[38;2;255;227;95mX[38;2;255;226;101mX[38;2;255;226;96mX[38;2;255;227;93mX[38;2;255;226;93mX[38;2;255;228;98mX[38;2;255;224;95mX[38;2;255;224;93mX[38;2;255;223;91mX[38;2;255;223;89mX[38;2;255;225;89mX[38;2;255;225;88mX[38;2;255;225;90mX[38;2;255;224;86mX[38;2;255;223;83mX[38;2;255;227;88mX[38;2;255;241;95mN[38;2;199;169;64mx[38;2;139;116;108ml[38;2;101;142;167ml[38;2;104;150;164mo[38;2;113;153;158mo[38;2;92;130;140mc[38;2;143;162;166mx[38;2;214;228;227mX[38;2;230;248;249mW[38;2;230;242;247mW[38;2;221;244;245mN[38;2;221;243;246mN[38;2;223;244;246mW[38;2;224;244;246mW[38;2;226;246;248mW[38;2;225;245;248mW[38;2;230;246;249mW[38;2;234;248;250mW[0m
[0m[38;2;24;48;54m.[38;2;11;45;60m.[38;2;5;30;33m [38;2;10;19;24m [38;2;6;35;46m [38;2;68;131;132mc[38;2;41;83;85m'[38;2;5;15;20m [38;2;3;12;14m [38;2;7;23;25m [38;2;15;40;56m.[38;2;4;26;36m [38;2;5;4;9m [38;2;31;56;107m.[38;2;129;169;216mx[38;2;118;136;142ml[38;2;29;34;35m.[38;2;6;38;52m.[38;2;8;47;71m.[38;2;8;30;44m [38;2;3;18;32m [38;2;14;43;68m.[38;2;0;12;32m [38;2;1;6;24m [38;2;0;7;49m [38;2;0;7;74m [38;2;0;24;122m [38;2;11;57;178m.[38;2;9;70;195m'[38;2;11;50;184m.[38;2;30;62;183m'[38;2;114;119;181ml[38;2;106;88;132m:[38;2;209;198;162m0[38;2;221;203;148m0[38;2;244;226;144mX[38;2;255;241;142mN[38;2;227;197;112m0[38;2;207;189;119mO[38;2;210;194;109mO[38;2;239;207;100mK[38;2;250;223;116mX[38;2;254;232;108mX[38;2;255;232;106mX[38;2;255;225;106mX[38;2;255;225;107mX[38;2;255;226;107mX[38;2;255;226;96mX[38;2;255;227;104mX[38;2;255;224;101mX[38;2;255;225;95mX[38;2;255;225;95mX[38;2;255;225;91mX[38;2;255;224;94mX[38;2;255;225;84mX[38;2;255;223;85mX[38;2;255;224;84mX[38;2;255;224;84mX[38;2;255;225;85mX[38;2;255;226;82mX[38;2;255;240;88mN[38;2;199;155;54md[38;2;93;119;125mc[38;2;105;143;162mo[38;2;111;151;156mo[38;2;107;153;158mo[38;2;93;118;117mc[38;2;215;223;223mX[38;2;227;247;247mW[38;2;227;242;246mW[38;2;221;241;244mN[38;2;219;241;245mN[38;2;221;241;244mN[38;2;220;241;243mN[38;2;220;241;243mN[38;2;224;240;244mN[38;2;219;240;244mN[38;2;222;240;243mN[38;2;220;241;244mN[38;2;223;241;245mN[0m
[0m[38;2;25;47;54m.[38;2;6;46;56m.[38;2;11;35;48m.[38;2;7;17;23m [38;2;3;32;47m [38;2;75;141;145mc[38;2;38;81;79m'[38;2;4;11;17m [38;2;12;44;54m.[38;2;6;42;47m.[38;2;7;44;57m.[38;2;5;25;33m [38;2;6;11;11m [38;2;1;8;9m [38;2;8;24;42m [38;2;63;97;133m;[38;2;129;165;200mx[38;2;113;144;157mo[38;2;79;91;102m;[38;2;15;43;57m.[38;2;5;36;61m.[38;2;11;54;82m.[38;2;12;33;57m.[38;2;18;38;77m.[38;2;18;43;96m.[38;2;17;43;163m.[38;2;3;80;231m'[38;2;55;168;254mo[38;2;53;186;255md[38;2;63;188;255mx[38;2;73;172;255md[38;2;47;156;254mo[38;2;9;97;238m,[38;2;86;125;226ml[38;2;90;96;179m:[38;2;177;161;185mk[38;2;235;218;161mX[38;2;243;220;145mX[38;2;253;226;125mX[38;2;255;232;119mX[38;2;255;243;119mN[38;2;226;186;86mO[38;2;247;216;111mK[38;2;255;230;107mX[38;2;255;229;107mX[38;2;255;226;103mX[38;2;255;226;98mX[38;2;255;226;98mX[38;2;255;226;92mX[38;2;255;225;98mX[38;2;255;225;94mX[38;2;255;224;85mX[38;2;255;226;88mX[38;2;255;225;91mX[38;2;255;231;97mX[38;2;255;234;93mX[38;2;251;218;84mK[38;2;248;218;85mK[38;2;255;230;93mX[38;2;255;239;89mN[38;2;255;230;91mX[38;2;112;108;69m:[38;2;101;148;160mo[38;2;111;148;141mo[38;2;108;147;143mo[38;2;75;107;113m;[38;2;193;204;207m0[38;2;229;248;250mW[38;2;217;241;242mN[38;2;219;241;243mN[38;2;218;241;243mN[38;2;219;241;243mN[38;2;219;241;242mN[38;2;221;241;243mN[38;2;217;241;243mN[38;2;218;241;244mN[38;2;218;241;244mN[38;2;218;240;243mN[38;2;222;240;243mN[38;2;224;241;245mN[0m
[0m[38;2;21;41;49m.[38;2;29;77;94m'[38;2;47;95;82m,[38;2;6;19;18m [38;2;5;32;51m [38;2;75;139;153mc[38;2;38;87;88m'[38;2;14;24;24m [38;2;44;82;93m'[38;2;39;81;84m'[38;2;45;88;91m,[38;2;47;100;102m,[38;2;38;71;78m.[38;2;23;54;60m.[38;2;24;59;65m.[38;2;18;48;48m.[38;2;6;18;31m [38;2;31;71;97m.[38;2;78;105;147m:[38;2;99;123;163mc[38;2;87;121;167mc[38;2;63;102;144m;[38;2;96;125;154mc[38;2;98;134;178ml[38;2;109;141;209mo[38;2;113;155;240md[38;2;61;182;255md[38;2;197;250;255mN[38;2;141;250;255mX[38;2;105;249;255mK[38;2;105;249;255mK[38;2;107;246;255mK[38;2;71;224;255mO[38;2;140;220;255m0[38;2;16;204;255md[38;2;104;148;241md[38;2;34;62;181m'[38;2;58;72;142m,[38;2;88;86;97m;[38;2;101;95;98m;[38;2;116;115;82mc[38;2;137;131;103ml[38;2;168;140;71mo[38;2;200;165;68mx[38;2;204;167;71mx[38;2;209;167;71mk[38;2;214;181;75mk[38;2;216;185;83mO[38;2;223;187;74mO[38;2;222;186;78mO[38;2;221;184;65mO[38;2;213;175;71mk[38;2;215;176;72mk[38;2;210;166;58mx[38;2;200;152;58md[38;2;190;143;39md[38;2;174;113;31ml[38;2;179;127;41ml[38;2;192;132;40mo[38;2;203;147;50md[38;2;190;123;30ml[38;2;92;136;120mc[38;2;100;143;151ml[38;2;106;136;147ml[38;2;106;136;159ml[38;2;52;95;86m,[38;2;245;255;253mM[38;2;215;241;242mN[38;2;215;241;242mN[38;2;216;241;243mN[38;2;216;240;243mN[38;2;216;241;242mN[38;2;221;240;243mN[38;2;220;241;241mN[38;2;216;241;242mN[38;2;216;241;243mN[38;2;219;241;244mN[38;2;219;241;244mN[38;2;217;241;244mN[38;2;217;240;244mN[0m
[0m[38;2;44;67;83m.[38;2;79;160;178mo[38;2;18;46;35m.[38;2;6;21;22m [38;2;8;36;52m.[38;2;79;144;154ml[38;2;34;82;82m'[38;2;27;49;59m.[38;2;80;167;172mo[38;2;57;140;141mc[38;2;62;137;133mc[38;2;61;144;135mc[38;2;71;144;144ml[38;2;13;47;54m.[38;2;6;43;53m.[38;2;5;43;51m.[38;2;0;21;26m [38;2;9;47;62m.[38;2;8;42;62m.[38;2;7;35;56m [38;2;23;52;94m.[38;2;15;53;109m.[38;2;46;110;161m;[38;2;35;90;189m,[38;2;44;87;220m;[38;2;44;120;252mc[38;2;13;209;255md[38;2;117;239;255mK[38;2;120;247;255mK[38;2;122;249;255mK[38;2;149;252;255mX[38;2;198;255;255mW[38;2;194;255;255mN[38;2;240;255;255mM[38;2;39;255;255mO[38;2;115;159;254mx[38;2;5;70;239m'[38;2;9;67;166m.[38;2;15;57;121m.[38;2;15;48;109m.[38;2;1;44;65m.[38;2;33;88;116m'[38;2;41;85;111m'[38;2;45;74;81m'[38;2;68;67;37m'[38;2;123;130;125ml[38;2;122;113;90mc[38;2;83;60;30m'[38;2;102;88;47m;[38;2;99;73;35m,[38;2;111;78;26m,[38;2;118;84;30m;[38;2;159;128;73ml[38;2;119;89;29m;[38;2;136;100;41m:[38;2;146;108;35mc[38;2;106;73;28m,[38;2;86;83;69m,[38;2;112;109;76m:[38;2;105;78;44m,[38;2;104;73;29m,[38;2;51;67;62m.[38;2;84;125;126mc[38;2;115;140;149ml[38;2;105;135;140ml[38;2;53;84;75m'[38;2;241;254;254mM[38;2;214;240;241mN[38;2;216;241;242mN[38;2;215;240;243mN[38;2;216;240;243mN[38;2;215;240;244mN[38;2;219;240;243mN[38;2;215;240;241mN[38;2;213;240;240mN[38;2;216;241;242mN[38;2;216;240;244mN[38;2;217;241;243mN[38;2;217;241;243mN[38;2;215;241;243mN[0m
[0m[38;2;80;141;132mc[38;2;20;69;74m.[38;2;4;16;16m [38;2;7;19;24m [38;2;4;42;55m.[38;2;76;145;154ml[38;2;38;83;81m'[38;2;29;44;49m.[38;2;71;156;164ml[38;2;57;130;133m:[38;2;56;134;142mc[38;2;58;136;133mc[38;2;62;143;150mc[38;2;62;124;123m:[38;2;12;43;53m.[38;2;6;44;52m.[38;2;0;18;23m [38;2;11;44;61m.[38;2;7;45;64m.[38;2;6;47;67m.[38;2;8;45;79m.[38;2;3;30;74m [38;2;52;114;156m:[38;2;66;161;195mo[38;2;34;86;206m,[38;2;12;102;255m;[38;2;0;229;255mx[38;2;209;255;255mW[38;2;152;255;255mX[38;2;180;255;255mN[38;2;171;255;255mN[38;2;189;255;255mN[38;2;191;255;255mN[38;2;211;255;255mW[38;2;54;244;255mO[38;2;114;153;251md[38;2;3;45;209m.[38;2;8;47;145m.[38;2;14;47;87m.[38;2;24;53;91m.[38;2;25;56;88m.[38;2;24;60;75m.[38;2;43;79;102m'[38;2;20;54;66m.[38;2;7;17;19m [38;2;119;175;233mx[38;2;66;104;135m;[38;2;23;41;50m.[38;2;26;53;60m.[38;2;27;57;67m.[38;2;52;93;99m,[38;2;0;1;2m [38;2;157;180;206mk[38;2;17;37;49m.[38;2;5;34;52m [38;2;4;41;52m.[38;2;16;30;39m [38;2;74;111;131m:[38;2;104;141;171ml[38;2;0;15;19m [38;2;7;20;20m [38;2;0;5;2m [38;2;3;9;7m [38;2;41;50;46m.[38;2;65;81;76m,[38;2;39;61;60m.[38;2;251;255;254mM[38;2;215;243;245mN[38;2;215;239;240mN[38;2;216;240;243mN[38;2;215;240;241mN[38;2;216;241;242mN[38;2;214;240;241mN[38;2;214;240;241mN[38;2;214;239;239mN[38;2;217;239;241mN[38;2;215;239;242mN[38;2;216;240;243mN[38;2;215;240;244mN[38;2;215;240;243mN[0m
[0m[38;2;32;66;59m.[38;2;6;41;57m.[38;2;5;26;25m [38;2;5;17;23m [38;2;0;36;47m [38;2;79;146;168ml[38;2;30;78;62m.[38;2;29;42;55m.[38;2;71;152;164ml[38;2;56;136;139mc[38;2;57;136;145mc[38;2;58;130;131m:[38;2;58;142;137mc[38;2;57;123;127m:[38;2;57;111;114m;[38;2;9;42;45m.[38;2;1;19;23m [38;2;6;46;59m.[38;2;7;43;61m.[38;2;6;42;56m.[38;2;9;38;71m.[38;2;6;37;73m.[38;2;7;24;73m [38;2;42;92;137m,[38;2;58;110;185m:[38;2;18;88;240m,[38;2;24;180;255mo[38;2;95;210;255mO[38;2;83;233;255mO[38;2;88;236;255m0[38;2;77;228;255mO[38;2;59;223;255mk[38;2;52;206;255mx[38;2;32;169;254mo[38;2;77;198;255mk[38;2;105;149;219mo[38;2;7;20;119m [38;2;73;125;195mc[38;2;16;50;102m.[38;2;22;67;97m.[38;2;19;56;100m.[38;2;18;60;84m.[38;2;13;51;77m.[38;2;6;52;69m.[38;2;0;12;18m [38;2;139;198;252mO[38;2;42;68;108m'[38;2;4;38;48m.[38;2;10;49;63m.[38;2;8;53;50m.[38;2;22;58;71m.[38;2;0;1;1m [38;2;134;166;181mx[38;2;49;76;93m'[38;2;7;22;31m [38;2;8;30;31m [38;2;0;8;12m [38;2;85;132;158mc[38;2;101;128;170ml[38;2;11;16;16m [38;2;15;17;16m [38;2;0;6;3m [38;2;0;6;1m [38;2;2;6;0m [38;2;0;3;1m [38;2;0;0;1m [38;2;130;154;141md[38;2;156;188;183mk[38;2;191;215;216mK[38;2;221;244;246mN[38;2;221;243;245mN[38;2;216;241;242mN[38;2;215;240;241mN[38;2;214;240;240mN[38;2;214;240;241mN[38;2;218;240;241mN[38;2;215;239;241mN[38;2;215;239;241mN[38;2;214;240;242mN[38;2;215;240;242mN[0m
[0m[38;2;19;44;43m.[38;2;6;46;61m.[38;2;5;29;24m [38;2;7;13;20m [38;2;5;34;48m [38;2;74;142;161ml[38;2;25;66;66m.[38;2;22;29;44m [38;2;60;110;127m;[38;2;45;93;99m,[38;2;40;92;92m,[38;2;43;89;93m,[38;2;45;97;97m,[38;2;59;107;110m;[38;2;43;79;80m'[38;2;39;74;81m'[38;2;37;71;70m.[38;2;2;13;17m [38;2;4;41;52m.[38;2;4;35;46m [38;2;6;40;54m.[38;2;12;40;62m.[38;2;24;53;84m.[38;2;20;55;95m.[38;2;25;58;122m.[38;2;16;66;153m.[38;2;41;110;202m:[38;2;9;51;187m.[38;2;14;95;231m,[38;2;8;99;233m;[38;2;17;88;234m,[38;2;13;88;232m,[38;2;5;78;215m'[38;2;4;35;187m.[38;2;119;163;238mx[38;2;106;128;154ml[38;2;0;1;49m [38;2;92;174;208md[38;2;27;73;103m.[38;2;7;42;88m.[38;2;7;52;83m.[38;2;13;51;82m.[38;2;9;49;72m.[38;2;8;43;56m.[38;2;3;13;22m [38;2;156;202;255m0[38;2;13;26;55m [38;2;5;18;23m [38;2;5;21;20m [38;2;4;14;12m [38;2;3;10;9m [38;2;0;0;0m [38;2;107;150;184mo[38;2;75;101;118m;[38;2;1;21;19m [38;2;15;45;58m.[38;2;1;18;36m [38;2;88;122;138mc[38;2;89;121;133mc[38;2;70;87;83m,[38;2;59;65;67m.[38;2;67;93;108m;[38;2;0;1;2m [38;2;0;5;2m [38;2;0;6;3m [38;2;0;1;4m [38;2;66;88;81m,[38;2;105;138;133ml[38;2;80;115;131m:[38;2;103;137;145ml[38;2;138;169;171mx[38;2;174;199;203m0[38;2;213;236;239mN[38;2;223;242;244mN[38;2;215;239;241mN[38;2;215;240;239mN[38;2;216;239;240mN[38;2;216;240;242mN[38;2;215;240;243mN[38;2;215;240;244mN[0m
[0m[38;2;17;37;40m.[38;2;8;37;55m.[38;2;4;32;28m [38;2;8;32;46m [38;2;4;28;37m [38;2;66;133;147mc[38;2;41;91;79m'[38;2;0;4;8m [38;2;8;30;41m [38;2;8;33;47m [38;2;9;47;52m.[38;2;20;54;64m.[38;2;24;62;77m.[38;2;28;66;79m.[38;2;25;62;67m.[38;2;41;82;97m'[38;2;92;164;166mo[38;2;1;5;9m [38;2;7;45;57m.[38;2;6;46;56m.[38;2;7;44;60m.[38;2;6;45;66m.[38;2;5;45;73m.[38;2;5;45;77m.[38;2;13;45;84m.[38;2;9;46;95m.[38;2;10;51;125m.[38;2;28;39;98m.[38;2;10;50;129m.[38;2;8;53;123m.[38;2;17;53;140m.[38;2;11;54;134m.[38;2;8;51;132m.[38;2;5;24;109m [38;2;122;160;210md[38;2;108;128;136ml[38;2;1;3;19m [38;2;62;118;137m:[38;2;38;81;97m'[38;2;8;22;46m [38;2;3;30;34m [38;2;7;20;39m [38;2;3;10;22m [38;2;0;4;5m [38;2;19;34;75m.[38;2;200;234;255mN[38;2;6;17;37m [38;2;13;26;32m [38;2;1;12;13m [38;2;0;5;0m [38;2;0;6;4m [38;2;0;0;0m [38;2;90;129;171ml[38;2;97;124;128mc[38;2;0;21;24m [38;2;9;49;51m.[38;2;3;33;47m [38;2;16;29;42m [38;2;144;167;186mx[38;2;70;75;77m'[38;2;24;33;35m.[38;2;131;161;173md[38;2;93;98;103m;[38;2;56;76;87m'[38;2;1;2;4m [38;2;1;4;0m [38;2;23;26;22m [38;2;122;161;147md[38;2;91;131;144mc[38;2;91;129;151mc[38;2;93;126;140mc[38;2;85;109;117m:[38;2;93;125;144mc[38;2;140;163;173mx[38;2;161;194;201mO[38;2;205;230;234mX[38;2;222;243;244mN[38;2;219;242;242mN[38;2;211;239;241mN[38;2;214;240;241mN[0m
[0m[38;2;19;45;49m.[38;2;9;44;62m.[38;2;7;46;56m.[38;2;5;43;56m.[38;2;4;27;31m [38;2;63;120;149m:[38;2;46;98;90m,[38;2;1;11;13m [38;2;6;44;57m.[38;2;3;42;53m.[38;2;3;43;53m.[38;2;4;43;52m.[38;2;4;43;53m.[38;2;7;43;55m.[38;2;7;44;49m.[38;2;3;33;44m [38;2;58;97;114m;[38;2;1;13;19m [38;2;5;46;63m.[38;2;6;43;52m.[38;2;7;43;57m.[38;2;7;44;59m.[38;2;6;47;60m.[38;2;4;44;66m.[38;2;4;47;69m.[38;2;6;47;75m.[38;2;10;47;74m.[38;2;49;66;84m.[38;2;12;42;87m.[38;2;7;34;67m.[38;2;4;31;63m [38;2;4;26;53m [38;2;8;20;44m [38;2;1;6;21m [38;2;111;151;211md[38;2;127;133;132ml[38;2;3;18;38m [38;2;6;23;58m [38;2;6;15;41m [38;2;3;22;52m [38;2;19;65;118m.[38;2;1;23;48m [38;2;0;5;31m [38;2;0;3;10m [38;2;43;65;116m'[38;2;232;255;255mW[38;2;0;1;8m [38;2;16;38;54m.[38;2;0;12;17m [38;2;0;5;1m [38;2;0;5;1m [38;2;0;0;0m [38;2;77;122;161mc[38;2;89;119;129mc[38;2;25;46;44m.[38;2;30;60;60m.[38;2;1;23;39m [38;2;29;52;57m.[38;2;55;90;138m,[38;2;88;97;114m;[38;2;88;111;126m:[38;2;99;118;142mc[38;2;43;72;77m'[38;2;59;92;128m,[38;2;0;1;0m [38;2;1;5;0m [38;2;0;1;0m [38;2;86;108;96m:[38;2;92;142;154ml[38;2;92;130;144mc[38;2;90;132;153ml[38;2;98;127;137mc[38;2;97;127;137mc[38;2;93;129;144mc[38;2;82;119;125m:[38;2;82;132;136mc[38;2;117;155;164mo[38;2;147;179;186mk[38;2;177;209;217m0[38;2;211;238;238mN[0m
[0m[38;2;18;47;55m.[38;2;7;45;56m.[38;2;2;44;53m.[38;2;4;43;52m.[38;2;2;29;36m [38;2;57;106;140m;[38;2;55;112;103m;[38;2;0;9;10m [38;2;4;42;55m.[38;2;4;41;53m.[38;2;3;42;52m.[38;2;2;41;51m.[38;2;2;43;48m.[38;2;4;43;47m.[38;2;4;43;47m.[38;2;3;42;49m.[38;2;7;44;49m.[38;2;3;22;26m [38;2;8;51;65m.[38;2;6;45;52m.[38;2;7;41;51m.[38;2;4;36;48m [38;2;6;32;40m [38;2;5;29;35m [38;2;3;25;30m [38;2;1;19;24m [38;2;10;14;18m [38;2;7;19;30m [38;2;2;21;33m [38;2;0;6;10m [38;2;14;25;37m [38;2;15;29;48m [38;2;1;15;29m [38;2;0;0;0m [38;2;93;144;199mo[38;2;128;138;152mo[38;2;7;26;93m [38;2;5;31;101m.[38;2;5;10;94m [38;2;10;37;123m.[38;2;15;82;177m'[38;2;3;31;140m.[38;2;3;23;143m.[38;2;1;12;111m [38;2;42;88;206m;[38;2;234;255;255mW[38;2;0;1;13m [38;2;11;39;69m.[38;2;21;41;59m.[38;2;38;68;80m.[38;2;42;66;75m.[38;2;0;7;9m [38;2;77;128;166mc[38;2;69;95;119m;[38;2;30;64;67m.[38;2;60;97;104m,[38;2;4;34;39m [38;2;10;34;39m [38;2;96;141;173ml[38;2;4;8;15m [38;2;21;46;55m.[38;2;77;99;137m;[38;2;7;23;28m [38;2;50;88;136m,[38;2;0;3;0m [38;2;0;3;1m [38;2;0;4;0m [38;2;8;12;9m [38;2;49;82;89m'[38;2;69;102;104m;[38;2;90;128;133mc[38;2;92;139;145ml[38;2;96;129;143mc[38;2;92;127;139mc[38;2;98;128;148mc[38;2;90;130;145mc[38;2;86;129;142mc[38;2;84;125;135mc[38;2;70;112;132m:[38;2;92;134;143ml[0m
[0m[38;2;18;46;53m.[38;2;4;43;55m.[38;2;1;43;49m.[38;2;4;43;51m.[38;2;2;28;41m [38;2;59;110;160m:[38;2;51;118;107m;[38;2;0;11;21m [38;2;4;43;61m.[38;2;5;42;55m.[38;2;5;48;50m.[38;2;4;45;53m.[38;2;3;41;46m.[38;2;2;36;44m [38;2;3;31;36m [38;2;2;30;30m [38;2;2;26;35m [38;2;1;11;10m [38;2;3;17;17m [38;2;3;11;10m [38;2;26;30;31m [38;2;50;51;51m.[38;2;51;51;51m.[38;2;50;52;51m.[38;2;52;52;51m.[38;2;51;52;51m.[38;2;45;42;49m.[38;2;45;65;83m.[38;2;33;60;72m.[38;2;27;27;35m [38;2;14;25;42m [38;2;12;29;50m [38;2;2;16;31m [38;2;0;0;1m [38;2;62;103;181m:[38;2;167;185;202mO[38;2;5;25;139m.[38;2;10;78;215m'[38;2;9;89;229m,[38;2;13;125;247m:[38;2;30;144;250ml[38;2;37;163;254mo[38;2;64;186;255mx[38;2;115;177;252mx[38;2;8;175;254mo[38;2;208;248;255mN[38;2;2;8;69m [38;2;29;74;132m'[38;2;55;108;137m;[38;2;78;155;175mo[38;2;54;113;123m;[38;2;1;6;14m [38;2;96;139;178ml[38;2;28;44;60m.[38;2;12;44;50m.[38;2;11;32;41m [38;2;13;35;40m [38;2;6;29;27m [38;2;81;110;145m:[38;2;7;20;23m [38;2;2;16;25m [38;2;128;164;180md[38;2;10;21;29m [38;2;51;81;132m,[38;2;0;3;0m [38;2;0;4;1m [38;2;0;3;0m [38;2;1;3;0m [38;2;7;34;37m [38;2;4;41;44m.[38;2;11;26;27m [38;2;39;68;61m.[38;2;64;87;83m,[38;2;85;114;121m:[38;2;100;135;141ml[38;2;91;128;146mc[38;2;91;129;140mc[38;2;92;129;149mc[38;2;92;128;141mc[38;2;95;125;138mc[0m
[0m[38;2;20;51;62m.[38;2;6;44;56m.[38;2;4;39;51m.[38;2;2;42;50m.[38;2;2;34;43m [38;2;54;97;141m;[38;2;51;118;112m;[38;2;0;10;12m [38;2;4;24;31m [38;2;2;21;21m [38;2;1;17;17m [38;2;0;14;10m [38;2;0;5;5m [38;2;0;1;1m [38;2;0;3;0m [38;2;0;5;1m [38;2;3;24;31m [38;2;7;33;43m [38;2;6;30;43m [38;2;1;3;4m [38;2;146;163;182mx[38;2;182;221;226mK[38;2;181;219;225mK[38;2;184;221;224mK[38;2;176;221;224mK[38;2;193;222;223mK[38;2;160;184;197mk[38;2;128;136;148mo[38;2;140;180;181mk[38;2;126;152;166md[38;2;94;109;135m:[38;2;123;145;162mo[38;2;96;104;113m:[38;2;14;18;26m [38;2;22;48;152m.[38;2;214;247;253mW[38;2;43;141;245ml[38;2;82;223;255mO[38;2;81;238;255m0[38;2;93;255;255mK[38;2;113;255;255mK[38;2;118;255;255mK[38;2;125;255;255mX[38;2;172;255;255mN[38;2;10;210;255md[38;2;178;234;255mX[38;2;2;10;146m [38;2;6;41;116m.[38;2;42;86;133m,[38;2;47;103;116m;[38;2;58;101;111m;[38;2;1;9;16m [38;2;104;153;205mo[38;2;17;34;42m.[38;2;30;58;68m.[38;2;25;54;60m.[38;2;4;19;32m [38;2;6;41;40m.[38;2;44;65;85m.[38;2;33;56;65m.[38;2;2;8;12m [38;2;127;169;203mx[38;2;16;36;47m.[38;2;65;96;132m;[38;2;1;3;0m [38;2;0;3;4m [38;2;0;5;1m [38;2;1;4;0m [38;2;12;39;42m.[38;2;6;51;65m.[38;2;0;3;8m [38;2;7;39;41m.[38;2;9;40;44m.[38;2;9;33;36m [38;2;33;55;62m.[38;2;55;77;83m'[38;2;79;103;112m;[38;2;96;134;146ml[38;2;101;128;143mc[38;2;98;123;147mc[0m
[0m[38;2;14;30;33m [38;2;5;25;24m [38;2;12;23;20m [38;2;0;12;25m [38;2;8;39;49m.[38;2;55;84;130m,[38;2;63;133;125mc[38;2;1;8;4m [38;2;0;7;5m [38;2;11;20;20m [38;2;6;17;25m [38;2;12;26;25m [38;2;0;5;1m [38;2;0;9;0m [38;2;0;5;0m [38;2;1;7;0m [38;2;15;30;40m [38;2;9;45;59m.[38;2;11;49;68m.[38;2;6;13;26m [38;2;13;22;46m [38;2;26;50;92m.[38;2;16;42;77m.[38;2;24;52;101m.[38;2;18;50;102m.[38;2;20;63;120m.[38;2;22;45;106m.[38;2;23;40;76m.[38;2;30;56;68m.[38;2;20;39;48m.[38;2;3;20;38m [38;2;40;82;138m,[38;2;119;152;209md[38;2;174;195;209mO[38;2;10;26;121m.[38;2;193;229;255mX[38;2;73;217;255mk[38;2;105;255;255mK[38;2;86;255;255mK[38;2;94;255;255mK[38;2;96;255;255mK[38;2;86;255;255mK[38;2;90;255;255mK[38;2;130;255;255mX[38;2;7;199;255md[38;2;146;222;255mK[38;2;7;30;170m.[38;2;15;49;139m.[38;2;12;48;88m.[38;2;23;64;80m.[38;2;34;68;78m.[38;2;6;15;24m [38;2;122;174;219mx[38;2;22;48;64m.[38;2;19;47;57m.[38;2;8;44;60m.[38;2;7;27;38m [38;2;10;52;51m.[38;2;18;41;58m.[38;2;67;85;111m,[38;2;0;3;2m [38;2;122;170;199mx[38;2;37;64;84m.[38;2;64;91;109m,[38;2;2;6;1m [38;2;0;4;0m [38;2;0;10;9m [38;2;1;2;1m [38;2;17;46;51m.[38;2;5;38;48m [38;2;1;7;1m [38;2;18;42;46m.[38;2;15;25;38m [38;2;13;41;51m.[38;2;15;43;50m.[38;2;16;36;44m.[38;2;1;3;5m [38;2;44;57;55m.[38;2;88;108;109m:[38;2;95;126;126mc[0m
