[0m[38;2;23;51;44m.[38;2;10;47;56m.[38;2;12;39;40m.[38;2;1;16;7m [38;2;6;36;51m [38;2;2;30;43m [38;2;86;151;137ml[38;2;17;37;33m.[38;2;0;8;1m [38;2;0;9;0m [38;2;6;11;4m [38;2;4;18;14m [38;2;8;24;18m [38;2;3;13;20m [38;2;124;167;197mx[38;2;99;109;122m:[38;2;3;10;9m [38;2;7;49;53m.[38;2;9;49;63m.[38;2;8;47;51m.[38;2;11;47;54m.[38;2;9;48;55m.[38;2;9;47;54m.[38;2;10;47;60m.[38;2;8;48;56m.[38;2;6;34;45m [38;2;78;165;158mo[38;2;17;26;28m [38;2;38;79;88m'[38;2;47;106;108m;[38;2;54;79;111m'[38;2;24;60;76m.[38;2;14;44;60m.[38;2;12;47;64m.[38;2;7;35;50m [38;2;64;116;132m:[38;2;45;69;70m.[38;2;71;166;186mo[38;2;50;98;123m,[38;2;8;44;53m.[38;2;8;41;43m.[38;2;30;52;117m.[38;2;140;156;162md[38;2;11;42;55m.[38;2;0;23;32m [38;2;15;41;104m.[38;2;186;236;255mX[38;2;41;96;125m,[38;2;53;99;136m;[38;2;32;73;138m'[38;2;13;34;172m.[38;2;19;109;224m;[38;2;1;58;204m.[38;2;9;63;197m.[38;2;8;62;190m.[38;2;6;48;171m.[38;2;13;50;141m.[38;2;5;16;64m [38;2;63;105;191m:[38;2;12;36;75m.[38;2;7;26;59m [38;2;8;35;46m [38;2;12;34;51m.[38;2;14;46;65m.[38;2;3;39;53m.[38;2;15;39;53m.[38;2;2;28;39m [38;2;9;47;47m.[38;2;9;50;53m.[38;2;16;51;57m.[38;2;2;26;32m [38;2;15;47;50m.[38;2;8;46;44m.[38;2;1;4;6m [38;2;7;30;26m [38;2;7;37;44m [38;2;9;41;39m.[38;2;9;36;32m [38;2;9;46;45m.[38;2;4;44;43m.[0m
[0m[38;2;24;48;43m.[38;2;8;44;50m.[38;2;6;34;31m [38;2;0;13;12m [38;2;4;36;46m [38;2;0;28;37m [38;2;81;145;150ml[38;2;10;25;25m [38;2;1;5;5m [38;2;0;5;0m [38;2;0;1;0m [38;2;0;4;0m [38;2;0;3;0m [38;2;21;39;57m.[38;2;201;222;241mX[38;2;13;11;13m [38;2;3;14;13m [38;2;1;16;14m [38;2;4;21;26m [38;2;1;29;33m [38;2;7;34;43m [38;2;8;37;43m.[38;2;4;42;49m.[38;2;8;47;59m.[38;2;6;47;58m.[38;2;7;40;51m.[38;2;34;90;111m,[38;2;20;31;32m [38;2;11;43;55m.[38;2;6;42;57m.[38;2;9;40;63m.[38;2;18;53;69m.[38;2;15;47;72m.[38;2;22;53;83m.[38;2;18;56;70m.[38;2;46;80;89m'[38;2;39;62;62m.[38;2;75;151;172ml[38;2;78;149;195ml[38;2;17;51;65m.[38;2;5;24;32m [38;2;31;58;134m.[38;2;132;147;164mo[38;2;9;36;54m.[38;2;6;23;45m [38;2;14;34;113m.[38;2;194;242;255mN[38;2;8;15;63m [38;2;66;131;210mc[38;2;78;174;245md[38;2;35;136;255mc[38;2;112;255;255mK[38;2;64;228;255mO[38;2;64;205;255mk[38;2;42;162;255mo[38;2;15;132;250mc[38;2;2;77;235m'[38;2;2;31;184m.[38;2;72;138;237ml[38;2;7;42;128m.[38;2;8;28;96m.[38;2;6;34;89m.[38;2;56;78;103m'[38;2;56;63;71m.[38;2;58;78;88m'[38;2;56;67;81m'[38;2;49;64;68m.[38;2;29;62;64m.[38;2;17;46;57m.[38;2;5;44;51m.[38;2;0;20;26m [38;2;15;43;48m.[38;2;7;30;35m [38;2;0;4;2m [38;2;3;29;30m [38;2;5;31;35m [38;2;8;31;34m [38;2;6;29;23m [38;2;13;40;46m.[38;2;5;37;43m [0m
[0m[38;2;22;50;52m.[38;2;10;44;60m.[38;2;13;32;33m [38;2;1;12;18m [38;2;4;39;50m.[38;2;0;32;41m [38;2;79;148;156ml[38;2;5;17;27m [38;2;4;25;31m [38;2;8;23;27m [38;2;7;23;32m [38;2;9;25;42m [38;2;1;2;10m [38;2;148;178;209mk[38;2;90;101;123m:[38;2;10;25;45m [38;2;3;29;46m [38;2;0;4;0m [38;2;0;6;0m [38;2;0;7;2m [38;2;0;5;0m [38;2;0;5;2m [38;2;2;8;6m [38;2;3;13;14m [38;2;8;21;22m [38;2;5;25;28m [38;2;7;38;49m.[38;2;7;14;20m [38;2;14;46;59m.[38;2;16;47;75m.[38;2;13;47;77m.[38;2;9;46;75m.[38;2;9;44;75m.[38;2;11;45;76m.[38;2;9;35;66m.[38;2;71;124;155mc[38;2;34;57;69m.[38;2;26;53;82m.[38;2;40;91;116m,[38;2;40;80;102m'[38;2;11;29;33m [38;2;43;74;155m'[38;2;100;125;139mc[38;2;6;35;61m.[38;2;3;14;41m [38;2;15;34;105m.[38;2;201;247;255mN[38;2;2;9;78m [38;2;20;56;169m.[38;2;77;173;255md[38;2;21;162;255ml[38;2;152;255;255mX[38;2;95;255;255mK[38;2;101;255;255mK[38;2;122;255;255mX[38;2;86;254;255mK[38;2;76;228;255mO[38;2;78;193;255mx[38;2;74;216;255mk[38;2;13;92;232m,[38;2;6;49;202m.[38;2;5;24;111m [38;2;68;93;149m;[38;2;65;92;117m,[38;2;75;98;110m;[38;2;68;86;100m,[38;2;68;91;90m,[38;2;41;69;84m.[38;2;80;98;114m;[38;2;56;80;96m'[38;2;1;23;23m [38;2;12;26;22m [38;2;5;13;15m [38;2;4;34;35m [38;2;5;43;52m.[38;2;8;30;34m [38;2;17;42;42m.[38;2;8;25;23m [38;2;12;40;42m.[38;2;7;38;46m.[0m
[0m[38;2;22;51;57m.[38;2;12;46;61m.[38;2;12;35;35m [38;2;5;16;20m [38;2;10;42;63m.[38;2;4;27;52m [38;2;77;147;178ml[38;2;10;32;68m.[38;2;1;7;25m [38;2;13;37;94m.[38;2;4;17;48m [38;2;16;30;76m.[38;2;81;99;148m:[38;2;196;211;234mK[38;2;1;16;52m [38;2;10;46;94m.[38;2;6;31;57m [38;2;6;36;63m.[38;2;10;36;69m.[38;2;6;25;37m [38;2;7;17;16m [38;2;38;51;51m.[38;2;35;44;50m.[38;2;35;46;46m.[38;2;36;48;50m.[38;2;37;48;52m.[38;2;41;45;51m.[38;2;32;37;40m.[38;2;20;31;36m [38;2;36;44;51m.[38;2;25;33;46m.[38;2;9;21;35m [38;2;7;29;47m [38;2;12;36;58m.[38;2;12;39;72m.[38;2;29;67;97m.[38;2;26;38;58m.[38;2;15;50;78m.[38;2;14;46;97m.[38;2;11;44;87m.[38;2;0;12;31m [38;2;65;109;185m:[38;2;83;116;137m:[38;2;38;73;113m'[38;2;49;83;101m'[38;2;10;21;81m [38;2;210;254;255mW[38;2;7;16;69m [38;2;9;41;168m.[38;2;44;120;248mc[38;2;25;194;255md[38;2;124;255;255mX[38;2;89;255;255mK[38;2;75;255;255m0[38;2;93;255;255mK[38;2;95;255;255mK[38;2;85;255;255mK[38;2;143;255;255mX[38;2;43;236;255mO[38;2;105;253;255mK[38;2;8;154;255ml[38;2;4;55;231m.[38;2;7;42;134m.[38;2;5;30;81m [38;2;18;49;95m.[38;2;8;39;60m.[38;2;3;41;54m.[38;2;7;41;52m.[38;2;6;30;42m [38;2;105;118;148mc[38;2;22;30;42m [38;2;4;22;28m [38;2;9;42;50m.[38;2;6;54;56m.[38;2;5;37;44m [38;2;2;5;5m [38;2;45;67;62m.[38;2;26;53;58m.[38;2;11;44;44m.[38;2;3;37;46m [0m
[0m[38;2;18;53;53m.[38;2;10;46;60m.[38;2;6;29;32m [38;2;7;18;27m [38;2;10;44;70m.[38;2;6;30;66m [38;2;82;143;197ml[38;2;9;48;155m.[38;2;21;80;197m,[38;2;1;66;189m.[38;2;4;41;198m.[38;2;25;52;196m.[38;2;203;237;255mN[38;2;53;62;182m'[38;2;6;53;174m.[38;2;5;52;170m.[38;2;3;27;112m.[38;2;11;47;124m.[38;2;16;52;105m.[38;2;4;16;29m [38;2;64;92;96m,[38;2;143;198;208mO[38;2;136;174;193mx[38;2;134;178;188mx[38;2;140;181;198mk[38;2;136;176;197mx[38;2;125;152;167md[38;2;135;136;162mo[38;2;95;118;129mc[38;2;118;154;154mo[38;2;106;126;151ml[38;2;119;128;152ml[38;2;59;74;93m'[38;2;87;90;97m;[38;2;26;28;27m [38;2;2;8;17m [38;2;2;6;9m [38;2;8;26;47m [38;2;7;28;56m [38;2;8;31;57m [38;2;0;21;61m [38;2;116;153;227md[38;2;50;71;107m'[38;2;10;38;83m.[38;2;64;118;157m:[38;2;12;29;80m.[38;2;214;249;255mW[38;2;15;25;95m.[38;2;35;66;178m'[38;2;26;80;233m,[38;2;32;182;255md[38;2;103;229;255m0[38;2;100;255;255mK[38;2;92;255;255mK[38;2;84;255;255mK[38;2;85;255;255mK[38;2;93;255;255mK[38;2;110;255;255mK[38;2;33;240;255mO[38;2;117;254;255mK[38;2;12;207;255md[38;2;7;71;240m'[38;2;10;50;162m.[38;2;51;100;154m;[38;2;8;42;67m.[38;2;7;27;46m [38;2;2;33;51m [38;2;2;35;47m [38;2;7;34;43m [38;2;43;50;83m.[38;2;66;84;113m,[38;2;7;44;48m.[38;2;9;46;64m.[38;2;9;37;43m.[38;2;31;43;41m.[38;2;32;58;56m.[38;2;20;51;57m.[38;2;9;43;55m.[38;2;6;44;53m.[38;2;9;36;40m [0m
[0m[38;2;21;48;55m.[38;2;10;46;63m.[38;2;10;29;32m [38;2;9;22;40m [38;2;12;44;86m.[38;2;5;35;102m.[38;2;78;151;240mo[38;2;3;77;250m'[38;2;117;255;255mK[38;2;97;240;255m0[38;2;82;217;255mO[38;2;82;187;255mx[38;2;102;210;255mO[38;2;76;168;252md[38;2;68;177;255md[38;2;53;161;253mo[38;2;2;96;237m,[38;2;15;77;210m'[38;2;12;47;146m.[38;2;5;30;83m [38;2;7;15;34m [38;2;21;43;60m.[38;2;11;29;38m [38;2;11;24;25m [38;2;12;26;24m [38;2;11;25;26m [38;2;13;23;22m [38;2;15;38;54m.[38;2;12;29;50m [38;2;6;15;14m [38;2;9;28;47m [38;2;19;35;81m.[38;2;33;48;80m.[38;2;112;119;141mc[38;2;178;200;219m0[38;2;89;97;114m;[38;2;4;7;25m [38;2;2;16;51m [38;2;1;9;34m [38;2;1;8;27m [38;2;6;21;85m [38;2;144;189;253mO[38;2;6;12;23m [38;2;4;12;41m [38;2;15;32;60m.[38;2;19;36;115m.[38;2;219;252;255mW[38;2;3;15;47m [38;2;15;42;128m.[38;2;15;52;165m.[38;2;41;99;226m;[38;2;1;64;225m.[38;2;11;132;251m:[38;2;30;172;255mo[38;2;60;187;255mx[38;2;50;217;255mk[38;2;70;233;255mO[38;2;114;255;255mK[38;2;33;240;255mO[38;2;124;246;255mK[38;2;19;204;255md[38;2;38;117;240m:[38;2;11;41;147m.[38;2;20;66;120m.[38;2;11;40;71m.[38;2;9;26;38m [38;2;5;34;52m [38;2;12;45;57m.[38;2;2;23;32m [38;2;39;56;84m.[38;2;62;86;123m,[38;2;10;45;48m.[38;2;11;38;41m.[38;2;31;48;43m.[38;2;32;55;53m.[38;2;10;42;50m.[38;2;9;45;59m.[38;2;7;45;53m.[38;2;5;44;50m.[38;2;8;38;47m.[0m
[0m[38;2;23;49;58m.[38;2;10;48;60m.[38;2;6;22;40m [38;2;8;25;48m [38;2;16;44;108m.[38;2;9;43;121m.[38;2;79;156;254mo[38;2;1;105;255m;[38;2;120;255;255mX[38;2;117;255;255mK[38;2;32;220;255mx[38;2;141;224;255m0[38;2;67;237;255mO[38;2;105;255;255mK[38;2;116;255;255mK[38;2;192;255;255mN[38;2;16;209;255md[38;2;19;132;255mc[38;2;26;82;212m,[38;2;28;64;146m.[38;2;28;60;113m.[38;2;24;66;96m.[38;2;27;47;66m.[38;2;29;44;56m.[38;2;20;33;36m.[38;2;20;29;35m [38;2;0;2;3m [38;2;10;43;77m.[38;2;13;43;90m.[38;2;7;20;38m [38;2;12;32;51m [38;2;8;37;64m.[38;2;12;47;89m.[38;2;0;0;14m [38;2;26;50;111m.[38;2;205;221;253mX[38;2;51;65;131m'[38;2;18;55;156m.[38;2;7;24;129m.[38;2;7;24;110m [38;2;21;47;189m.[38;2;139;209;255m0[38;2;3;6;55m [38;2;12;47;127m.[38;2;5;16;81m [38;2;14;50;163m.[38;2;207;249;255mN[38;2;0;2;4m [38;2;0;13;41m [38;2;1;19;55m [38;2;4;19;85m [38;2;4;15;98m [38;2;10;39;143m.[38;2;11;48;170m.[38;2;13;53;188m.[38;2;10;72;219m'[38;2;1;61;219m.[38;2;11;108;231m;[38;2;52;162;245mo[38;2;64;137;233ml[38;2;29;128;216m:[38;2;53;114;201m:[38;2;6;41;101m.[38;2;5;38;81m.[38;2;4;32;45m [38;2;1;4;3m [38;2;5;14;22m [38;2;6;28;30m [38;2;3;24;32m [38;2;39;68;102m.[38;2;71;92;116m;[38;2;4;12;13m [38;2;31;46;51m.[38;2;12;30;34m [38;2;9;36;51m.[38;2;9;36;48m.[38;2;11;47;53m.[38;2;5;39;45m.[38;2;5;40;47m.[38;2;14;43;54m.[0m
[0m[38;2;25;52;59m.[38;2;12;47;62m.[38;2;6;29;39m [38;2;7;30;52m [38;2;18;47;109m.[38;2;10;42;136m.[38;2;81;164;253md[38;2;0;130;255m:[38;2;120;255;255mX[38;2;123;255;255mX[38;2;44;208;255mx[38;2;68;224;255mO[38;2;113;255;255mK[38;2;97;255;255mK[38;2;121;255;255mX[38;2;177;255;255mN[38;2;23;227;255mk[38;2;25;143;255mc[38;2;11;71;230m'[38;2;11;57;159m.[38;2;12;53;110m.[38;2;6;39;86m.[38;2;12;44;85m.[38;2;71;141;170ml[38;2;66;127;155mc[38;2;77;133;185ml[38;2;21;37;49m.[38;2;59;106;139m;[38;2;27;55;92m.[38;2;36;72;99m'[38;2;23;51;79m.[38;2;22;58;99m.[38;2;28;59;108m.[38;2;17;32;78m.[38;2;3;18;114m [38;2;155;184;255mO[38;2;117;147;232md[38;2;13;97;242m;[38;2;4;91;227m,[38;2;10;75;238m'[38;2;30;107;246m:[38;2;160;220;255mK[38;2;4;22;183m.[38;2;10;71;217m'[38;2;7;30;147m.[38;2;5;36;175m.[38;2;210;244;255mN[38;2;0;4;31m [38;2;3;17;64m [38;2;14;35;88m.[38;2;10;36;69m.[38;2;6;18;65m [38;2;1;10;35m [38;2;1;7;36m [38;2;0;4;36m [38;2;4;12;53m [38;2;1;11;54m [38;2;1;18;57m [38;2;85;114;187mc[38;2;7;24;94m [38;2;14;26;59m [38;2;14;40;98m.[38;2;10;50;78m.[38;2;19;56;78m.[38;2;1;13;25m [38;2;0;9;0m [38;2;0;6;0m [38;2;0;5;0m [38;2;0;4;1m [38;2;68;86;117m,[38;2;45;58;75m.[38;2;14;32;35m [38;2;10;50;58m.[38;2;9;44;49m.[38;2;6;36;47m [38;2;10;37;44m.[38;2;8;37;41m [38;2;10;42;49m.[38;2;10;43;51m.[38;2;12;41;50m.[0m
[0m[38;2;18;56;58m.[38;2;17;49;67m.[38;2;5;26;37m [38;2;9;35;57m.[38;2;13;49;113m.[38;2;7;36;136m.[38;2;77;165;251md[38;2;1;141;255mc[38;2;127;255;255mX[38;2;90;247;255m0[38;2;67;207;255mk[38;2;80;239;255m0[38;2;100;255;255mK[38;2;106;255;255mK[38;2;120;255;255mX[38;2;183;255;255mN[38;2;28;223;255mk[38;2;45;191;255md[38;2;16;66;237m'[38;2;10;61;166m.[38;2;12;54;119m.[38;2;11;46;97m.[38;2;4;34;69m [38;2;57;101;118m;[38;2;68;141;173ml[38;2;78;153;182mo[38;2;20;34;50m.[38;2;89;158;177mo[38;2;21;40;77m.[38;2;59;111;140m:[38;2;22;48;93m.[38;2;10;44;95m.[38;2;19;58;125m.[38;2;22;72;174m'[38;2;5;53;215m.[38;2;126;201;255mO[38;2;111;237;255m0[38;2;135;239;255mK[38;2;94;245;255m0[38;2;86;217;255mO[38;2;4;205;255md[38;2;104;230;255m0[38;2;53;157;254mo[38;2;16;177;255mo[38;2;2;122;246m:[38;2;0;70;242m'[38;2;167;223;255mK[38;2;0;2;37m [38;2;10;36;112m.[38;2;18;51;116m.[38;2;10;36;70m.[38;2;10;31;69m.[38;2;22;35;46m.[38;2;103;127;136mc[38;2;98;118;123mc[38;2;90;118;127mc[38;2;81;101;109m;[38;2;43;62;63m.[38;2;86;109;121m:[38;2;35;50;62m.[38;2;43;51;59m.[38;2;26;31;34m.[38;2;3;11;14m [38;2;10;24;33m [38;2;0;13;9m [38;2;0;7;0m [38;2;0;5;0m [38;2;1;5;1m [38;2;0;4;0m [38;2;97;121;140mc[38;2;22;47;63m.[38;2;7;39;42m.[38;2;9;39;47m.[38;2;12;39;54m.[38;2;13;43;52m.[38;2;4;36;34m [38;2;11;40;44m.[38;2;9;45;56m.[38;2;11;44;49m.[38;2;9;41;49m.[0m
[0m[38;2;21;43;52m.[38;2;9;38;57m.[38;2;5;22;28m [38;2;9;29;52m [38;2;14;47;105m.[38;2;8;39;127m.[38;2;79;157;250mo[38;2;4;144;255mc[38;2;159;255;255mN[38;2;51;207;255mx[38;2;94;230;255m0[38;2;104;255;255mK[38;2;102;255;255mK[38;2;110;255;255mK[38;2;119;255;255mX[38;2;190;255;255mN[38;2;0;227;255mx[38;2;54;195;255mx[38;2;37;93;227m;[38;2;7;53;151m.[38;2;12;56;110m.[38;2;7;50;98m.[38;2;7;39;86m.[38;2;26;55;80m.[38;2;66;160;183mo[38;2;84;155;177mo[38;2;3;10;17m [38;2;88;166;189md[38;2;73;128;170mc[38;2;15;30;63m.[38;2;69;112;152m:[38;2;11;47;102m.[38;2;12;57;135m.[38;2;25;71;205m'[38;2;9;82;246m,[38;2;138;228;255mK[38;2;97;254;255mK[38;2;204;255;255mW[38;2;148;255;255mX[38;2;168;255;255mN[38;2;25;250;255mO[38;2;66;254;255m0[38;2;228;255;255mW[38;2;191;255;255mN[38;2;55;239;255mO[38;2;2;147;255mc[38;2;160;224;255mK[38;2;5;31;141m.[38;2;9;41;131m.[38;2;15;52;115m.[38;2;7;27;57m [38;2;19;42;68m.[38;2;7;20;41m [38;2;7;24;35m [38;2;5;12;12m [38;2;2;11;13m [38;2;8;32;40m [38;2;4;19;37m [38;2;86;110;131m:[38;2;5;18;30m [38;2;7;10;18m [38;2;149;166;181mx[38;2;14;23;31m [38;2;11;31;38m [38;2;0;6;3m [38;2;2;5;2m [38;2;0;5;0m [38;2;1;6;2m [38;2;0;0;0m [38;2;125;164;203mx[38;2;6;28;35m [38;2;3;5;5m [38;2;18;47;55m.[38;2;13;42;54m.[38;2;15;47;54m.[38;2;18;47;48m.[38;2;10;29;43m [38;2;19;50;54m.[38;2;9;37;42m.[38;2;8;46;49m.[0m
[0m[38;2;38;74;75m.[38;2;31;70;87m.[38;2;37;74;84m'[38;2;9;25;33m [38;2;15;46;89m.[38;2;8;34;95m.[38;2;83;151;210mo[38;2;9;66;197m'[38;2;76;162;224mo[38;2;27;128;246mc[38;2;129;209;255mO[38;2;76;192;249mx[38;2;71;224;255mO[38;2;72;219;255mk[38;2;88;229;255mO[38;2;142;238;255mK[38;2;17;198;255md[38;2;39;129;241mc[38;2;73;155;231mo[38;2;23;63;129m.[38;2;19;59;110m.[38;2;15;51;88m.[38;2;8;46;71m.[38;2;7;28;57m [38;2;66;132;149mc[38;2;90;160;176mo[38;2;5;8;21m [38;2;86;160;186mo[38;2;78;146;175ml[38;2;61;121;161m:[38;2;16;43;78m.[38;2;48;89;149m,[38;2;13;48;132m.[38;2;20;69;206m'[38;2;15;106;247m;[38;2;108;221;255mO[38;2;103;255;255mK[38;2;214;255;255mW[38;2;184;255;255mN[38;2;126;255;255mX[38;2;143;255;255mX[38;2;70;255;255m0[38;2;197;255;255mN[38;2;221;255;255mW[38;2;50;250;255mO[38;2;3;171;255ml[38;2;141;203;255mO[38;2;6;49;191m.[38;2;9;62;159m.[38;2;11;56;108m.[38;2;9;25;58m [38;2;41;76;102m'[38;2;18;52;82m.[38;2;42;85;93m'[38;2;58;110;130m;[38;2;41;72;73m.[38;2;10;24;36m [38;2;8;36;48m.[38;2;114;147;191mo[38;2;18;41;44m.[38;2;1;10;2m [38;2;88;117;151mc[38;2;24;39;64m.[38;2;6;42;38m.[38;2;0;3;1m [38;2;2;6;2m [38;2;0;5;0m [38;2;1;7;0m [38;2;42;49;68m.[38;2;84;119;142mc[38;2;7;44;49m.[38;2;1;11;10m [38;2;14;42;51m.[38;2;8;27;32m [38;2;15;38;45m.[38;2;7;30;36m [38;2;10;34;41m [38;2;17;47;48m.[38;2;28;52;57m.[38;2;24;56;55m.[0m
[0m[38;2;19;52;58m.[38;2;11;47;62m.[38;2;13;48;56m.[38;2;2;21;30m [38;2;13;48;78m.[38;2;7;30;72m [38;2;79;140;174ml[38;2;0;13;54m [38;2;11;43;116m.[38;2;21;49;158m.[38;2;191;233;255mX[38;2;6;18;134m [38;2;5;55;192m.[38;2;49;123;240mc[38;2;16;77;202m'[38;2;10;71;205m'[38;2;55;132;232mc[38;2;8;26;106m.[38;2;34;82;145m'[38;2;36;81;116m'[38;2;39;80;114m'[38;2;35;75;114m'[38;2;35;76;101m'[38;2;30;70;94m.[38;2;39;82;103m'[38;2;47;92;103m,[38;2;52;93;119m,[38;2;38;57;71m.[38;2;58;114;127m:[38;2;56;110;133m;[38;2;45;86;120m,[38;2;26;62;109m.[38;2;37;79;152m'[38;2;32;81;202m,[38;2;21;100;236m;[38;2;111;215;255mO[38;2;95;252;255mK[38;2;176;255;255mN[38;2;220;255;255mW[38;2;62;255;255m0[38;2;101;252;255mK[38;2;142;255;255mX[38;2;179;255;255mN[38;2;218;255;255mW[38;2;48;253;255m0[38;2;3;177;255mo[38;2;133;200;255mO[38;2;3;47;172m.[38;2;8;60;152m.[38;2;8;62;110m.[38;2;4;25;65m [38;2;98;152;186mo[38;2;16;48;68m.[38;2;10;29;55m [38;2;57;123;136m:[38;2;63;109;112m;[38;2;11;26;27m [38;2;1;22;39m [38;2;109;145;193mo[38;2;23;51;50m.[38;2;0;6;6m [38;2;87;118;166mc[38;2;24;51;61m.[38;2;49;100;97m,[38;2;1;4;0m [38;2;2;5;0m [38;2;0;5;2m [38;2;1;1;0m [38;2;135;166;188mx[38;2;17;42;48m.[38;2;11;44;52m.[38;2;0;13;10m [38;2;5;34;46m [38;2;34;79;89m'[38;2;20;55;90m.[38;2;27;62;87m.[38;2;8;30;33m [38;2;92;98;95m;[38;2;42;63;62m.[38;2;28;71;71m.[0m
[0m[38;2;17;49;50m.[38;2;10;47;58m.[38;2;12;49;54m.[38;2;1;28;33m [38;2;12;49;68m.[38;2;7;29;57m [38;2;84;152;177mo[38;2;10;29;49m [38;2;10;47;81m.[38;2;7;15;70m [38;2;185;212;249mK[38;2;24;42;70m.[38;2;4;42;94m.[38;2;17;61;117m.[38;2;72;127;178mc[38;2;5;24;79m [38;2;62;123;169m:[38;2;3;8;37m [38;2;19;49;96m.[38;2;10;47;80m.[38;2;10;50;82m.[38;2;9;47;75m.[38;2;10;47;70m.[38;2;11;46;71m.[38;2;11;48;71m.[38;2;5;42;66m.[38;2;43;92;110m,[38;2;20;27;39m [38;2;18;43;67m.[38;2;11;42;71m.[38;2;9;40;84m.[38;2;16;54;96m.[38;2;14;66;126m.[38;2;18;66;148m.[38;2;37;72;190m'[38;2;150;194;240mO[38;2;153;232;250mK[38;2;154;242;249mX[38;2;191;233;255mX[38;2;181;243;255mN[38;2;146;223;255mK[38;2;178;253;255mN[38;2;160;251;255mX[38;2;187;252;255mN[38;2;114;225;255m0[38;2;26;95;220m;[38;2;141;182;249mk[38;2;19;62;147m.[38;2;33;73;135m'[38;2;35;81;123m'[38;2;18;38;67m.[38;2;72;125;133m:[38;2;61;112;133m:[38;2;16;38;62m.[38;2;12;43;56m.[38;2;41;78;81m'[38;2;6;24;32m [38;2;26;41;57m.[38;2;104;134;146ml[38;2;6;36;40m [38;2;0;2;3m [38;2;97;134;172ml[38;2;4;22;28m [38;2;22;56;56m.[38;2;1;4;0m [38;2;2;3;3m [38;2;0;5;1m [38;2;35;45;57m.[38;2;106;137;155ml[38;2;5;38;43m [38;2;13;46;61m.[38;2;1;14;15m [38;2;11;35;35m [38;2;27;46;46m.[38;2;19;30;37m [38;2;61;105;109m;[38;2;1;25;29m [38;2;129;147;142mo[38;2;55;89;80m,[38;2;24;68;71m.[0m
[0m[38;2;21;50;51m.[38;2;10;47;56m.[38;2;8;51;55m.[38;2;3;17;25m [38;2;14;49;64m.[38;2;0;29;50m [38;2;81;139;155ml[38;2;5;27;31m [38;2;8;47;71m.[38;2;6;19;46m [38;2;95;128;198ml[38;2;120;139;144mo[38;2;3;26;50m [38;2;6;40;70m.[38;2;39;82;118m'[38;2;43;100;123m,[38;2;59;115;139m:[38;2;5;12;24m [38;2;9;48;79m.[38;2;8;50;74m.[38;2;8;47;76m.[38;2;8;47;61m.[38;2;8;48;66m.[38;2;7;48;66m.[38;2;9;49;69m.[38;2;10;47;72m.[38;2;16;55;79m.[38;2;11;27;36m [38;2;16;50;76m.[38;2;16;46;75m.[38;2;9;50;76m.[38;2;4;34;72m.[38;2;47;60;78m.[38;2;128;123;113ml[38;2;213;198;150m0[38;2;215;187;127mO[38;2;140;112;112mc[38;2;202;173;159mO[38;2;202;167;164mk[38;2;190;176;184mO[38;2;215;178;196mO[38;2;165;131;174md[38;2;215;185;200m0[38;2;255;250;224mW[38;2;255;241;199mW[38;2;225;201;155m0[38;2;161;145;134md[38;2;100;81;99m;[38;2;77;92;104m;[38;2;40;51;67m.[38;2;40;83;110m'[38;2;16;26;38m [38;2;27;63;84m.[38;2;30;62;76m.[38;2;27;62;73m.[38;2;50;87;92m,[38;2;6;15;28m [38;2;108;118;133mc[38;2;52;77;97m'[38;2;39;78;86m'[38;2;5;7;14m [38;2;109;149;166mo[38;2;24;44;55m.[38;2;34;74;73m.[38;2;3;12;9m [38;2;0;2;1m [38;2;1;5;7m [38;2;130;153;169md[38;2;11;19;17m [38;2;14;53;70m.[38;2;9;50;60m.[38;2;4;15;19m [38;2;6;29;32m [38;2;59;80;66m'[38;2;56;70;64m'[38;2;26;34;28m.[38;2;0;1;0m [38;2;134;142;141mo[38;2;32;54;51m.[38;2;25;57;57m.[0m
[0m[38;2;21;43;42m.[38;2;6;40;45m.[38;2;9;43;53m.[38;2;1;14;16m [38;2;10;40;50m.[38;2;48;91;124m,[38;2;56;108;107m;[38;2;4;10;14m [38;2;4;32;35m [38;2;5;23;24m [38;2;27;41;82m.[38;2;154;190;227mO[38;2;18;34;48m.[38;2;5;27;43m [38;2;1;26;31m [38;2;39;87;97m'[38;2;43;89;89m'[38;2;0;7;16m [38;2;9;34;39m [38;2;5;33;42m [38;2;5;36;46m [38;2;5;35;40m [38;2;4;33;44m [38;2;4;36;46m [38;2;7;33;48m [38;2;8;34;55m [38;2;8;38;49m.[38;2;5;16;21m [38;2;9;33;46m [38;2;12;33;49m [38;2;8;18;30m [38;2;113;102;85m:[38;2;197;160;95mx[38;2;197;149;76md[38;2;146;111;55mc[38;2;160;136;104mo[38;2;65;56;40m.[38;2;59;55;77m.[38;2;143;125;123ml[38;2;158;130;94mo[38;2;185;154;85md[38;2;100;69;84m,[38;2;175;140;109md[38;2;227;185;105mO[38;2;255;241;147mN[38;2;255;232;123mN[38;2;255;241;120mN[38;2;242;205;92mK[38;2;238;196;113m0[38;2;198;159;85mx[38;2;167;145;81mo[38;2;110;105;74m:[38;2;67;73;66m'[38;2;13;30;41m [38;2;10;28;39m [38;2;13;38;44m.[38;2;0;6;8m [38;2;142;170;187mx[38;2;7;16;26m [38;2;13;33;35m [38;2;64;80;108m,[38;2;63;90;101m,[38;2;8;21;24m [38;2;16;49;66m.[38;2;3;15;15m [38;2;0;1;1m [38;2;94;116;137mc[38;2;47;61;61m.[38;2;8;16;15m [38;2;15;59;74m.[38;2;9;50;57m.[38;2;4;17;17m [38;2;13;38;46m.[38;2;29;52;52m.[38;2;35;46;48m.[38;2;10;29;30m [38;2;8;20;18m [38;2;83;99;98m;[38;2;21;47;51m.[38;2;25;55;56m.[0m
[0m[38;2;21;52;50m.[38;2;10;45;54m.[38;2;9;33;30m [38;2;3;18;24m [38;2;9;35;45m [38;2;62;114;130m:[38;2;47;107;119m;[38;2;2;10;13m [38;2;1;6;7m [38;2;4;19;22m [38;2;5;13;16m [38;2;50;85;170m,[38;2;118;153;185md[38;2;26;31;28m.[38;2;0;2;0m [38;2;0;5;9m [38;2;2;3;3m [38;2;4;24;39m [38;2;6;25;49m [38;2;2;10;22m [38;2;15;28;31m [38;2;49;52;51m.[38;2;47;51;53m.[38;2;47;51;52m.[38;2;49;51;57m.[38;2;53;54;60m.[38;2;57;58;66m.[38;2;54;59;67m.[38;2;49;50;61m.[38;2;49;51;63m.[38;2;44;58;63m.[38;2;5;9;19m [38;2;9;9;14m [38;2;13;7;5m [38;2;30;51;108m.[38;2;172;219;247mK[38;2;26;22;19m [38;2;136;113;96mc[38;2;198;161;96mx[38;2;165;118;60ml[38;2;152;127;64ml[38;2;178;133;88mo[38;2;129;90;41m;[38;2;140;93;36m:[38;2;223;173;80mk[38;2;255;236;118mN[38;2;255;239;114mN[38;2;247;216;89mK[38;2;255;242;111mN[38;2;238;210;90mK[38;2;235;199;84m0[38;2;240;196;99m0[38;2;246;215;99mK[38;2;211;199;87mO[38;2;181;163;74mx[38;2;138;128;61ml[38;2;30;20;7m [38;2;110;146;159mo[38;2;22;23;32m [38;2;24;31;33m [38;2;127;153;180md[38;2;53;61;63m.[38;2;53;56;58m.[38;2;23;36;32m.[38;2;0;2;1m [38;2;43;55;66m.[38;2;95;123;144mc[38;2;0;1;0m [38;2;12;22;19m [38;2;13;55;71m.[38;2;8;44;51m.[38;2;7;21;21m [38;2;12;39;42m.[38;2;7;32;36m [38;2;9;30;31m [38;2;18;45;57m.[38;2;7;33;40m [38;2;79;132;141mc[38;2;14;54;62m.[38;2;19;45;56m.[0m
[0m[38;2;19;50;52m.[38;2;8;48;54m.[38;2;5;39;34m [38;2;11;17;19m [38;2;10;34;52m.[38;2;67;123;131m:[38;2;44;97;111m,[38;2;3;14;18m [38;2;1;7;16m [38;2;15;48;58m.[38;2;4;23;35m [38;2;7;25;37m [38;2;50;87;147m,[38;2;137;168;205mx[38;2;61;67;72m'[38;2;0;1;4m [38;2;0;6;2m [38;2;13;55;103m.[38;2;14;55;107m.[38;2;5;17;30m [38;2;86;116;143mc[38;2;151;193;221mO[38;2;146;191;198mk[38;2;142;190;205mk[38;2;154;195;209mO[38;2;144;186;205mk[38;2;134;178;194mx[38;2;120;151;173mo[38;2;106;124;140mc[38;2;97;126;143mc[38;2;103;144;165mo[38;2;106;132;150ml[38;2;86;106;131m:[38;2;36;70;112m'[38;2;46;83;157m,[38;2;67;117;182m:[38;2;84;98;141m:[38;2;134;105;70m:[38;2;173;130;52mo[38;2;180;139;61mo[38;2;67;48;18m.[38;2;85;83;78m,[38;2;95;109;98m:[38;2;87;96;108m;[38;2;169;148;90md[38;2;171;115;37ml[38;2;216;144;45md[38;2;245;216;105mK[38;2;255;235;104mX[38;2;255;232;85mX[38;2;255;234;91mX[38;2;255;240;105mN[38;2;230;164;60mk[38;2;251;229;104mX[38;2;255;233;83mX[38;2;255;242;93mN[38;2;227;191;78mO[38;2;206;184;82mk[38;2;198;187;114mO[38;2;126;124;108ml[38;2;125;153;209md[38;2;57;61;110m'[38;2;47;61;131m'[38;2;55;79;159m,[38;2;89;116;144mc[38;2;122;154;190md[38;2;5;9;12m [38;2;1;6;6m [38;2;12;24;25m [38;2;13;55;65m.[38;2;9;45;50m.[38;2;8;20;20m [38;2;14;50;52m.[38;2;17;51;67m.[38;2;0;1;0m [38;2;13;48;55m.[38;2;7;33;42m [38;2;85;139;138ml[38;2;8;34;43m [38;2;14;42;50m.[0m
[0m[38;2;21;48;54m.[38;2;8;46;54m.[38;2;6;35;36m [38;2;8;21;22m [38;2;6;32;39m [38;2;64;127;145m:[38;2;39;91;97m,[38;2;4;16;17m [38;2;1;15;19m [38;2;5;21;26m [38;2;7;39;61m.[38;2;2;31;41m [38;2;4;4;9m [38;2;29;64;124m.[38;2;127;166;230mx[38;2;119;134;147ml[38;2;32;37;54m.[38;2;5;43;105m.[38;2;14;51;144m.[38;2;11;31;108m.[38;2;8;22;95m [38;2;18;57;162m.[38;2;11;40;138m.[38;2;12;34;145m.[38;2;11;41;151m.[38;2;10;34;151m.[38;2;12;35;137m.[38;2;11;47;122m.[38;2;16;48;100m.[38;2;11;38;74m.[38;2;16;43;62m.[38;2;11;40;53m.[38;2;4;19;33m [38;2;0;0;0m [38;2;60;82;131m,[38;2;91;113;116m:[38;2;85;95;105m;[38;2;50;71;137m'[38;2;62;82;148m,[38;2;17;31;34m [38;2;17;44;51m.[38;2;3;10;18m [38;2;38;39;38m.[38;2;181;158;110mx[38;2;238;171;56mk[38;2;105;53;14m'[38;2;235;177;61mO[38;2;255;248;107mN[38;2;255;231;90mX[38;2;255;232;88mX[38;2;255;232;88mX[38;2;255;231;89mX[38;2;251;228;97mX[38;2;250;189;60m0[38;2;255;236;90mX[38;2;255;231;85mX[38;2;255;233;88mX[38;2;255;234;97mX[38;2;255;237;90mX[38;2;255;236;135mN[38;2;174;158;146mx[38;2;94;119;222ml[38;2;93;160;250md[38;2;102;169;250mx[38;2;44;171;253mo[38;2;84;122;198mc[38;2;0;4;28m [38;2;0;6;22m [38;2;11;26;26m [38;2;15;59;74m.[38;2;9;42;49m.[38;2;13;23;20m [38;2;10;54;61m.[38;2;17;52;57m.[38;2;0;0;0m [38;2;15;49;52m.[38;2;34;63;76m.[38;2;51;94;107m,[38;2;8;40;42m.[38;2;15;41;47m.[0m
[0m[38;2;23;50;52m.[38;2;10;46;57m.[38;2;10;41;45m.[38;2;7;17;18m [38;2;6;32;50m [38;2;78;144;157ml[38;2;40;88;84m'[38;2;1;11;19m [38;2;9;43;61m.[38;2;12;41;60m.[38;2;5;45;72m.[38;2;5;32;52m [38;2;3;12;25m [38;2;2;9;30m [38;2;11;28;64m [38;2;57;88;185m;[38;2;127;173;241mx[38;2;109;153;195mo[38;2;74;106;195m:[38;2;35;67;217m'[38;2;12;102;242m;[38;2;11;137;248mc[38;2;7;147;253mc[38;2;26;156;254ml[38;2;34;171;254mo[38;2;47;157;251mo[38;2;15;130;247m:[38;2;23;105;228m;[38;2;17;65;174m.[38;2;12;49;116m.[38;2;19;47;82m.[38;2;30;63;94m.[38;2;30;53;81m.[38;2;38;59;87m.[38;2;61;103;157m;[38;2;156;171;174mx[38;2;57;72;76m'[38;2;18;39;48m.[38;2;86;119;205mc[38;2;26;49;79m.[38;2;18;52;59m.[38;2;27;44;57m.[38;2;209;177;105mk[38;2;201;124;24mo[38;2;183;122;37ml[38;2;47;29;20m.[38;2;231;193;79m0[38;2;255;246;100mN[38;2;255;231;84mX[38;2;255;233;85mX[38;2;255;233;88mX[38;2;255;232;87mX[38;2;255;236;90mX[38;2;241;185;59mO[38;2;248;219;91mK[38;2;255;232;83mX[38;2;255;231;87mX[38;2;255;231;93mX[38;2;255;233;99mX[38;2;255;235;115mN[38;2;255;236;171mN[38;2;255;248;248mM[38;2;238;253;255mW[38;2;160;255;255mN[38;2;47;168;246mo[38;2;96;157;253md[38;2;7;8;53m [38;2;0;11;21m [38;2;10;28;29m [38;2;12;55;65m.[38;2;9;39;48m.[38;2;11;29;24m [38;2;10;50;62m.[38;2;21;47;58m.[38;2;0;1;1m [38;2;9;42;48m.[38;2;72;117;125m:[38;2;12;42;48m.[38;2;10;46;53m.[38;2;15;48;54m.[0m
[0m[38;2;18;42;50m.[38;2;31;75;88m.[38;2;48;99;98m,[38;2;4;17;18m [38;2;5;34;46m [38;2;75;140;149ml[38;2;38;86;95m'[38;2;11;19;26m [38;2;42;87;101m'[38;2;43;80;96m'[38;2;43;86;107m,[38;2;46;109;131m;[38;2;37;77;111m'[38;2;24;60;122m.[38;2;27;68;172m'[38;2;24;80;219m,[38;2;4;148;252mc[38;2;115;225;255m0[38;2;115;241;255mK[38;2;91;220;255mO[38;2;75;230;255mO[38;2;79;246;255m0[38;2;108;249;255mK[38;2;125;252;255mK[38;2;158;254;255mX[38;2;181;254;255mN[38;2;120;242;255mK[38;2;96;183;255mx[38;2;117;153;228md[38;2;115;140;200mo[38;2;124;142;171mo[38;2;108;142;175mo[38;2;57;105;147m;[38;2;42;76;99m'[38;2;67;117;186m:[38;2;131;142;145mo[38;2;3;20;23m [38;2;5;32;40m [38;2;76;92;136m;[38;2;54;85;136m,[38;2;38;88;103m'[38;2;118;101;71m:[38;2;240;148;27mx[38;2;225;151;41mx[38;2;74;48;15m.[38;2;66;50;50m.[38;2;255;242;116mN[38;2;255;235;88mX[38;2;255;232;87mX[38;2;255;230;88mX[38;2;255;232;91mX[38;2;255;232;88mX[38;2;255;232;87mX[38;2;255;237;93mX[38;2;233;172;61mk[38;2;255;234;95mX[38;2;255;231;91mX[38;2;255;232;89mX[38;2;255;230;102mX[38;2;255;231;106mX[38;2;255;233;120mN[38;2;255;234;145mN[38;2;251;245;190mW[38;2;168;206;195m0[38;2;0;14;101m [38;2;66;100;158m;[38;2;32;50;73m.[38;2;0;5;5m [38;2;12;29;32m [38;2;18;53;66m.[38;2;11;33;47m [38;2;10;29;26m [38;2;12;48;55m.[38;2;19;46;54m.[38;2;0;4;1m [38;2;27;56;58m.[38;2;59;102;107m;[38;2;6;30;35m [38;2;19;46;51m.[38;2;10;46;50m.[0m
[0m[38;2;41;70;81m.[38;2;80;162;173mo[38;2;18;48;38m.[38;2;4;20;23m [38;2;3;34;50m [38;2;80;145;157ml[38;2;35;82;83m'[38;2;24;42;63m.[38;2;80;165;190mo[38;2;67;142;169ml[38;2;62;134;165mc[38;2;60;146;170ml[38;2;68;152;184ml[38;2;12;58;131m.[38;2;14;64;211m'[38;2;12;101;254m;[38;2;0;221;255mx[38;2;189;255;255mN[38;2;154;255;255mX[38;2;157;255;255mX[38;2;118;254;255mK[38;2;104;250;255mK[38;2;94;247;255m0[38;2;89;248;255m0[38;2;108;247;255mK[38;2;118;246;255mK[38;2;61;216;255mk[38;2;19;141;255mc[38;2;12;72;230m'[38;2;2;47;152m.[38;2;15;56;112m.[38;2;63;150;180ml[38;2;56;119;141m:[38;2;33;83;97m'[38;2;71;113;168m:[38;2;113;122;125mc[38;2;5;22;33m [38;2;7;39;50m.[38;2;61;84;109m,[38;2;60;112;157m:[38;2;0;4;10m [38;2;81;77;49m'[38;2;127;119;68mc[38;2;35;53;64m.[38;2;77;70;48m'[38;2;220;201;99m0[38;2;255;239;93mN[38;2;255;230;84mX[38;2;255;232;85mX[38;2;255;233;87mX[38;2;255;233;84mX[38;2;255;230;84mX[38;2;255;231;85mX[38;2;255;231;86mX[38;2;255;231;91mX[38;2;255;231;90mX[38;2;255;230;90mX[38;2;255;232;86mX[38;2;255;232;91mX[38;2;255;230;93mX[38;2;255;228;102mX[38;2;255;230;90mX[38;2;255;229;103mX[38;2;255;247;135mN[38;2;103;88;47m;[38;2;59;93;110m,[38;2;32;53;62m.[38;2;0;6;2m [38;2;14;33;30m [38;2;11;48;62m.[38;2;13;33;38m [38;2;16;32;36m [38;2;4;39;42m [38;2;18;48;57m.[38;2;0;2;2m [38;2;83;129;136mc[38;2;14;44;51m.[38;2;14;45;49m.[38;2;22;41;42m.[38;2;17;42;51m.[0m
[0m[38;2;83;143;140ml[38;2;22;68;76m.[38;2;3;17;15m [38;2;6;20;26m [38;2;4;36;55m [38;2;78;146;167ml[38;2;39;84;82m'[38;2;23;40;58m.[38;2;77;157;178mo[38;2;62;129;169mc[38;2;59;134;163mc[38;2;55;136;165mc[38;2;67;143;179ml[38;2;62;131;191mc[38;2;17;69;210m'[38;2;8;94;255m,[38;2;0;220;255mx[38;2;161;255;255mN[38;2;128;255;255mX[38;2;133;255;255mX[38;2;131;255;255mX[38;2;141;255;255mX[38;2;160;255;255mN[38;2;170;255;255mN[38;2;168;255;255mN[38;2;187;255;255mN[38;2;84;250;255m0[38;2;11;169;255ml[38;2;12;84;241m,[38;2;3;46;158m.[38;2;77;88;114m;[38;2;155;165;149mx[38;2;166;122;61ml[38;2;208;209;118m0[38;2;207;197;93mO[38;2;206;184;94mO[38;2;149;142;69mo[38;2;106;108;61m:[38;2;119;112;98mc[38;2;121;123;123ml[38;2;97;70;45m,[38;2;103;104;59m:[38;2;130;134;91ml[38;2;179;165;84mx[38;2;255;239;107mN[38;2;255;236;102mN[38;2;255;229;85mX[38;2;255;228;83mX[38;2;255;230;84mX[38;2;255;231;85mX[38;2;255;230;83mX[38;2;255;229;82mX[38;2;255;228;83mX[38;2;255;229;85mX[38;2;255;230;83mX[38;2;255;232;84mX[38;2;255;230;84mX[38;2;255;229;84mX[38;2;255;230;84mX[38;2;255;230;87mX[38;2;255;227;90mX[38;2;255;228;85mX[38;2;255;227;85mX[38;2;255;235;83mX[38;2;235;213;88mK[38;2;126;126;114ml[38;2;9;15;25m [38;2;0;7;4m [38;2;15;30;34m [38;2;13;49;62m.[38;2;12;37;46m.[38;2;20;31;34m [38;2;8;33;38m [38;2;11;48;58m.[38;2;21;31;27m [38;2;55;102;102m;[38;2;14;45;51m.[38;2;20;48;54m.[38;2;22;41;47m.[38;2;18;42;46m.[0m
[0m[38;2;33;70;62m.[38;2;7;42;55m.[38;2;6;24;25m [38;2;8;17;24m [38;2;4;34;52m [38;2;75;145;166ml[38;2;33;75;71m.[38;2;23;39;54m.[38;2;75;159;165mo[38;2;59;135;169mc[38;2;58;134;165mc[38;2;59;132;168mc[38;2;61;136;171mc[38;2;58;126;177mc[38;2;58;118;221mc[38;2;17;84;249m,[38;2;5;182;255mo[38;2;155;255;255mX[38;2;129;255;255mX[38;2;123;255;255mX[38;2;127;255;255mX[38;2;130;255;255mX[38;2;121;254;255mK[38;2;114;251;255mK[38;2;119;252;255mK[38;2;116;248;255mK[38;2;43;219;255mk[38;2;4;99;248m;[38;2;15;63;223m'[38;2;11;40;119m.[38;2;202;188;158mO[38;2;220;179;93mO[38;2;155;117;48mc[38;2;205;176;85mk[38;2;221;176;78mk[38;2;181;140;56mo[38;2;240;223;96mK[38;2;255;248;109mN[38;2;255;250;117mN[38;2;255;247;114mN[38;2;255;248;104mN[38;2;255;236;90mX[38;2;255;235;88mX[38;2;255;229;85mX[38;2;255;229;85mX[38;2;255;231;84mX[38;2;255;230;82mX[38;2;255;228;81mX[38;2;255;229;82mX[38;2;255;229;81mX[38;2;255;229;81mX[38;2;255;228;82mX[38;2;255;229;85mX[38;2;255;227;78mX[38;2;255;226;81mX[38;2;255;227;78mX[38;2;255;226;81mX[38;2;255;227;84mX[38;2;255;227;86mX[38;2;255;229;87mX[38;2;255;227;82mX[38;2;255;228;82mX[38;2;255;227;79mX[38;2;255;229;82mX[38;2;255;243;84mN[38;2;210;182;94mO[38;2;34;26;18m [38;2;7;13;9m [38;2;54;73;72m'[38;2;29;55;71m.[38;2;6;24;28m [38;2;16;28;32m [38;2;17;39;42m.[38;2;14;45;58m.[38;2;16;26;23m [38;2;11;43;47m.[38;2;11;40;47m.[38;2;14;40;41m.[38;2;23;41;49m.[38;2;6;33;37m [0m
[0m[38;2;20;47;47m.[38;2;5;49;62m.[38;2;6;29;22m [38;2;8;15;20m [38;2;8;34;46m [38;2;76;143;161ml[38;2;28;65;57m.[38;2;18;31;45m [38;2;53;114;125m;[38;2;42;92;109m,[38;2;40;91;116m,[38;2;45;93;116m,[38;2;48;95;122m,[38;2;60;111;146m:[38;2;42;86;165m,[38;2;36;90;209m;[38;2;35;116;249m:[38;2;24;126;235m:[38;2;25;160;255ml[38;2;8;161;255ml[38;2;6;168;255ml[38;2;9;160;253ml[38;2;5;159;254ml[38;2;6;152;251mc[38;2;11;132;248m:[38;2;11;106;241m;[38;2;39;128;237mc[38;2;5;29;163m.[38;2;14;66;159m.[38;2;5;46;104m.[38;2;38;54;85m.[38;2;76;77;76m,[38;2;43;43;41m.[38;2;117;89;42m;[38;2;159;121;79ml[38;2;108;73;32m,[38;2;181;128;45mo[38;2;195;150;58md[38;2;197;155;54md[38;2;191;141;49md[38;2;206;143;41md[38;2;183;146;58md[38;2;255;235;103mX[38;2;255;240;99mN[38;2;255;230;99mX[38;2;255;229;91mX[38;2;255;229;89mX[38;2;255;229;82mX[38;2;255;228;82mX[38;2;255;230;82mX[38;2;255;228;84mX[38;2;255;227;88mX[38;2;255;227;83mX[38;2;255;224;79mX[38;2;255;223;82mX[38;2;255;227;80mX[38;2;255;226;83mX[38;2;255;225;82mX[38;2;255;225;84mX[38;2;255;227;80mX[38;2;255;227;81mX[38;2;255;228;80mX[38;2;255;226;81mX[38;2;255;236;85mX[38;2;230;211;87m0[38;2;178;160;85mx[38;2;122;128;113ml[38;2;99;148;150mo[38;2;139;179;176mx[38;2;126;166;179md[38;2;101;135;140ml[38;2;52;79;86m'[38;2;62;76;82m'[38;2;107;116;115mc[38;2;133;146;153mo[38;2;105;114;115mc[38;2;99;113;116m:[38;2;59;71;73m'[38;2;32;50;49m.[38;2;25;45;52m.[0m
[0m[38;2;20;39;40m.[38;2;11;42;54m.[38;2;6;31;29m [38;2;8;36;46m [38;2;5;27;43m [38;2;66;130;153mc[38;2;43;89;86m'[38;2;1;5;10m [38;2;7;32;45m [38;2;6;34;51m [38;2;9;50;65m.[38;2;22;54;85m.[38;2;20;62;93m.[38;2;27;69;105m.[38;2;25;63;107m.[38;2;38;84;146m,[38;2;75;166;218mo[38;2;4;16;115m [38;2;17;70;188m'[38;2;10;66;191m.[38;2;2;72;191m'[38;2;12;64;188m.[38;2;12;67;186m'[38;2;5;63;169m.[38;2;9;60;163m.[38;2;5;57;140m.[38;2;17;61;147m.[38;2;18;48;91m.[38;2;12;52;105m.[38;2;8;48;88m.[38;2;10;46;90m.[38;2;8;49;71m.[38;2;7;48;63m.[38;2;2;21;36m [38;2;106;135;182ml[38;2;105;112;114m:[38;2;36;29;17m.[38;2;71;67;40m'[38;2;118;131;121ml[38;2;108;86;55m;[38;2;124;86;21m;[38;2;84;66;41m'[38;2;204;157;85mx[38;2;200;149;52md[38;2;232;206;91m0[38;2;255;233;117mN[38;2;255;235;113mN[38;2;255;229;99mX[38;2;255;231;99mX[38;2;255;229;102mX[38;2;255;230;95mX[38;2;255;226;97mX[38;2;255;228;93mX[38;2;255;228;88mX[38;2;255;228;89mX[38;2;255;227;88mX[38;2;255;227;85mX[38;2;255;226;87mX[38;2;255;222;82mX[38;2;255;223;79mX[38;2;255;225;82mX[38;2;255;237;84mX[38;2;196;176;68mk[38;2;135;127;81ml[38;2;112;132;123ml[38;2;106;146;161mo[38;2;100;156;167mo[38;2;110;158;168mo[38;2;89;131;140mc[38;2;129;155;159md[38;2;159;185;186mk[38;2;198;214;217mK[38;2;236;252;252mW[38;2;234;250;251mW[38;2;229;250;252mW[38;2;228;250;251mW[38;2;233;250;252mW[38;2;238;251;254mW[38;2;219;237;237mN[38;2;190;202;203m0[0m
[0m[38;2;23;46;50m.[38;2;9;47;68m.[38;2;7;43;52m.[38;2;4;44;56m.[38;2;4;25;39m [38;2;64;113;147m:[38;2;53;97;96m,[38;2;2;11;18m [38;2;5;46;61m.[38;2;3;44;61m.[38;2;3;44;63m.[38;2;3;43;66m.[38;2;5;44;68m.[38;2;8;44;69m.[38;2;8;45;71m.[38;2;4;34;69m [38;2;45;102;152m;[38;2;4;12;39m [38;2;7;49;100m.[38;2;13;49;104m.[38;2;7;54;102m.[38;2;8;50;107m.[38;2;9;49;106m.[38;2;7;51;94m.[38;2;12;48;101m.[38;2;11;49;101m.[38;2;9;48;82m.[38;2;45;69;87m.[38;2;13;50;69m.[38;2;5;36;56m.[38;2;5;31;46m [38;2;5;27;39m [38;2;3;20;20m [38;2;2;7;9m [38;2;106;153;188mo[38;2;128;131;133ml[38;2;4;10;9m [38;2;26;44;63m.[38;2;112;181;252mk[38;2;10;16;43m [38;2;14;52;51m.[38;2;4;16;21m [38;2;60;53;40m.[38;2;133;111;55mc[38;2;178;132;69mo[38;2;193;152;80md[38;2;198;160;90mx[38;2;209;176;106mk[38;2;218;194;101mO[38;2;238;213;122mK[38;2;246;216;108mK[38;2;248;216;100mK[38;2;248;224;101mX[38;2;243;212;101mK[38;2;240;202;86m0[38;2;228;193;75mO[38;2;222;181;63mk[38;2;228;196;70mO[38;2;245;208;75mK[38;2;255;230;90mX[38;2;255;236;79mX[38;2;218;185;59mO[38;2;91;88;97m;[38;2;93;145;155ml[38;2;105;147;152mo[38;2;105;141;145ml[38;2;107;145;148mo[38;2;105;138;137ml[38;2;180;200;202m0[38;2;237;250;253mW[38;2;226;249;250mW[38;2;222;246;248mW[38;2;223;246;249mW[38;2;225;247;248mW[38;2;222;246;250mW[38;2;222;245;250mW[38;2;222;246;248mW[38;2;222;245;251mW[38;2;222;246;250mW[38;2;224;246;249mW[0m
[0m[38;2;19;47;51m.[38;2;5;46;57m.[38;2;4;43;56m.[38;2;3;44;54m.[38;2;5;28;44m [38;2;60;108;149m;[38;2;49;108;107m;[38;2;0;4;12m [38;2;5;44;61m.[38;2;5;43;56m.[38;2;5;43;59m.[38;2;2;43;58m.[38;2;5;44;61m.[38;2;4;44;62m.[38;2;5;45;63m.[38;2;3;43;62m.[38;2;6;42;64m.[38;2;3;18;38m [38;2;7;54;74m.[38;2;12;46;72m.[38;2;9;41;66m.[38;2;5;37;64m.[38;2;2;33;55m [38;2;3;30;42m [38;2;4;27;43m [38;2;4;20;35m [38;2;3;17;26m [38;2;8;20;33m [38;2;7;28;30m [38;2;0;7;10m [38;2;11;27;31m [38;2;8;29;35m [38;2;3;19;24m [38;2;0;0;0m [38;2;89;140;177ml[38;2;129;142;141mo[38;2;2;11;12m [38;2;50;81;120m,[38;2;95;148;225mo[38;2;4;12;17m [38;2;25;66;70m.[38;2;0;22;35m [38;2;0;3;14m [38;2;0;9;27m [38;2;55;51;112m.[38;2;131;156;188md[38;2;113;152;202md[38;2;117;179;214mx[38;2;133;155;208md[38;2;174;155;193mx[38;2;188;145;158mx[38;2;176;140;120md[38;2;176;134;89mo[38;2;175;139;80mo[38;2;183;133;51mo[38;2;173;124;51ml[38;2;164;112;42mc[38;2;161;112;40mc[38;2;175;111;34mc[38;2;187;142;42mo[38;2;230;198;84m0[38;2;135;98;37m:[38;2;102;145;157mo[38;2;104;137;149ml[38;2;100;137;144ml[38;2;106;138;144ml[38;2;72;103;106m;[38;2;219;234;235mN[38;2;225;248;251mW[38;2;223;246;249mW[38;2;224;246;249mW[38;2;221;245;248mW[38;2;222;246;249mW[38;2;221;246;247mW[38;2;220;245;248mW[38;2;221;245;248mW[38;2;221;246;248mW[38;2;221;245;249mW[38;2;221;246;249mW[38;2;225;246;249mW[0m
[0m[38;2;20;47;53m.[38;2;4;45;54m.[38;2;3;44;56m.[38;2;2;42;48m.[38;2;1;26;40m [38;2;59;107;159m:[38;2;55;122;110m:[38;2;0;12;22m [38;2;7;45;57m.[38;2;5;44;56m.[38;2;4;51;52m.[38;2;5;46;56m.[38;2;6;42;51m.[38;2;4;37;52m [38;2;4;35;48m [38;2;1;28;33m [38;2;6;26;38m [38;2;1;10;12m [38;2;2;18;19m [38;2;4;11;15m [38;2;26;30;34m.[38;2;51;51;51m.[38;2;51;51;51m.[38;2;50;51;53m.[38;2;52;53;51m.[38;2;52;52;55m.[38;2;47;44;45m.[38;2;49;67;86m'[38;2;31;62;71m.[38;2;36;28;36m.[38;2;16;27;29m [38;2;11;29;40m [38;2;3;16;21m [38;2;1;0;0m [38;2;57;94;148m;[38;2;172;195;203mO[38;2;0;1;0m [38;2;71;113;173m:[38;2;67;107;167m:[38;2;6;17;19m [38;2;7;38;54m.[38;2;6;26;52m [38;2;22;46;67m.[38;2;35;68;113m.[38;2;16;50;190m.[38;2;153;233;255mK[38;2;89;247;255m0[38;2;110;255;255mK[38;2;92;243;255m0[38;2;139;234;255mK[38;2;134;205;251mO[38;2;131;186;235mk[38;2;161;156;208mx[38;2;184;146;167mx[38;2;168;144;144md[38;2;170;147;123md[38;2;161;113;75ml[38;2;178;127;61mo[38;2;181;129;48mo[38;2;169;120;42ml[38;2;205;144;49md[38;2;16;9;7m [38;2;46;68;65m.[38;2;84;116;123m:[38;2;108;149;152mo[38;2;101;132;143ml[38;2;114;150;146mo[38;2;241;255;255mM[38;2;218;245;248mN[38;2;220;245;248mW[38;2;221;245;247mW[38;2;220;245;247mN[38;2;221;246;248mW[38;2;222;246;247mW[38;2;221;246;248mW[38;2;221;246;247mW[38;2;221;246;248mW[38;2;221;246;248mW[38;2;221;246;248mW[38;2;221;245;251mW[0m
[0m[38;2;22;50;59m.[38;2;5;45;56m.[38;2;4;37;53m.[38;2;4;39;57m.[38;2;3;28;43m [38;2;54;96;147m;[38;2;53;123;119m:[38;2;0;11;12m [38;2;2;25;30m [38;2;3;22;23m [38;2;0;17;18m [38;2;0;12;10m [38;2;0;7;3m [38;2;0;1;0m [38;2;0;6;0m [38;2;0;5;0m [38;2;3;23;45m [38;2;5;29;40m [38;2;5;31;47m [38;2;1;2;9m [38;2;143;165;190mx[38;2;171;220;231mK[38;2;180;221;227mK[38;2;183;222;227mK[38;2;177;224;228mK[38;2;187;223;226mK[38;2;166;196;206mO[38;2;129;142;155mo[38;2;138;183;187mk[38;2;135;148;155md[38;2;90;114;127m:[38;2;126;149;161mo[38;2;102;106;108m:[38;2;15;20;18m [38;2;22;40;65m.[38;2;221;251;253mW[38;2;9;11;12m [38;2;85;142;205ml[38;2;104;118;131mc[38;2;2;22;24m [38;2;9;36;59m.[38;2;10;32;70m.[38;2;70;143;169ml[38;2;70;157;204mo[38;2;20;72;231m'[38;2;124;228;255m0[38;2;100;255;255mK[38;2;101;255;255mK[38;2;107;255;255mK[38;2;128;255;255mX[38;2;132;255;255mX[38;2;93;249;255mK[38;2;39;192;255md[38;2;65;136;249ml[38;2;57;158;246mo[38;2;36;129;218mc[38;2;5;20;111m [38;2;33;47;68m.[38;2;72;71;61m'[38;2;117;97;60m:[38;2;185;141;61md[38;2;15;2;0m [38;2;0;6;10m [38;2;0;5;5m [38;2;29;42;43m.[38;2;45;60;62m.[38;2;134;164;161md[38;2;209;233;233mX[38;2;226;248;248mW[38;2;216;243;245mN[38;2;218;244;244mN[38;2;219;244;245mN[38;2;218;243;244mN[38;2;220;245;246mW[38;2;220;245;247mN[38;2;221;246;248mW[38;2;220;245;249mW[38;2;218;245;249mW[38;2;222;246;251mW[38;2;224;245;252mW[0m
[0m[38;2;13;30;33m [38;2;7;24;27m [38;2;10;20;21m [38;2;2;12;29m [38;2;11;35;53m.[38;2;48;83;132m,[38;2;65;142;135mc[38;2;2;12;3m [38;2;0;8;5m [38;2;13;22;22m [38;2;6;16;19m [38;2;9;24;26m [38;2;0;8;0m [38;2;3;6;0m [38;2;0;6;3m [38;2;5;4;0m [38;2;10;31;47m [38;2;12;42;66m.[38;2;12;53;68m.[38;2;3;14;33m [38;2;14;31;47m [38;2;16;48;86m.[38;2;19;46;105m.[38;2;19;48;99m.[38;2;18;57;115m.[38;2;31;68;140m'[38;2;27;55;117m.[38;2;28;46;89m.[38;2;29;51;71m.[38;2;22;41;48m.[38;2;7;13;31m [38;2;44;95;137m,[38;2;119;151;195md[38;2;170;191;200mO[38;2;17;25;26m [38;2;189;226;247mX[38;2;67;84;79m,[38;2;124;175;221mx[38;2;105;123;131mc[38;2;28;53;62m.[38;2;8;42;76m.[38;2;9;42;79m.[38;2;24;62;88m.[38;2;70;145;178ml[38;2;49;84;222m;[38;2;122;220;255m0[38;2;145;255;255mX[38;2;84;255;255mK[38;2;93;255;255mK[38;2;103;255;255mK[38;2;89;237;255m0[38;2;37;175;255mo[38;2;80;184;255mx[38;2;12;48;178m.[38;2;12;53;163m.[38;2;14;41;118m.[38;2;8;30;55m [38;2;14;54;72m.[38;2;18;40;82m.[38;2;69;79;120m,[38;2;25;23;13m [38;2;4;6;7m [38;2;3;9;15m [38;2;0;13;12m [38;2;0;11;10m [38;2;9;17;16m [38;2;129;159;162md[38;2;76;121;126m:[38;2;194;213;214mK[38;2;214;244;246mN[38;2;216;243;244mN[38;2;222;246;246mW[38;2;221;240;245mN[38;2;220;245;246mN[38;2;219;244;245mN[38;2;218;245;247mN[38;2;222;246;248mW[38;2;218;246;250mW[38;2;224;246;250mW[38;2;228;246;252mW[0m
