[0m[38;2;21;50;47m.[38;2;10;45;55m.[38;2;11;40;33m.[38;2;1;16;4m [38;2;6;40;49m.[38;2;3;26;39m [38;2;71;154;154ml[38;2;15;40;38m.[38;2;0;4;0m [38;2;0;10;0m [38;2;2;12;4m [38;2;5;20;14m [38;2;7;24;25m [38;2;2;13;19m [38;2;125;166;196mx[38;2;103;111;121m:[38;2;2;9;13m [38;2;9;47;53m.[38;2;11;46;64m.[38;2;7;46;62m.[38;2;6;49;70m.[38;2;8;49;65m.[38;2;9;48;70m.[38;2;9;49;73m.[38;2;9;45;73m.[38;2;8;35;63m.[38;2;84;159;204mo[38;2;14;22;40m [38;2;40;75;102m'[38;2;45;101;135m;[38;2;55;85;111m,[38;2;23;64;89m.[38;2;9;41;84m.[38;2;12;43;87m.[38;2;9;37;63m.[38;2;61;109;150m:[38;2;43;66;83m.[38;2;70;154;189ml[38;2;52;100;130m;[38;2;8;42;65m.[38;2;6;40;37m.[38;2;29;48;116m.[38;2;132;158;162md[38;2;11;38;66m.[38;2;0;23;34m [38;2;19;35;95m.[38;2;189;244;255mN[38;2;37;83;109m'[38;2;54;102;117m;[38;2;37;73;90m'[38;2;12;23;35m [38;2;15;46;71m.[38;2;7;32;46m [38;2;19;37;61m.[38;2;7;43;66m.[38;2;6;36;52m [38;2;14;45;65m.[38;2;2;17;26m [38;2;61;96;157m;[38;2;12;34;56m.[38;2;0;29;57m [38;2;2;35;67m [38;2;9;34;67m.[38;2;10;45;85m.[38;2;3;42;70m.[38;2;14;41;65m.[38;2;4;34;49m [38;2;13;47;56m.[38;2;6;44;53m.[38;2;11;53;64m.[38;2;0;29;29m [38;2;11;46;52m.[38;2;5;47;41m.[38;2;1;3;5m [38;2;3;30;27m [38;2;8;38;42m.[38;2;7;42;43m.[38;2;7;38;32m [38;2;11;43;43m.[38;2;4;48;40m.[0m
[0m[38;2;23;45;46m.[38;2;6;43;47m.[38;2;10;31;26m [38;2;0;10;12m [38;2;4;37;44m [38;2;2;29;28m [38;2;79;146;157ml[38;2;9;25;26m [38;2;1;5;5m [38;2;0;4;2m [38;2;0;3;0m  [38;2;0;1;0m [38;2;27;44;65m.[38;2;196;223;243mX[38;2;12;15;19m [38;2;4;13;19m [38;2;5;16;19m [38;2;5;20;36m [38;2;2;27;42m [38;2;4;30;63m [38;2;5;39;68m.[38;2;5;42;82m.[38;2;11;46;89m.[38;2;10;48;94m.[38;2;6;41;87m.[38;2;41;88;137m,[38;2;15;27;53m [38;2;13;42;100m.[38;2;5;42;94m.[38;2;12;46;90m.[38;2;19;55;102m.[38;2;15;51;108m.[38;2;19;52;103m.[38;2;24;56;97m.[38;2;45;79;112m'[38;2;37;63;84m.[38;2;71;149;181ml[38;2;81;149;180ml[38;2;12;43;85m.[38;2;0;22;41m [38;2;33;65;139m.[38;2;118;144;155mo[38;2;9;33;68m.[38;2;3;24;42m [38;2;16;36;110m.[38;2;188;234;255mX[38;2;5;17;21m [38;2;64;130;162mc[38;2;78;161;192mo[38;2;35;76;100m'[38;2;40;73;111m'[38;2;9;29;47m [38;2;39;72;100m'[38;2;8;33;45m [38;2;2;22;43m [38;2;9;39;62m.[38;2;0;16;39m [38;2;87;124;192mc[38;2;8;34;56m [38;2;9;24;64m [38;2;4;32;64m [38;2;49;77;105m'[38;2;54;64;79m.[38;2;57;78;102m'[38;2;56;71;90m'[38;2;46;66;73m.[38;2;31;57;66m.[38;2;15;47;60m.[38;2;4;44;55m.[38;2;0;26;28m [38;2;8;46;49m.[38;2;2;34;32m [38;2;0;5;3m [38;2;2;32;31m [38;2;1;32;36m [38;2;7;34;39m [38;2;7;32;31m [38;2;11;40;44m.[38;2;3;40;40m.[0m
[0m[38;2;26;48;54m.[38;2;10;43;53m.[38;2;15;34;33m [38;2;1;10;16m [38;2;5;40;54m.[38;2;2;27;34m [38;2;81;151;155ml[38;2;2;14;24m [38;2;10;20;26m [38;2;7;23;29m [38;2;8;22;26m [38;2;9;22;39m [38;2;0;2;13m [38;2;154;179;206mk[38;2;91;105;129m:[38;2;7;26;46m [38;2;6;32;62m [38;2;1;1;8m [38;2;1;3;27m [38;2;0;4;28m [38;2;0;7;32m [38;2;0;6;32m [38;2;0;13;45m [38;2;6;18;50m [38;2;5;26;59m [38;2;5;28;77m [38;2;12;40;93m.[38;2;5;11;56m [38;2;19;49;118m.[38;2;21;52;114m.[38;2;18;53;123m.[38;2;17;53;125m.[38;2;14;49;112m.[38;2;10;50;119m.[38;2;9;39;96m.[38;2;74;124;184mc[38;2;36;60;88m.[38;2;30;53;107m.[38;2;41;92;140m,[38;2;32;78;128m'[38;2;15;28;65m [38;2;43;75;152m'[38;2;95;127;145mc[38;2;10;35;66m.[38;2;5;18;44m [38;2;10;28;105m.[38;2;206;245;255mN[38;2;0;8;27m [38;2;17;52;79m.[38;2;86;168;195md[38;2;33;58;85m.[38;2;74;132;176mc[38;2;5;20;66m [38;2;48;96;133m,[38;2;79;160;192mo[38;2;15;41;65m.[38;2;26;46;78m.[38;2;21;52;82m.[38;2;116;169;237mx[38;2;6;27;79m [38;2;12;28;138m.[38;2;5;25;115m.[38;2;63;95;190m;[38;2;70;94;162m;[38;2;73;93;141m;[38;2;67;85;125m,[38;2;67;87;110m,[38;2;49;70;91m'[38;2;79;98;119m;[38;2;53;77;105m'[38;2;3;23;31m [38;2;6;20;26m [38;2;2;11;14m [38;2;4;30;43m [38;2;8;45;56m.[38;2;8;29;36m [38;2;19;41;43m.[38;2;8;27;26m [38;2;19;42;46m.[38;2;5;37;43m [0m
[0m[38;2;27;51;57m.[38;2;12;43;62m.[38;2;8;33;38m [38;2;7;15;18m [38;2;10;40;59m.[38;2;3;25;42m [38;2;84;144;160ml[38;2;10;32;42m [38;2;2;5;6m [38;2;18;39;46m.[38;2;2;14;23m [38;2;9;29;48m [38;2;78;99;136m;[38;2;193;216;230mK[38;2;4;13;56m [38;2;9;44;94m.[38;2;4;32;84m.[38;2;9;39;95m.[38;2;10;40;116m.[38;2;7;27;88m [38;2;8;21;72m [38;2;36;52;105m.[38;2;36;50;95m.[38;2;33;46;96m.[38;2;33;48;92m.[38;2;33;44;92m.[38;2;37;46;94m.[38;2;32;38;85m.[38;2;23;35;98m.[38;2;32;46;100m.[38;2;26;40;90m.[38;2;10;24;88m [38;2;7;32;95m.[38;2;14;39;115m.[38;2;12;44;106m.[38;2;29;63;133m.[38;2;23;39;79m.[38;2;18;48;113m.[38;2;20;52;119m.[38;2;15;47;110m.[38;2;1;8;43m [38;2;71;107;188m:[38;2;84;110;139m:[38;2;41;78;108m'[38;2;43;81;93m'[38;2;9;19;70m [38;2;217;254;255mW[38;2;6;14;30m [38;2;5;25;69m [38;2;56;108;153m;[38;2;44;69;91m'[38;2;40;83;122m'[38;2;36;72;126m'[38;2;9;27;69m [38;2;81;150;181ml[38;2;17;43;62m.[38;2;16;30;89m.[38;2;57;137;182mc[38;2;109;157;224md[38;2;3;29;184m.[38;2;56;137;247ml[38;2;72;191;255mx[38;2;52;167;254mo[38;2;9;112;243m;[38;2;11;67;214m'[38;2;8;44;165m.[38;2;6;38;98m.[38;2;12;40;84m.[38;2;8;29;54m [38;2;98;127;161ml[38;2;19;30;46m [38;2;5;20;24m [38;2;6;42;52m.[38;2;9;49;64m.[38;2;5;36;45m [38;2;1;3;4m [38;2;45;66;67m.[38;2;29;56;57m.[38;2;14;41;48m.[38;2;10;36;48m.[0m
[0m[38;2;23;50;52m.[38;2;11;45;52m.[38;2;7;29;29m [38;2;9;16;21m [38;2;5;43;59m.[38;2;3;26;49m [38;2;81;143;165ml[38;2;19;34;52m.[38;2;11;33;55m [38;2;4;16;30m [38;2;8;20;45m [38;2;17;39;86m.[38;2;211;236;252mN[38;2;45;57;96m.[38;2;13;41;100m.[38;2;12;51;130m.[38;2;6;27;124m.[38;2;11;55;168m.[38;2;14;66;197m'[38;2;4;25;147m.[38;2;57;100;188m;[38;2;141;201;242mO[38;2;141;190;244mO[38;2;134;182;238mk[38;2;135;177;232mk[38;2;131;186;236mk[38;2;121;157;225md[38;2;139;154;229mx[38;2;97;130;214ml[38;2;111;161;225md[38;2;104;137;193mo[38;2;114;131;181ml[38;2;52;76;144m,[38;2;87;94;131m;[38;2;24;28;84m.[38;2;1;10;65m [38;2;0;12;59m [38;2;8;28;87m [38;2;16;31;78m.[38;2;9;32;74m.[38;2;3;22;71m [38;2;116;147;227md[38;2;48;71;99m'[38;2;13;42;78m.[38;2;65;112;138m:[38;2;12;21;65m [38;2;210;252;255mW[38;2;13;23;52m [38;2;28;54;89m.[38;2;32;62;95m.[38;2;47;84;103m'[38;2;14;30;64m.[38;2;63;108;149m:[38;2;8;33;66m.[38;2;36;76;112m'[38;2;24;50;76m.[38;2;17;41;99m.[38;2;11;67;131m.[38;2;109;158;228md[38;2;6;69;245m'[38;2;83;199;255mk[38;2;112;255;255mK[38;2;98;255;255mK[38;2;124;255;255mX[38;2;6;167;255ml[38;2;1;56;234m.[38;2;14;35;144m.[38;2;6;40;89m.[38;2;11;36;66m.[38;2;48;54;100m.[38;2;62;85;124m,[38;2;7;45;57m.[38;2;11;44;67m.[38;2;11;38;41m.[38;2;33;41;46m.[38;2;31;55;56m.[38;2;22;51;53m.[38;2;5;45;52m.[38;2;9;44;55m.[38;2;12;34;41m [0m
[0m[38;2;21;46;50m.[38;2;13;43;63m.[38;2;5;29;28m [38;2;6;22;25m [38;2;6;42;59m.[38;2;4;28;44m [38;2;80;146;170ml[38;2;8;18;27m [38;2;33;71;93m.[38;2;34;64;88m.[38;2;17;31;75m.[38;2;121;163;207md[38;2;111;127;165ml[38;2;21;47;99m.[38;2;24;65;150m.[38;2;24;76;200m'[38;2;2;76;230m'[38;2;13;128;246m:[38;2;5;134;253m:[38;2;3;118;243m;[38;2;4;106;246m;[38;2;11;121;243m:[38;2;15;108;244m;[38;2;10;79;234m,[38;2;7;71;233m'[38;2;6;76;233m'[38;2;4;61;229m.[38;2;12;77;228m'[38;2;12;62;212m'[38;2;7;51;204m.[38;2;7;57;209m.[38;2;17;65;212m'[38;2;26;69;202m'[38;2;102;127;222ml[38;2;182;207;239mK[38;2;91;97;142m:[38;2;4;11;99m [38;2;6;19;104m [38;2;3;18;67m [38;2;0;4;38m [38;2;11;36;108m.[38;2;136;190;249mO[38;2;6;13;24m [38;2;4;14;33m [38;2;18;34;50m.[38;2;14;33;97m.[38;2;219;252;255mW[38;2;2;11;31m [38;2;5;41;78m.[38;2;7;41;85m.[38;2;48;90;127m,[38;2;14;31;46m [38;2;21;59;97m.[38;2;23;57;95m.[38;2;22;58;89m.[38;2;28;52;93m.[38;2;15;37;88m.[38;2;12;44;128m.[38;2;116;153;224md[38;2;12;92;255m,[38;2;77;208;255mk[38;2;127;255;255mX[38;2;82;255;255mK[38;2;122;255;255mX[38;2;0;184;255mo[38;2;1;71;254m'[38;2;8;40;169m.[38;2;10;54;109m.[38;2;3;22;52m [38;2;41;62;110m.[38;2;64;88;133m,[38;2;7;47;49m.[38;2;16;36;48m.[38;2;33;50;51m.[38;2;35;55;58m.[38;2;11;39;50m.[38;2;9;44;52m.[38;2;7;44;54m.[38;2;8;41;56m.[38;2;12;38;46m.[0m
[0m[38;2;16;46;50m.[38;2;10;50;54m.[38;2;5;25;28m [38;2;3;25;28m [38;2;7;41;63m.[38;2;3;28;50m [38;2;83;142;175ml[38;2;0;5;21m [38;2;7;42;79m.[38;2;5;35;68m.[38;2;24;51;141m.[38;2;175;196;227m0[38;2;6;15;55m [38;2;52;122;200mc[38;2;62;135;219ml[38;2;63;155;251mo[38;2;1;187;255mo[38;2;160;255;255mN[38;2;101;248;255mK[38;2;98;244;255m0[38;2;93;246;255m0[38;2;78;241;255m0[38;2;77;235;255mO[38;2;70;217;255mk[38;2;49;211;255mx[38;2;27;190;255md[38;2;3;174;255ml[38;2;4;176;255mo[38;2;6;162;255ml[38;2;5;142;255mc[38;2;4;132;255m:[38;2;4;119;253m:[38;2;2;108;252m;[38;2;1;56;229m.[38;2;21;81;242m,[38;2;188;231;255mX[38;2;43;69;201m,[38;2;19;68;198m'[38;2;8;26;127m.[38;2;1;14;89m [38;2;23;54;168m.[38;2;143;210;255m0[38;2;1;7;22m [38;2;9;48;93m.[38;2;0;10;49m [38;2;8;47;135m.[38;2;206;246;255mN[38;2;0;0;0m [38;2;0;10;19m [38;2;2;9;24m [38;2;5;17;31m [38;2;5;19;34m [38;2;6;31;64m [38;2;8;37;60m.[38;2;9;40;75m.[38;2;16;51;96m.[38;2;8;20;57m [38;2;23;68;139m.[38;2;87;131;217ml[38;2;28;80;232m,[38;2;54;183;255md[38;2;102;235;255m0[38;2;98;255;255mK[38;2;135;255;255mX[38;2;7;170;255ml[38;2;0;55;233m.[38;2;5;17;121m [38;2;5;29;82m [38;2;5;29;45m [38;2;40;66;108m.[38;2;70;90;120m;[38;2;4;11;9m [38;2;28;45;54m.[38;2;10;35;36m [38;2;4;37;45m [38;2;5;40;44m.[38;2;13;42;56m.[38;2;8;41;48m.[38;2;5;40;47m.[38;2;6;44;52m.[0m
[0m[38;2;16;50;52m.[38;2;7;46;56m.[38;2;5;25;27m [38;2;4;27;31m [38;2;8;42;58m.[38;2;2;26;49m [38;2;88;151;170mo[38;2;0;4;18m [38;2;15;44;76m.[38;2;5;24;69m [38;2;93;140;215mo[38;2;73;86;116m,[38;2;4;41;133m.[38;2;18;63;184m.[38;2;76;156;245mo[38;2;55;179;255md[38;2;1;202;255md[38;2;179;255;255mN[38;2;113;255;255mK[38;2;119;255;255mK[38;2;120;255;255mX[38;2;124;255;255mX[38;2;150;255;255mX[38;2;170;255;255mN[38;2;176;255;255mN[38;2;174;255;255mN[38;2;103;255;255mK[38;2;119;251;255mK[38;2;115;249;255mK[38;2;104;252;255mK[38;2;93;246;255m0[38;2;87;241;255m0[38;2;61;229;255mO[38;2;40;206;255mx[38;2;13;174;255mo[38;2;92;233;255m0[38;2;90;161;250md[38;2;5;83;247m,[38;2;5;33;174m.[38;2;1;31;149m.[38;2;35;84;202m,[38;2;163;210;247m0[38;2;1;15;46m [38;2;16;60;125m.[38;2;3;20;63m [38;2;7;34;124m.[38;2;197;246;255mN[38;2;1;4;9m [38;2;3;17;52m [38;2;14;33;83m.[38;2;8;27;63m [38;2;7;18;42m [38;2;0;5;20m [38;2;0;3;7m [38;2;0;2;10m [38;2;3;8;22m [38;2;1;7;21m [38;2;7;17;45m [38;2;87;121;190mc[38;2;7;25;124m.[38;2;8;45;169m.[38;2;8;80;220m'[38;2;4;119;228m;[38;2;44;149;236ml[38;2;3;65;205m.[38;2;0;15;130m [38;2;0;9;51m [38;2;0;6;30m [38;2;0;4;6m [38;2;61;84;118m,[38;2;43;57;84m.[38;2;17;33;41m.[38;2;12;50;58m.[38;2;10;43;53m.[38;2;5;38;41m [38;2;7;36;41m [38;2;5;36;41m [38;2;7;41;49m.[38;2;7;44;52m.[38;2;4;43;53m.[0m
[0m[38;2;16;56;52m.[38;2;9;45;61m.[38;2;7;23;30m [38;2;12;25;34m [38;2;7;43;58m.[38;2;4;24;46m [38;2;92;156;178mo[38;2;1;6;32m [38;2;10;44;78m.[38;2;22;40;105m.[38;2;128;185;241mk[38;2;6;19;49m [38;2;12;53;155m.[38;2;5;51;170m.[38;2;62;143;248ml[38;2;50;187;255md[38;2;1;211;255md[38;2;195;255;255mN[38;2;129;255;255mX[38;2;124;255;255mX[38;2;132;255;255mX[38;2;141;255;255mX[38;2;145;255;255mX[38;2;151;255;255mX[38;2;158;255;255mN[38;2;171;255;255mN[38;2;125;255;255mX[38;2;163;255;255mN[38;2;162;255;255mN[38;2;160;255;255mN[38;2;168;255;255mN[38;2;165;255;255mN[38;2;166;255;255mN[38;2;170;255;255mN[38;2;154;255;255mX[38;2;190;255;255mN[38;2;39;232;255mk[38;2;21;148;255ml[38;2;15;105;245m;[38;2;3;34;186m.[38;2;76;136;239ml[38;2;146;169;214mx[38;2;11;29;88m.[38;2;16;60;147m.[38;2;4;34;157m.[38;2;2;44;190m.[38;2;183;229;255mX[38;2;0;8;106m [38;2;5;56;175m.[38;2;18;60;179m.[38;2;4;29;122m.[38;2;14;27;100m.[38;2;27;38;66m.[38;2;103;129;141ml[38;2;97;118;128mc[38;2;96;115;117m:[38;2;83;105;112m:[38;2;47;66;72m.[38;2;96;116;130mc[38;2;35;48;70m.[38;2;45;52;86m.[38;2;24;31;62m.[38;2;0;15;51m [38;2;4;26;74m [38;2;1;13;65m [38;2;0;10;37m [38;2;0;7;32m [38;2;3;4;23m [38;2;4;2;2m [38;2;101;123;146mc[38;2;21;44;62m.[38;2;10;39;44m.[38;2;6;37;48m [38;2;8;42;54m.[38;2;12;45;50m.[38;2;8;29;33m [38;2;7;40;41m.[38;2;6;44;49m.[38;2;9;44;49m.[38;2;7;42;49m.[0m
[0m[38;2;16;41;41m.[38;2;10;38;51m.[38;2;5;22;25m [38;2;8;28;31m [38;2;7;44;59m.[38;2;1;28;41m [38;2;88;153;168mo[38;2;1;14;24m [38;2;10;36;61m.[38;2;30;49;128m.[38;2;144;203;241mO[38;2;3;22;49m [38;2;9;56;143m.[38;2;16;62;174m.[38;2;19;92;240m,[38;2;67;191;255mx[38;2;0;218;255mx[38;2;213;255;255mW[38;2;146;255;255mX[38;2;140;255;255mX[38;2;137;255;255mX[38;2;141;255;255mX[38;2;150;255;255mX[38;2;152;255;255mX[38;2;167;255;255mN[38;2;177;255;255mN[38;2;126;255;255mX[38;2;186;255;255mN[38;2;181;255;255mN[38;2;164;255;255mN[38;2;169;255;255mN[38;2;167;255;255mN[38;2;153;255;255mX[38;2;160;255;255mN[38;2;162;255;255mN[38;2;221;255;255mW[38;2;36;250;255mO[38;2;21;194;255md[38;2;0;81;252m,[38;2;2;56;221m.[38;2;138;214;255m0[38;2;113;131;170ml[38;2;37;108;173m;[38;2;39;122;225m:[38;2;38;129;248mc[38;2;128;224;255m0[38;2;108;206;255mO[38;2;93;173;253mx[38;2;95;206;255mk[38;2;92;178;255mx[38;2;42;143;245ml[38;2;9;59;223m.[38;2;3;22;95m [38;2;9;30;60m [38;2;4;12;21m [38;2;3;14;15m [38;2;12;38;58m.[38;2;0;27;56m [38;2;87;112;148m:[38;2;3;23;58m [38;2;8;19;65m [38;2;145;167;203mx[38;2;17;28;77m.[38;2;7;45;93m.[38;2;0;13;58m [38;2;0;16;38m [38;2;0;9;26m [38;2;0;5;15m [38;2;1;0;2m [38;2;133;163;212mx[38;2;4;28;36m [38;2;2;6;5m [38;2;14;46;53m.[38;2;10;46;49m.[38;2;11;48;53m.[38;2;12;47;48m.[38;2;7;30;41m [38;2;24;49;51m.[38;2;10;36;45m.[38;2;11;43;51m.[0m
[0m[38;2;35;71;69m.[38;2;32;66;74m.[38;2;33;70;79m.[38;2;7;19;29m [38;2;11;46;57m.[38;2;2;28;46m [38;2;86;146;177ml[38;2;8;15;28m [38;2;27;55;83m.[38;2;27;55;130m.[38;2;149;184;212mk[38;2;25;48;78m.[38;2;29;71;131m'[38;2;30;75;167m'[38;2;28;88;222m,[38;2;50;158;253mo[38;2;11;211;255md[38;2;158;245;255mX[38;2;141;255;255mX[38;2;144;255;255mX[38;2;140;255;255mX[38;2;170;255;255mN[38;2;173;255;255mN[38;2;176;255;255mN[38;2;192;255;255mN[38;2;207;255;255mW[38;2;126;255;255mX[38;2;211;255;255mW[38;2;193;255;255mN[38;2;178;255;255mN[38;2;171;255;255mN[38;2;170;255;255mN[38;2;166;255;255mN[38;2;161;255;255mN[38;2;166;255;255mN[38;2;209;255;255mW[38;2;93;246;255m0[38;2;122;218;255m0[38;2;127;157;240mx[38;2;141;153;218mx[38;2;224;240;208mN[38;2;185;178;157mk[38;2;180;177;153mk[38;2;215;209;170mK[38;2;242;227;187mN[38;2;255;234;176mN[38;2;240;224;201mN[38;2;240;234;204mN[38;2;248;232;208mN[38;2;255;235;204mN[38;2;218;239;213mN[38;2;167;174;201mk[38;2;176;163;114mx[38;2;148;139;89mo[38;2;116;108;79m:[38;2;106;108;92m:[38;2;33;44;50m.[38;2;6;32;84m.[38;2;113;152;231md[38;2;10;51;142m.[38;2;35;75;199m,[38;2;61;162;242mo[38;2;46;121;221m:[38;2;8;119;228m;[38;2;1;56;184m.[38;2;0;29;138m.[38;2;0;8;74m [38;2;1;8;26m [38;2;38;51;78m.[38;2;89;117;152mc[38;2;9;44;58m.[38;2;1;13;11m [38;2;11;40;57m.[38;2;4;30;31m [38;2;11;37;43m.[38;2;4;29;35m [38;2;8;36;38m [38;2;18;46;49m.[38;2;29;54;61m.[38;2;20;54;57m.[0m
[0m[38;2;13;53;53m.[38;2;8;46;55m.[38;2;10;45;55m.[38;2;1;20;33m [38;2;11;47;62m.[38;2;3;29;48m [38;2;82;136;163ml[38;2;1;11;23m [38;2;10;35;68m.[38;2;24;38;114m.[38;2;201;232;241mX[38;2;1;9;35m [38;2;1;34;85m.[38;2;51;97;159m;[38;2;12;63;141m.[38;2;21;61;199m'[38;2;50;142;244ml[38;2;5;105;242m;[38;2;9;159;255ml[38;2;5;174;255ml[38;2;9;190;255mo[38;2;40;203;255mx[38;2;45;215;255mk[38;2;51;221;255mk[38;2;57;224;255mk[38;2;82;230;255mO[38;2;38;244;255mO[38;2;100;236;255m0[38;2;104;249;255mK[38;2;109;249;255mK[38;2;119;251;255mK[38;2;120;248;255mK[38;2;134;250;255mX[38;2;186;255;255mN[38;2;200;252;255mN[38;2;226;237;255mN[38;2;221;217;248mX[38;2;235;222;235mN[38;2;234;218;201mX[38;2;243;221;181mX[38;2;251;229;162mN[38;2;253;226;159mN[38;2;238;208;138mK[38;2;255;230;157mN[38;2;255;225;142mX[38;2;255;229;138mN[38;2;255;229;126mX[38;2;255;228;138mX[38;2;255;228;133mX[38;2;255;227;118mX[38;2;255;226;132mX[38;2;255;228;113mX[38;2;255;224;102mX[38;2;254;228;103mX[38;2;241;202;90m0[38;2;254;240;115mN[38;2;233;224;138mX[38;2;129;121;103mc[38;2;80;120;203mc[38;2;18;109;239m;[38;2;115;180;255mk[38;2;116;228;255m0[38;2;143;255;255mX[38;2;183;255;255mN[38;2;1;211;255md[38;2;0;72;249m'[38;2;0;13;140m [38;2;0;2;37m [38;2;132;178;214mk[38;2;18;42;64m.[38;2;8;49;66m.[38;2;1;15;14m [38;2;5;38;48m.[38;2;32;74;90m.[38;2;17;56;93m.[38;2;28;63;97m.[38;2;8;27;37m [38;2;90;98;94m;[38;2;43;63;58m.[38;2;26;67;61m.[0m
[0m[38;2;16;47;48m.[38;2;7;45;54m.[38;2;9;46;55m.[38;2;0;25;31m [38;2;12;46;64m.[38;2;7;29;47m [38;2;86;149;167ml[38;2;10;27;42m [38;2;13;45;67m.[38;2;7;12;57m [38;2;191;218;252mK[38;2;25;38;58m.[38;2;3;37;83m.[38;2;26;66;109m.[38;2;64;137;174mc[38;2;1;30;120m.[38;2;61;130;200mc[38;2;4;27;127m.[38;2;14;73;205m'[38;2;9;74;210m'[38;2;14;81;224m,[38;2;12;90;231m,[38;2;17;95;238m;[38;2;7;94;243m,[38;2;10;112;246m;[38;2;3;111;249m;[38;2;21;140;250mc[38;2;12;110;245m;[38;2;7;142;251mc[38;2;3;126;251m:[38;2;35;159;252ml[38;2;155;234;252mK[38;2;215;243;251mN[38;2;227;220;242mX[38;2;185;178;246mO[38;2;162;165;227mk[38;2;133;113;173ml[38;2;150;128;161mo[38;2;168;139;109mo[38;2;154;129;92ml[38;2;154;116;72ml[38;2;154;119;80ml[38;2;161;127;74ml[38;2;255;242;143mN[38;2;255;224;118mX[38;2;255;225;121mX[38;2;255;224;109mX[38;2;255;226;117mX[38;2;255;227;112mX[38;2;255;226;115mX[38;2;255;223;114mX[38;2;255;225;108mX[38;2;255;227;109mX[38;2;255;230;107mX[38;2;249;221;108mX[38;2;234;193;102m0[38;2;237;196;112m0[38;2;255;246;149mN[38;2;230;212;158mK[38;2;129;159;231mx[38;2;123;187;255mk[38;2;38;239;255mO[38;2;202;255;255mW[38;2;198;255;255mW[38;2;0;228;255mx[38;2;1;88;255m,[38;2;0;15;142m [38;2;35;49;107m.[38;2;101;141;162ml[38;2;5;40;64m.[38;2;10;52;64m.[38;2;4;16;18m [38;2;7;35;42m [38;2;25;39;43m.[38;2;19;32;41m.[38;2;52;103;107m;[38;2;2;22;24m [38;2;138;147;144mo[38;2;55;93;83m,[38;2;23;68;72m.[0m
[0m[38;2;17;49;48m.[38;2;7;45;55m.[38;2;9;47;58m.[38;2;2;18;30m [38;2;11;45;59m.[38;2;1;29;47m [38;2;78;135;148mc[38;2;6;29;38m [38;2;10;49;66m.[38;2;1;18;33m [38;2;101;132;202ml[38;2;123;137;147mo[38;2;6;30;56m [38;2;3;39;75m.[38;2;39;85;128m,[38;2;47;96;143m;[38;2;61;119;167m:[38;2;3;16;58m [38;2;9;51;131m.[38;2;6;58;141m.[38;2;8;58;150m.[38;2;8;60;151m.[38;2;17;60;164m.[38;2;9;59;167m.[38;2;11;66;178m.[38;2;8;72;194m'[38;2;13;76;185m'[38;2;11;46;173m.[38;2;12;58;198m.[38;2;87;104;211mc[38;2;224;226;218mX[38;2;203;183;180mO[38;2;158;140;166md[38;2;149;120;166mo[38;2;150;127;178mo[38;2;153;137;148mo[38;2;169;135;134md[38;2;120;84;71m;[38;2;95;94;133m:[38;2;125;121;150ml[38;2;15;12;26m [38;2;106;82;70m;[38;2;153;129;94ml[38;2;255;244;140mN[38;2;255;226;107mX[38;2;255;224;107mX[38;2;255;226;107mX[38;2;255;229;107mX[38;2;255;227;107mX[38;2;255;227;106mX[38;2;255;224;103mX[38;2;255;224;102mX[38;2;255;225;100mX[38;2;255;225;101mX[38;2;255;227;99mX[38;2;255;233;104mX[38;2;245;211;113mK[38;2;225;196;115m0[38;2;239;205;140mK[38;2;255;233;186mN[38;2;249;241;233mW[38;2;140;231;253mK[38;2;133;216;255m0[38;2;139;230;255mK[38;2;1;153;253mc[38;2;1;47;218m.[38;2;2;10;84m [38;2;128;150;189md[38;2;8;20;31m [38;2;15;53;94m.[38;2;13;52;67m.[38;2;6;16;21m [38;2;9;29;33m [38;2;64;81;69m'[38;2;57;71;63m'[38;2;25;34;29m.[38;2;0;1;1m [38;2;135;145;143mo[38;2;32;54;50m.[38;2;21;56;58m.[0m
[0m[38;2;21;43;45m.[38;2;4;40;47m.[38;2;11;42;48m.[38;2;2;17;16m [38;2;10;38;43m.[38;2;53;94;118m,[38;2;50;107;106m;[38;2;3;11;20m [38;2;7;36;44m [38;2;6;24;27m [38;2;29;45;93m.[38;2;146;195;234mO[38;2;18;34;41m.[38;2;2;27;46m [38;2;5;21;41m [38;2;50;87;104m,[38;2;40;85;110m'[38;2;0;6;29m [38;2;9;35;70m.[38;2;9;32;74m.[38;2;8;35;84m.[38;2;6;35;88m.[38;2;4;32;92m.[38;2;7;38;89m.[38;2;12;33;96m.[38;2;7;37;101m.[38;2;2;40;92m.[38;2;52;62;110m'[38;2;183;166;163mk[38;2;237;209;168mK[38;2;193;153;110mx[38;2;128;105;113mc[38;2;61;66;107m'[38;2;97;97;119m:[38;2;102;93;103m;[38;2;103;100;124m:[38;2;72;88;122m;[38;2;46;71;135m'[38;2;81;125;223ml[38;2;98;129;173ml[38;2;86;103;138m:[38;2;138;130;123ml[38;2;57;56;74m.[38;2;195;184;141mO[38;2;255;235;106mN[38;2;255;226;108mX[38;2;255;225;106mX[38;2;255;226;101mX[38;2;255;226;105mX[38;2;255;225;100mX[38;2;255;223;100mX[38;2;255;224;97mX[38;2;255;226;99mX[38;2;255;226;100mX[38;2;255;226;97mX[38;2;255;226;91mX[38;2;255;227;96mX[38;2;255;229;103mX[38;2;244;203;93m0[38;2;252;209;121mK[38;2;253;217;154mX[38;2;255;226;165mN[38;2;228;225;192mX[38;2;103;128;168ml[38;2;1;20;127m [38;2;1;3;75m [38;2;90;117;166mc[38;2;42;52;66m.[38;2;7;20;29m [38;2;13;58;76m.[38;2;15;43;62m.[38;2;6;18;20m [38;2;13;35;42m.[38;2;35;46;51m.[38;2;25;46;50m.[38;2;9;27;36m [38;2;4;22;25m [38;2;80;96;95m;[38;2;22;52;55m.[38;2;28;57;68m.[0m
[0m[38;2;20;44;48m.[38;2;6;44;53m.[38;2;5;30;35m [38;2;2;17;18m [38;2;10;32;49m [38;2;62;113;123m:[38;2;44;104;110m,[38;2;4;8;13m [38;2;1;7;8m [38;2;7;16;17m [38;2;4;14;20m [38;2;56;90;162m;[38;2;122;152;181md[38;2;20;28;26m [38;2;1;1;5m [38;2;0;4;11m [38;2;0;4;11m [38;2;8;25;39m [38;2;9;25;48m [38;2;5;7;23m [38;2;6;10;24m [38;2;57;60;80m.[38;2;84;87;115m;[38;2;102;102;115m:[38;2;101;102;106m:[38;2;86;94;106m;[38;2;125;143;178mo[38;2;204;221;225mX[38;2;100;116;121mc[38;2;71;96;114m;[38;2;58;86;128m,[38;2;44;89;126m,[38;2;55;90;164m;[38;2;66;90;163m;[38;2;38;59;115m.[38;2;41;77;118m'[38;2;60;84;126m,[38;2;68;116;204mc[38;2;99;132;184ml[38;2;91;124;150mc[38;2;129;152;209md[38;2;104;144;204mo[38;2;80;111;219mc[38;2;181;173;162mk[38;2;255;234;85mX[38;2;255;226;106mX[38;2;255;225;104mX[38;2;255;224;104mX[38;2;255;223;95mX[38;2;255;224;92mX[38;2;255;224;99mX[38;2;255;222;96mX[38;2;255;226;88mX[38;2;255;224;89mX[38;2;255;226;92mX[38;2;255;224;102mX[38;2;255;226;99mX[38;2;255;225;94mX[38;2;255;226;100mX[38;2;255;227;105mX[38;2;252;206;96mK[38;2;255;224;108mX[38;2;255;236;104mN[38;2;230;219;112mK[38;2;114;109;75m:[38;2;55;78;93m'[38;2;105;153;178mo[38;2;70;105;108m;[38;2;57;84;85m,[38;2;34;60;66m.[38;2;88;100;103m;[38;2;105;111;110m:[38;2;106;115;115mc[38;2;75;91;96m,[38;2;54;73;80m'[38;2;53;72;84m'[38;2;28;50;58m.[38;2;57;94;105m,[38;2;15;39;54m.[38;2;15;30;39m [0m
[0m[38;2;20;45;47m.[38;2;6;44;56m.[38;2;4;39;29m [38;2;5;15;15m [38;2;12;32;54m [38;2;64;119;128m:[38;2;43;91;107m,[38;2;6;12;20m [38;2;0;6;8m [38;2;13;45;51m.[38;2;1;23;33m [38;2;6;29;35m [38;2;50;86;150m,[38;2;135;164;206mx[38;2;59;69;72m'[38;2;1;2;3m [38;2;0;3;3m [38;2;10;55;86m.[38;2;8;51;91m.[38;2;3;15;27m [38;2;61;84;99m,[38;2;105;129;137ml[38;2;84;109;115m:[38;2;72;98;113m;[38;2;62;85;104m,[38;2;46;69;99m'[38;2;48;65;113m'[38;2;90;117;160mc[38;2;36;66;127m'[38;2;87;92;149m;[38;2;162;176;168mk[38;2;160;152;128md[38;2;163;164;140mx[38;2;131;128;116ml[38;2;93;84;92m;[38;2;102;131;157ml[38;2;9;29;74m [38;2;119;165;236mx[38;2;67;76;80m'[38;2;89;120;126mc[38;2;103;141;164ml[38;2;136;155;156md[38;2;133;129;124ml[38;2;255;239;128mN[38;2;255;225;98mX[38;2;255;226;96mX[38;2;255;225;99mX[38;2;255;224;101mX[38;2;255;224;94mX[38;2;255;225;88mX[38;2;255;226;95mX[38;2;255;225;88mX[38;2;255;226;94mX[38;2;255;224;92mX[38;2;255;224;90mX[38;2;255;226;91mX[38;2;255;225;94mX[38;2;255;224;92mX[38;2;255;226;89mX[38;2;255;224;100mX[38;2;255;230;96mX[38;2;242;221;73mK[38;2;164;138;88mo[38;2;96;123;123mc[38;2;106;149;166mo[38;2;104;155;163mo[38;2;101;143;146ml[38;2;104;138;138ml[38;2;172;199;198mO[38;2;216;232;232mN[38;2;232;248;250mW[38;2;233;246;249mW[38;2;230;248;249mW[38;2;230;247;248mW[38;2;235;249;250mW[38;2;234;249;250mW[38;2;209;230;234mX[38;2;192;204;208m0[38;2;191;201;199m0[38;2;158;173;175mk[0m
[0m[38;2;18;46;52m.[38;2;7;44;52m.[38;2;3;33;29m [38;2;10;19;26m [38;2;8;32;44m [38;2;66;125;145m:[38;2;42;84;82m'[38;2;5;16;18m [38;2;2;12;15m [38;2;3;22;27m [38;2;10;39;54m.[38;2;4;29;33m [38;2;5;6;9m [38;2;33;51;107m.[38;2;129;169;213mx[38;2;118;132;138ml[38;2;32;34;34m.[38;2;3;38;55m.[38;2;4;47;76m.[38;2;5;33;48m [38;2;4;22;33m [38;2;13;44;69m.[38;2;0;11;35m [38;2;1;12;35m [38;2;0;6;31m [38;2;0;16;57m [38;2;0;18;124m [38;2;17;59;180m.[38;2;6;43;172m.[38;2;154;147;216mx[38;2;201;185;205m0[38;2;176;159;164mx[38;2;249;237;199mN[38;2;248;224;161mX[38;2;255;240;147mN[38;2;225;203;121m0[38;2;177;158;112mx[38;2;227;217;162mK[38;2;187;157;95mx[38;2;197;169;90mk[38;2;204;187;102mO[38;2;233;208;107mK[38;2;255;233;110mX[38;2;255;229;103mX[38;2;255;225;104mX[38;2;255;225;104mX[38;2;255;224;100mX[38;2;255;225;93mX[38;2;255;225;95mX[38;2;255;225;93mX[38;2;255;225;90mX[38;2;255;225;92mX[38;2;255;224;92mX[38;2;255;225;88mX[38;2;255;227;93mX[38;2;255;225;88mX[38;2;255;225;89mX[38;2;255;224;87mX[38;2;255;226;96mX[38;2;255;227;91mX[38;2;242;210;78mK[38;2;128;117;80mc[38;2;106;141;173mo[38;2;110;151;164mo[38;2;111;149;157mo[38;2;86;127;133mc[38;2;151;176;171mx[38;2;221;236;236mN[38;2;226;245;247mW[38;2;221;242;244mN[38;2;222;242;244mN[38;2;224;242;245mN[38;2;221;242;245mN[38;2;221;241;243mN[38;2;218;241;243mN[38;2;222;242;244mN[38;2;218;241;243mN[38;2;217;241;243mN[38;2;217;241;243mN[38;2;218;241;243mN[0m
[0m[38;2;27;48;55m.[38;2;8;44;55m.[38;2;7;39;39m.[38;2;6;18;20m [38;2;4;32;48m [38;2;74;142;149ml[38;2;39;81;81m'[38;2;4;11;19m [38;2;11;40;55m.[38;2;10;38;56m.[38;2;7;45;57m.[38;2;7;31;36m [38;2;4;11;11m [38;2;0;8;7m [38;2;10;27;44m [38;2;59;95;133m;[38;2;131;162;204mx[38;2;111;139;159ml[38;2;77;91;98m;[38;2;13;38;59m.[38;2;7;39;61m.[38;2;15;53;91m.[38;2;13;32;61m.[38;2;14;37;78m.[38;2;18;40;92m.[38;2;17;42;151m.[38;2;4;83;236m,[38;2;54;169;255mo[38;2;51;187;255md[38;2;59;178;255md[38;2;106;196;255mk[38;2;68;181;246md[38;2;137;159;248mx[38;2;171;177;222mO[38;2;255;237;214mW[38;2;255;234;179mN[38;2;255;234;159mN[38;2;255;232;152mN[38;2;255;227;135mX[38;2;253;229;109mX[38;2;215;144;49md[38;2;255;234;119mN[38;2;255;225;108mX[38;2;255;227;100mX[38;2;255;223;100mX[38;2;255;222;98mX[38;2;255;225;88mX[38;2;255;226;94mX[38;2;255;225;95mX[38;2;255;226;92mX[38;2;255;227;88mX[38;2;255;226;96mX[38;2;255;227;90mX[38;2;255;225;84mX[38;2;255;225;83mX[38;2;255;226;81mX[38;2;255;225;85mX[38;2;255;225;82mX[38;2;255;228;80mX[38;2;255;243;91mN[38;2;130;95;53m:[38;2;102;150;175mo[38;2;103;142;153ml[38;2;110;149;151mo[38;2;88;125;136mc[38;2;151;184;183mk[38;2;238;250;251mW[38;2;223;242;245mN[38;2;218;240;243mN[38;2;220;242;243mN[38;2;219;241;244mN[38;2;220;241;244mN[38;2;221;242;244mN[38;2;218;241;243mN[38;2;216;241;243mN[38;2;218;242;243mN[38;2;220;241;243mN[38;2;218;241;243mN[38;2;217;240;242mN[38;2;218;241;243mN[0m
[0m[38;2;19;40;48m.[38;2;30;72;93m.[38;2;44;91;82m,[38;2;4;18;19m [38;2;3;33;49m [38;2;73;140;147mc[38;2;37;85;91m'[38;2;15;23;28m [38;2;40;81;87m'[38;2;38;81;86m'[38;2;44;84;91m'[38;2;46;101;109m,[38;2;35;73;79m.[38;2;19;54;59m.[38;2;25;57;69m.[38;2;19;45;49m.[38;2;6;15;36m [38;2;30;69;98m.[38;2;80;106;141m:[38;2;98;120;162mc[38;2;81;119;162mc[38;2;68;101;148m;[38;2;99;124;151mc[38;2;96;137;171ml[38;2;107;142;203mo[38;2;112;153;235md[38;2;67;181;255md[38;2;175;250;255mN[38;2;150;249;255mX[38;2;117;249;255mK[38;2;97;250;255mK[38;2;88;247;255m0[38;2;78;215;255mk[38;2;146;222;255mK[38;2;70;217;255mk[38;2;128;174;246mk[38;2;106;122;176ml[38;2;141;133;128mo[38;2;161;143;110mo[38;2;187;165;111mx[38;2;191;127;53mo[38;2;224;195;101m0[38;2;223;185;81mO[38;2;226;189;77mO[38;2;225;191;85mO[38;2;231;199;75m0[38;2;237;205;89m0[38;2;240;207;90mK[38;2;244;212;90mK[38;2;246;216;84mK[38;2;241;209;80mK[38;2;236;199;74m0[38;2;230;189;69mO[38;2;220;176;59mk[38;2;212;165;56mx[38;2;217;173;58mk[38;2;222;174;61mk[38;2;218;185;84mO[38;2;231;204;79m0[38;2;204;163;68mx[38;2;87;122;105m:[38;2;102;140;167ml[38;2;103;135;157ml[38;2;104;134;140ml[38;2;88;124;135mc[38;2;237;253;252mW[38;2;225;242;244mN[38;2;219;241;244mN[38;2;218;241;243mN[38;2;216;240;243mN[38;2;216;240;243mN[38;2;216;240;242mN[38;2;220;241;244mN[38;2;218;241;243mN[38;2;217;240;243mN[38;2;218;241;243mN[38;2;217;240;243mN[38;2;217;241;243mN[38;2;217;241;243mN[38;2;217;240;244mN[0m
[0m[38;2;39;67;78m.[38;2;75;158;169mo[38;2;18;42;35m.[38;2;4;20;22m [38;2;3;33;51m [38;2;77;143;154ml[38;2;35;80;85m'[38;2;28;48;54m.[38;2;75;162;167mo[38;2;59;142;141mc[38;2;60;131;133mc[38;2;57;137;154mc[38;2;71;146;143ml[38;2;14;48;54m.[38;2;6;41;49m.[38;2;5;43;51m.[38;2;1;23;33m [38;2;6;47;65m.[38;2;11;42;59m.[38;2;6;35;60m.[38;2;22;51;92m.[38;2;19;55;114m.[38;2;48;103;161m;[38;2;43;93;181m;[38;2;39;82;218m,[38;2;34;120;251m:[38;2;13;206;255md[38;2;103;238;255m0[38;2;126;246;255mK[38;2;116;249;255mK[38;2;147;253;255mX[38;2;186;255;255mN[38;2;193;255;255mN[38;2;241;255;255mM[38;2;24;255;255mO[38;2;116;157;255md[38;2;12;78;222m'[38;2;7;65;154m.[38;2;10;46;105m.[38;2;8;43;84m.[38;2;31;59;63m.[38;2;68;75;67m'[38;2;128;117;77mc[38;2;119;92;36m;[38;2;155;139;89mo[38;2;129;100;53m:[38;2;147;111;52mc[38;2;136;96;37m:[38;2;146;100;39m:[38;2;156;112;36mc[38;2;157;101;28m:[38;2;164;110;41mc[38;2;186;130;35mo[38;2;190;128;27mo[38;2;174;129;38ml[38;2;151;101;28m:[38;2;109;81;34m,[38;2;137;116;81mc[38;2;169;122;48ml[38;2;114;78;29m,[38;2;77;103;99m;[38;2;109;137;150ml[38;2;105;139;148ml[38;2;99;127;141mc[38;2;107;143;145ml[38;2;237;251;251mW[38;2;216;240;243mN[38;2;215;240;242mN[38;2;217;240;242mN[38;2;215;240;242mN[38;2;216;240;243mN[38;2;215;240;243mN[38;2;219;240;243mN[38;2;216;240;242mN[38;2;216;240;244mN[38;2;215;240;242mN[38;2;216;240;242mN[38;2;216;240;242mN[38;2;215;240;242mN[38;2;211;240;242mN[0m
[0m[38;2;77;139;129mc[38;2;22;66;70m.[38;2;2;15;17m [38;2;4;20;27m [38;2;3;37;54m [38;2;72;139;161mc[38;2;40;80;81m'[38;2;29;43;53m.[38;2;75;150;157ml[38;2;58;131;134m:[38;2;57;134;140mc[38;2;57;133;141mc[38;2;60;143;152mc[38;2;59;126;126m:[38;2;12;43;54m.[38;2;4;43;47m.[38;2;0;22;28m [38;2;6;47;64m.[38;2;6;45;66m.[38;2;6;46;70m.[38;2;8;45;76m.[38;2;6;30;71m [38;2;54;114;145m:[38;2;72;162;198mo[38;2;29;82;203m,[38;2;14;106;255m;[38;2;0;231;255mx[38;2;205;255;255mW[38;2;157;255;255mX[38;2;158;255;255mN[38;2;165;255;255mN[38;2;179;255;255mN[38;2;187;255;255mN[38;2;227;255;255mW[38;2;40;246;255mO[38;2;119;153;251md[38;2;7;45;209m.[38;2;9;48;130m.[38;2;15;47;98m.[38;2;31;55;91m.[38;2;19;58;86m.[38;2;24;65;78m.[38;2;46;80;93m'[38;2;6;23;31m [38;2;142;188;253mO[38;2;36;57;120m.[38;2;116;127;133ml[38;2;21;41;38m.[38;2;28;53;50m.[38;2;22;51;51m.[38;2;40;85;82m'[38;2;12;10;8m [38;2;136;148;148mo[38;2;58;57;45m.[38;2;25;37;35m.[38;2;4;36;42m [38;2;12;24;35m [38;2;71;108;135m:[38;2;86;113;127m:[38;2;29;24;17m [38;2;0;1;2m [38;2;23;29;28m [38;2;49;67;69m.[38;2;77;94;89m;[38;2;90;121;119mc[38;2;239;251;251mW[38;2;217;242;243mN[38;2;215;240;242mN[38;2;215;240;242mN[38;2;216;240;242mN[38;2;214;240;243mN[38;2;215;240;243mN[38;2;215;240;244mN[38;2;216;240;242mN[38;2;216;240;242mN[38;2;215;240;243mN[38;2;217;240;243mN[38;2;215;240;242mN[38;2;214;240;242mN[38;2;212;240;242mN[0m
[0m[38;2;33;66;60m.[38;2;7;40;57m.[38;2;3;22;22m [38;2;4;14;21m [38;2;1;36;47m [38;2;79;147;167ml[38;2;30;78;62m.[38;2;28;42;57m.[38;2;72;150;159ml[38;2;54;135;137mc[38;2;58;136;142mc[38;2;58;131;137m:[38;2;54;144;143mc[38;2;52;119;125m:[38;2;58;109;116m;[38;2;6;43;45m.[38;2;1;17;21m [38;2;7;47;57m.[38;2;6;44;62m.[38;2;4;41;59m.[38;2;11;40;69m.[38;2;9;35;72m.[38;2;6;26;69m [38;2;38;93;136m,[38;2;59;109;183m:[38;2;18;79;242m,[38;2;22;180;255mo[38;2;97;212;255mO[38;2;83;233;255mO[38;2;81;236;255m0[38;2;70;227;255mO[38;2;68;225;255mO[38;2;52;205;255mx[38;2;38;178;255mo[38;2;69;198;255mx[38;2;107;148;221mo[38;2;6;18;118m [38;2;72;125;190mc[38;2;17;54;110m.[38;2;23;65;107m.[38;2;22;61;111m.[38;2;18;58;93m.[38;2;12;52;78m.[38;2;20;30;46m.[38;2;149;200;255mO[38;2;21;57;133m.[38;2;128;128;128ml[38;2;2;28;36m [38;2;9;46;56m.[38;2;8;47;57m.[38;2;18;53;66m.[38;2;0;1;3m [38;2;133;167;180mx[38;2;56;76;94m'[38;2;7;22;29m [38;2;9;27;32m [38;2;0;5;10m [38;2;80;128;158mc[38;2;100;127;160ml[38;2;12;15;16m [38;2;0;4;0m [38;2;2;6;0m [38;2;0;3;0m [38;2;1;2;0m [38;2;11;15;16m [38;2;164;191;177mO[38;2;182;206;209m0[38;2;207;230;230mX[38;2;226;246;247mW[38;2;219;244;246mN[38;2;216;241;243mN[38;2;216;240;243mN[38;2;216;240;243mN[38;2;216;240;244mN[38;2;215;240;244mN[38;2;215;240;243mN[38;2;215;240;243mN[38;2;215;240;243mN[38;2;214;239;242mN[38;2;215;239;241mN[0m
[0m[38;2;20;47;47m.[38;2;4;48;60m.[38;2;6;23;20m [38;2;7;14;18m [38;2;6;33;47m [38;2;73;143;160ml[38;2;24;62;58m.[38;2;22;27;48m [38;2;54;115;119m;[38;2;38;91;91m'[38;2;41;91;94m,[38;2;43;87;93m'[38;2;46;95;94m,[38;2;58;107;106m;[38;2;40;77;81m'[38;2;38;74;79m'[38;2;37;69;69m.[38;2;4;13;20m [38;2;4;42;50m.[38;2;4;32;50m [38;2;4;43;55m.[38;2;11;39;58m.[38;2;22;55;85m.[38;2;19;55;101m.[38;2;20;64;125m.[38;2;17;63;159m.[38;2;45;113;206m:[38;2;9;46;190m.[38;2;14;98;229m;[38;2;6;98;233m,[38;2;11;89;231m,[38;2;9;88;222m,[38;2;4;73;215m'[38;2;4;40;187m.[38;2;112;164;238mx[38;2;113;128;157ml[38;2;1;2;49m [38;2;89;173;199md[38;2;32;71;113m'[38;2;10;43;82m.[38;2;7;52;84m.[38;2;12;50;80m.[38;2;9;48;64m.[38;2;30;44;68m.[38;2;142;178;254mk[38;2;46;80;142m,[38;2;113;127;128ml[38;2;2;16;18m [38;2;4;20;18m [38;2;4;13;13m [38;2;1;10;10m [38;2;0;0;0m [38;2;102;147;180mo[38;2;77;104;116m;[38;2;4;17;20m [38;2;15;51;55m.[38;2;0;10;22m [38;2;82;120;131m:[38;2;89;120;131mc[38;2;77;88;88m,[38;2;2;7;4m [38;2;0;6;1m [38;2;0;6;2m [38;2;1;6;0m [38;2;1;0;0m [38;2;105;137;130ml[38;2;87;120;119m:[38;2;85;124;130mc[38;2;120;150;158mo[38;2;144;179;178mk[38;2;171;197;201mO[38;2;205;225;228mX[38;2;228;247;248mW[38;2;224;244;244mW[38;2;216;240;244mN[38;2;215;240;243mN[38;2;214;240;243mN[38;2;216;240;243mN[38;2;215;239;242mN[38;2;219;239;242mN[0m
[0m[38;2;15;37;39m.[38;2;5;39;51m.[38;2;1;29;30m [38;2;7;32;45m [38;2;5;28;39m [38;2;67;133;148mc[38;2;36;89;70m'[38;2;1;3;9m [38;2;4;32;38m [38;2;5;34;36m [38;2;7;46;50m.[38;2;16;53;57m.[38;2;20;60;71m.[38;2;28;67;75m.[38;2;24;59;67m.[38;2;42;83;102m'[38;2;88;161;164mo[38;2;0;5;12m [38;2;6;46;58m.[38;2;6;43;62m.[38;2;6;44;59m.[38;2;5;44;64m.[38;2;6;46;74m.[38;2;7;43;77m.[38;2;7;45;94m.[38;2;10;51;96m.[38;2;14;56;113m.[38;2;21;40;104m.[38;2;8;55;134m.[38;2;6;58;123m.[38;2;15;55;141m.[38;2;9;55;128m.[38;2;8;52;134m.[38;2;6;26;111m.[38;2;118;159;206md[38;2;112;129;136ml[38;2;0;3;20m [38;2;62;110;139m:[38;2;40;80;103m'[38;2;10;23;45m [38;2;3;30;36m [38;2;7;19;38m [38;2;1;6;10m [38;2;20;35;81m.[38;2;224;240;255mN[38;2;86;123;165mc[38;2;78;102;119m;[38;2;9;21;28m [38;2;0;12;15m [38;2;0;1;1m [38;2;0;6;3m [38;2;0;0;0m [38;2;89;125;166mc[38;2;96;125;128mc[38;2;3;19;25m [38;2;10;49;50m.[38;2;3;28;37m [38;2;16;29;36m [38;2;140;167;188mx[38;2;70;75;77m'[38;2;26;34;41m.[38;2;80;96;105m;[38;2;35;40;47m.[38;2;0;4;2m [38;2;0;0;0m [38;2;66;82;78m,[38;2;107;143;132ml[38;2;92;128;136mc[38;2;93;130;145mc[38;2;92;127;141mc[38;2;76;117;132m:[38;2;86;120;129mc[38;2;107;142;152ml[38;2;141;167;177mx[38;2;160;192;195mO[38;2;199;220;223mK[38;2;225;245;248mW[38;2;224;243;246mW[38;2;217;240;245mN[38;2;215;240;243mN[0m
[0m[38;2;19;44;49m.[38;2;5;45;59m.[38;2;4;43;52m.[38;2;4;40;53m.[38;2;3;27;32m [38;2;62;121;145m:[38;2;45;92;86m,[38;2;1;11;13m [38;2;4;43;58m.[38;2;5;42;52m.[38;2;3;42;48m.[38;2;2;42;48m.[38;2;4;42;55m.[38;2;6;42;54m.[38;2;6;42;50m.[38;2;3;35;46m [38;2;53;97;113m,[38;2;2;13;16m [38;2;6;45;61m.[38;2;6;42;57m.[38;2;6;42;55m.[38;2;5;43;58m.[38;2;6;46;60m.[38;2;5;44;65m.[38;2;5;44;73m.[38;2;6;48;76m.[38;2;7;46;71m.[38;2;47;64;78m.[38;2;12;49;83m.[38;2;5;35;67m.[38;2;4;31;65m [38;2;6;25;54m [38;2;4;20;48m [38;2;1;6;25m [38;2;108;147;208mo[38;2;128;134;140ml[38;2;1;18;33m [38;2;5;22;51m [38;2;3;18;37m [38;2;1;24;54m [38;2;17;64;115m.[38;2;1;19;50m [38;2;0;2;18m [38;2;34;64;104m.[38;2;255;255;255mM[38;2;106;123;156mc[38;2;44;60;86m.[38;2;14;38;49m.[38;2;0;11;17m [38;2;0;4;1m [38;2;0;4;1m [38;2;0;0;0m [38;2;74;117;158m:[38;2;92;121;129mc[38;2;24;43;51m.[38;2;27;57;51m.[38;2;1;23;29m [38;2;27;51;58m.[38;2;55;92;144m;[38;2;88;98;115m;[38;2;91;112;128m:[38;2;100;119;143mc[38;2;51;84;84m'[38;2;43;72;106m'[38;2;1;1;0m [38;2;6;10;8m [38;2;111;152;134mo[38;2;89;130;145mc[38;2;88;130;144mc[38;2;96;129;145mc[38;2;93;131;143mc[38;2;100;132;148ml[38;2;91;129;142mc[38;2;91;131;140mc[38;2;80;126;124mc[38;2;83;124;124mc[38;2;99;142;147ml[38;2;123;161;171md[38;2;157;185;193mk[38;2;186;213;217mK[0m
[0m[38;2;19;45;50m.[38;2;4;43;54m.[38;2;1;38;53m [38;2;4;41;51m.[38;2;4;26;38m [38;2;55;101;145m;[38;2;54;108;96m;[38;2;0;8;11m [38;2;4;41;58m.[38;2;4;40;53m.[38;2;3;41;52m.[38;2;3;41;49m.[38;2;4;41;51m.[38;2;4;42;50m.[38;2;2;43;46m.[38;2;3;42;47m.[38;2;5;43;51m.[38;2;2;17;22m [38;2;6;51;65m.[38;2;6;44;56m.[38;2;7;41;48m.[38;2;1;36;45m [38;2;4;34;40m [38;2;2;26;36m [38;2;1;25;28m [38;2;1;17;26m [38;2;5;15;26m [38;2;9;20;28m [38;2;5;24;34m [38;2;0;9;14m [38;2;12;26;37m [38;2;15;28;47m [38;2;1;18;30m [38;2;0;0;1m [38;2;94;140;195ml[38;2;130;141;155mo[38;2;4;28;91m [38;2;6;31;98m.[38;2;1;15;94m [38;2;9;38;131m.[38;2;16;81;173m'[38;2;3;34;138m.[38;2;0;6;113m [38;2;43;86;160m,[38;2;238;255;255mM[38;2;123;128;174ml[38;2;14;21;51m [38;2;12;40;64m.[38;2;18;36;51m.[38;2;35;65;73m.[38;2;42;66;70m.[38;2;0;6;7m [38;2;72;118;160m:[38;2;73;98;121m;[38;2;28;57;69m.[38;2;58;99;104m;[38;2;4;32;35m [38;2;6;35;42m [38;2;97;135;169ml[38;2;8;7;14m [38;2;23;42;47m.[38;2;76;105;133m:[38;2;7;22;27m [38;2;49;87;137m,[38;2;1;3;0m [38;2;0;1;0m [38;2;45;58;52m.[38;2;76;118;124m:[38;2;99;139;143ml[38;2;89;130;137mc[38;2;95;130;132mc[38;2;97;130;144ml[38;2;98;130;143ml[38;2;94;133;140ml[38;2;87;136;144ml[38;2;90;133;143mc[38;2;89;132;138mc[38;2;86;127;139mc[38;2;79;127;133mc[38;2;78;112;133m:[0m
[0m[38;2;20;44;56m.[38;2;6;40;59m.[38;2;3;38;51m.[38;2;4;42;50m.[38;2;2;26;40m [38;2;56;109;155m;[38;2;50;117;108m;[38;2;0;11;21m [38;2;4;42;64m.[38;2;5;42;55m.[38;2;5;47;50m.[38;2;4;44;51m.[38;2;5;39;52m.[38;2;1;36;49m [38;2;2;27;36m [38;2;2;29;30m [38;2;4;26;36m [38;2;1;10;9m [38;2;1;17;16m [38;2;2;10;13m [38;2;26;32;34m.[38;2;50;51;51m.[38;2;51;52;51m.[38;2;50;51;52m.[38;2;51;52;54m.[38;2;51;51;51m.[38;2;44;39;46m.[38;2;49;65;85m.[38;2;29;60;73m.[38;2;25;27;42m [38;2;13;23;34m [38;2;10;28;46m [38;2;3;16;38m [38;2;0;0;1m [38;2;60;102;184m:[38;2;174;192;212mO[38;2;5;25;145m.[38;2;17;80;223m,[38;2;1;89;226m,[38;2;20;127;245m:[38;2;36;150;252ml[38;2;36;162;252mo[38;2;72;162;248mo[38;2;51;169;248mo[38;2;214;246;255mN[38;2;124;163;232mx[38;2;1;8;52m [38;2;35;77;128m'[38;2;52;110;127m;[38;2;72;153;169ml[38;2;56;110;126m;[38;2;0;7;13m [38;2;93;130;176ml[38;2;37;54;71m.[38;2;14;42;50m.[38;2;14;32;37m [38;2;9;33;37m [38;2;5;29;24m [38;2;75;105;142m:[38;2;8;22;27m [38;2;5;14;17m [38;2;121;166;177md[38;2;6;20;27m [38;2;58;91;130m,[38;2;0;3;0m [38;2;0;4;1m [38;2;2;3;0m [38;2;1;5;3m [38;2;35;57;57m.[38;2;53;86;91m,[38;2;79;111;109m:[38;2;101;136;145ml[38;2;96;129;145mc[38;2;92;127;139mc[38;2;95;128;143mc[38;2;86;130;142mc[38;2;87;129;142mc[38;2;84;128;145mc[38;2;86;129;138mc[38;2;95;128;150mc[0m
[0m[38;2;20;48;62m.[38;2;4;45;61m.[38;2;1;34;51m [38;2;4;40;55m.[38;2;1;30;45m [38;2;53;94;146m;[38;2;51;118;114m;[38;2;0;9;11m [38;2;4;24;31m [38;2;2;22;21m [38;2;1;17;16m [38;2;0;13;11m [38;2;0;5;5m [38;2;0;1;3m [38;2;0;4;1m [38;2;0;5;1m [38;2;4;24;32m [38;2;9;31;40m [38;2;5;32;43m [38;2;1;3;6m [38;2;149;168;185mx[38;2;173;223;224mK[38;2;177;216;226mK[38;2;176;218;230mK[38;2;175;223;228mK[38;2;194;222;226mK[38;2;154;187;198mk[38;2;123;136;154mo[38;2;140;180;188mk[38;2;124;148;158mo[38;2;93;109;123m:[38;2;122;150;160mo[38;2;97;105;114m:[38;2;16;16;28m [38;2;22;45;145m.[38;2;204;246;254mN[38;2;48;133;248mc[38;2;71;217;255mk[38;2;80;240;255m0[38;2;101;254;255mK[38;2;111;255;255mK[38;2;119;255;255mK[38;2;141;255;255mX[38;2;37;220;255mk[38;2;220;248;255mW[38;2;103;177;249mx[38;2;4;24;89m [38;2;3;38;94m.[38;2;44;83;115m'[38;2;45;100;123m,[38;2;59;102;113m;[38;2;1;10;18m [38;2;97;145;207mo[38;2;19;35;39m.[38;2;29;60;65m.[38;2;24;48;58m.[38;2;4;18;25m [38;2;8;39;35m.[38;2;44;65;87m.[38;2;34;55;64m.[38;2;2;7;15m [38;2;128;169;202mx[38;2;10;31;41m [38;2;68;93;130m;[38;2;0;2;0m [38;2;0;3;1m [38;2;0;4;1m [38;2;0;4;0m [38;2;11;37;37m.[38;2;7;44;50m.[38;2;0;3;5m [38;2;27;48;49m.[38;2;51;79;85m'[38;2;71;100;108m;[38;2;96;131;139mc[38;2;92;133;141ml[38;2;91;128;145mc[38;2;87;127;145mc[38;2;101;130;147ml[38;2;89;130;151mc[0m
[0m[38;2;13;30;29m [38;2;5;23;29m [38;2;9;16;18m [38;2;1;12;25m [38;2;7;37;52m.[38;2;51;78;127m,[38;2;61;138;128mc[38;2;1;11;3m [38;2;0;7;5m [38;2;11;21;18m [38;2;8;14;20m [38;2;12;24;24m [38;2;1;6;1m [38;2;0;6;0m [38;2;0;4;0m [38;2;1;5;0m [38;2;16;28;42m [38;2;10;46;59m.[38;2;10;48;67m.[38;2;6;13;24m [38;2;14;27;41m [38;2;21;51;81m.[38;2;25;45;95m.[38;2;18;47;102m.[38;2;22;62;118m.[38;2;25;67;134m.[38;2;35;47;121m.[38;2;21;40;83m.[38;2;31;56;77m.[38;2;23;41;56m.[38;2;7;16;37m [38;2;38;99;157m;[38;2;118;151;202md[38;2;170;188;207mO[38;2;14;26;99m.[38;2;187;224;255mX[38;2;71;220;255mk[38;2;116;255;255mK[38;2;87;255;255mK[38;2;103;255;255mK[38;2;98;255;255mK[38;2;96;255;255mK[38;2;111;255;255mK[38;2;28;228;255mk[38;2;243;254;255mM[38;2;67;137;237ml[38;2;5;32;106m.[38;2;9;53;111m.[38;2;14;47;78m.[38;2;17;57;83m.[38;2;34;66;80m.[38;2;7;12;25m [38;2;111;167;212md[38;2;20;46;50m.[38;2;22;47;60m.[38;2;6;42;58m.[38;2;10;27;37m [38;2;10;49;47m.[38;2;18;35;55m.[38;2;64;92;98m,[38;2;0;4;4m [38;2;125;165;202mx[38;2;35;56;73m.[38;2;68;94;119m;[38;2;3;3;2m [38;2;0;4;6m [38;2;0;7;5m [38;2;1;4;1m [38;2;15;43;48m.[38;2;4;37;38m [38;2;0;5;1m [38;2;15;39;43m.[38;2;6;28;43m [38;2;11;26;34m [38;2;25;46;52m.[38;2;60;93;97m,[38;2;98;124;141mc[38;2;101;129;145ml[38;2;103;127;144ml[38;2;98;125;150mc[0m
