[0m[38;2;26;48;39m.[38;2;9;45;48m.[38;2;10;40;33m.[38;2;1;14;7m [38;2;7;35;43m [38;2;3;26;32m [38;2;78;142;136ml[38;2;16;35;34m.[38;2;5;4;0m [38;2;0;12;0m [38;2;5;10;6m [38;2;8;16;16m [38;2;7;23;19m [38;2;2;12;19m [38;2;108;161;189md[38;2;99;108;119m:[38;2;2;9;11m [38;2;11;45;54m.[38;2;10;46;66m.[38;2;10;44;62m.[38;2;9;45;61m.[38;2;10;45;65m.[38;2;3;47;66m.[38;2;5;46;67m.[38;2;9;44;70m.[38;2;9;35;66m.[38;2;72;159;183mo[38;2;15;25;37m [38;2;39;74;111m'[38;2;48;100;143m;[38;2;48;85;122m,[38;2;26;49;89m.[38;2;6;46;75m.[38;2;15;44;87m.[38;2;7;32;73m.[38;2;64;116;148m:[38;2;46;61;74m.[38;2;66;159;183mo[38;2;50;107;137m;[38;2;7;36;63m.[38;2;3;33;59m [38;2;27;51;126m.[38;2;133;157;175md[38;2;11;34;60m.[38;2;4;18;43m [38;2;14;34;104m.[38;2;189;237;255mX[38;2;37;83;116m'[38;2;51;100;132m;[38;2;33;68;92m.[38;2;13;21;37m [38;2;14;38;77m.[38;2;7;31;50m [38;2;13;45;71m.[38;2;5;42;79m.[38;2;9;32;59m [38;2;12;42;72m.[38;2;3;10;25m [38;2;57;92;155m;[38;2;11;36;50m.[38;2;4;26;56m [38;2;4;35;67m.[38;2;6;32;66m [38;2;11;45;92m.[38;2;5;40;61m.[38;2;11;40;61m.[38;2;2;33;46m [38;2;6;42;55m.[38;2;8;47;55m.[38;2;11;48;60m.[38;2;9;28;38m [38;2;11;42;52m.[38;2;15;37;40m.[38;2;1;7;5m [38;2;5;31;27m [38;2;10;38;42m.[38;2;8;36;40m [38;2;8;35;34m [38;2;16;45;41m.[38;2;5;47;40m.[0m
[0m[38;2;20;46;42m.[38;2;11;42;43m.[38;2;6;29;26m [38;2;0;12;10m [38;2;5;32;38m [38;2;1;24;31m [38;2;75;142;142ml[38;2;11;24;22m [38;2;0;6;4m [38;2;2;7;2m [38;2;2;2;0m [38;2;0;3;0m [38;2;1;3;0m [38;2;21;37;53m.[38;2;195;218;237mK[38;2;13;11;11m [38;2;3;14;14m [38;2;2;16;20m [38;2;3;20;32m [38;2;5;25;40m [38;2;6;29;50m [38;2;9;36;57m.[38;2;9;41;75m.[38;2;7;45;83m.[38;2;10;46;86m.[38;2;7;39;78m.[38;2;36;85;130m'[38;2;16;31;49m [38;2;13;42;91m.[38;2;8;41;93m.[38;2;20;41;104m.[38;2;18;49;99m.[38;2;15;53;101m.[38;2;22;53;105m.[38;2;22;54;99m.[38;2;40;79;112m'[38;2;40;53;82m.[38;2;68;146;175ml[38;2;77;145;183ml[38;2;18;43;83m.[38;2;0;20;43m [38;2;31;58;138m.[38;2;121;146;163mo[38;2;9;30;64m [38;2;5;19;51m [38;2;15;39;119m.[38;2;178;232;255mX[38;2;6;13;28m [38;2;65;130;162mc[38;2;72;156;187mo[38;2;36;71;103m'[38;2;36;68;109m.[38;2;9;28;59m [38;2;32;73;100m.[38;2;7;33;63m [38;2;4;24;47m [38;2;14;37;64m.[38;2;1;14;30m [38;2;86;122;209mc[38;2;13;30;56m [38;2;4;26;59m [38;2;5;35;67m.[38;2;55;74;100m'[38;2;48;63;70m.[38;2;56;77;96m'[38;2;54;61;79m.[38;2;48;65;70m.[38;2;31;52;68m.[38;2;15;44;56m.[38;2;6;42;47m.[38;2;1;24;28m [38;2;7;41;46m.[38;2;6;28;33m [38;2;0;7;3m [38;2;7;29;33m [38;2;11;28;38m [38;2;8;28;37m [38;2;11;29;23m [38;2;11;38;43m.[38;2;4;41;41m.[0m
[0m[38;2;22;46;47m.[38;2;10;42;49m.[38;2;9;31;37m [38;2;1;10;11m [38;2;4;37;39m [38;2;2;25;37m [38;2;82;136;132mc[38;2;2;14;23m [38;2;3;24;24m [38;2;4;24;28m [38;2;2;19;26m [38;2;3;25;32m [38;2;1;1;6m [38;2;137;174;200mx[38;2;89;101;123m:[38;2;6;23;38m [38;2;5;30;58m [38;2;0;2;11m [38;2;2;3;18m [38;2;2;8;31m [38;2;2;7;30m [38;2;0;7;27m [38;2;2;10;39m [38;2;5;16;47m [38;2;6;26;72m [38;2;5;28;80m [38;2;10;35;93m.[38;2;6;18;58m [38;2;18;43;110m.[38;2;20;47;124m.[38;2;18;49;123m.[38;2;16;51;122m.[38;2;19;46;120m.[38;2;14;47;110m.[38;2;6;36;99m.[38;2;64;118;175m:[38;2;33;56;88m.[38;2;27;54;94m.[38;2;43;90;136m,[38;2;37;73;133m'[38;2;13;26;65m [38;2;37;73;154m'[38;2;100;125;143mc[38;2;10;31;60m [38;2;7;15;47m [38;2;5;30;107m.[38;2;188;243;255mN[38;2;0;7;38m [38;2;23;44;98m.[38;2;78;161;191mo[38;2;34;63;86m.[38;2;69;123;165mc[38;2;5;23;66m [38;2;42;88;137m,[38;2;82;153;192mo[38;2;22;42;65m.[38;2;24;45;77m.[38;2;18;46;89m.[38;2;116;157;229md[38;2;5;22;78m [38;2;16;27;132m.[38;2;2;32;125m.[38;2;67;93;189m;[38;2;64;90;158m;[38;2;74;94;137m;[38;2;65;79;120m,[38;2;69;91;108m,[38;2;44;67;100m'[38;2;73;96;122m;[38;2;50;75;97m'[38;2;2;22;26m [38;2;8;20;21m [38;2;4;14;16m [38;2;5;30;42m [38;2;8;48;57m.[38;2;10;25;33m [38;2;13;40;42m.[38;2;11;29;24m [38;2;12;37;49m.[38;2;8;35;43m [0m
[0m[38;2;18;48;51m.[38;2;8;43;53m.[38;2;9;35;36m [38;2;4;14;15m [38;2;6;39;45m.[38;2;4;24;34m [38;2;75;140;149mc[38;2;9;26;40m [38;2;2;6;4m [38;2;11;36;46m.[38;2;1;12;21m [38;2;12;26;35m [38;2;69;95;129m;[38;2;196;213;230mK[38;2;2;13;35m [38;2;5;42;88m.[38;2;12;28;77m [38;2;16;37;93m.[38;2;10;41;104m.[38;2;7;25;97m [38;2;7;17;61m [38;2;40;50;85m.[38;2;34;47;98m.[38;2;34;44;89m.[38;2;32;50;97m.[38;2;33;47;103m.[38;2;34;50;90m.[38;2;36;38;102m.[38;2;23;30;94m.[38;2;33;44;105m.[38;2;22;37;92m.[38;2;9;25;98m [38;2;15;27;112m.[38;2;14;36;115m.[38;2;15;41;129m.[38;2;25;62;132m.[38;2;23;40;87m.[38;2;21;49;120m.[38;2;17;51;125m.[38;2;11;48;108m.[38;2;0;5;51m [38;2;61;108;185m:[38;2;88;109;142m:[38;2;36;72;101m'[38;2;46;78;102m'[38;2;9;16;76m [38;2;204;251;255mN[38;2;1;16;45m [38;2;7;20;81m [38;2;53;105;136m;[38;2;41;71;96m'[38;2;40;79;117m'[38;2;39;70;122m'[38;2;9;24;90m [38;2;79;142;187ml[38;2;18;45;65m.[38;2;19;31;85m.[38;2;54;122;189m:[38;2;99;149;217mo[38;2;7;21;182m.[38;2;56;132;246ml[38;2;65;186;255mx[38;2;44;151;250ml[38;2;10;111;240m;[38;2;14;69;224m'[38;2;10;45;157m.[38;2;7;40;90m.[38;2;11;36;79m.[38;2;4;31;55m [38;2;91;114;156mc[38;2;22;30;39m [38;2;11;21;21m [38;2;6;38;53m.[38;2;5;46;57m.[38;2;6;38;43m [38;2;0;1;4m [38;2;42;62;59m.[38;2;27;54;51m.[38;2;10;38;45m.[38;2;3;34;43m [0m
[0m[38;2;25;43;46m.[38;2;10;42;48m.[38;2;7;28;29m [38;2;4;14;21m [38;2;7;41;53m.[38;2;5;23;40m [38;2;71;136;158mc[38;2;12;33;46m [38;2;9;28;54m [38;2;4;12;28m [38;2;10;19;36m [38;2;17;32;86m.[38;2;206;233;251mN[38;2;45;54;91m.[38;2;8;34;82m.[38;2;8;48;124m.[38;2;4;29;119m.[38;2;16;52;172m.[38;2;23;63;188m'[38;2;6;21;143m.[38;2;62;98;182m;[38;2;138;197;248mO[38;2;135;183;234mk[38;2;132;175;234mk[38;2;126;180;235mk[38;2;126;182;237mk[38;2;122;158;230md[38;2;144;147;233md[38;2;92;122;209ml[38;2;104;151;227md[38;2;103;127;192ml[38;2;107;130;176ml[38;2;60;77;151m,[38;2;86;93;138m;[38;2;24;29;99m.[38;2;1;11;78m [38;2;0;10;67m [38;2;11;26;105m.[38;2;10;33;99m.[38;2;7;32;80m.[38;2;0;15;82m [38;2;114;149;217md[38;2;46;69;129m'[38;2;12;34;93m.[38;2;57;115;153m:[38;2;8;14;69m [38;2;212;248;255mW[38;2;10;31;59m [38;2;27;51;104m.[38;2;33;55;96m.[38;2;51;79;109m'[38;2;12;29;66m [38;2;61;107;153m:[38;2;7;30;78m [38;2;32;69;113m.[38;2;29;53;83m.[38;2;12;39;106m.[38;2;15;66;157m.[38;2;97;156;229md[38;2;7;77;246m'[38;2;74;182;255mx[38;2;115;255;255mK[38;2;101;255;255mK[38;2;135;255;255mX[38;2;5;166;255ml[38;2;4;61;234m'[38;2;12;37;140m.[38;2;5;33;85m.[38;2;15;35;64m.[38;2;36;49;81m.[38;2;65;79;113m,[38;2;9;44;54m.[38;2;8;44;61m.[38;2;9;38;41m.[38;2;30;41;41m.[38;2;28;53;57m.[38;2;19;50;52m.[38;2;10;40;54m.[38;2;7;42;54m.[38;2;12;35;42m [0m
[0m[38;2;22;43;46m.[38;2;9;42;51m.[38;2;10;26;28m [38;2;7;16;28m [38;2;7;40;55m.[38;2;4;26;44m [38;2;80;138;173ml[38;2;5;17;22m [38;2;29;63;95m.[38;2;33;59;86m.[38;2;16;25;56m [38;2;118;150;216md[38;2;115;127;161ml[38;2;18;42;104m.[38;2;23;60;145m.[38;2;25;74;200m'[38;2;8;78;222m'[38;2;17;125;246m:[38;2;8;134;251m:[38;2;6;115;242m;[38;2;4;100;240m;[38;2;10;124;247m:[38;2;11;101;238m;[38;2;7;76;236m'[38;2;5;70;234m'[38;2;7;72;231m'[38;2;6;59;223m.[38;2;18;84;228m,[38;2;3;58;208m.[38;2;10;60;212m.[38;2;8;63;211m.[38;2;13;64;209m'[38;2;29;68;208m'[38;2;105;129;216ml[38;2;173;202;243m0[38;2;91;97;155m:[38;2;3;15;106m [38;2;1;17;113m [38;2;1;13;92m [38;2;0;3;54m [38;2;6;32;108m.[38;2;136;185;252mk[38;2;6;13;44m [38;2;4;9;46m [38;2;12;31;67m.[38;2;18;31;105m.[38;2;209;249;255mW[38;2;2;13;37m [38;2;6;40;90m.[38;2;7;39;98m.[38;2;48;86;136m,[38;2;14;28;64m [38;2;22;59;107m.[38;2;22;53;110m.[38;2;24;52;110m.[38;2;32;56;101m.[38;2;14;36;98m.[38;2;18;45;148m.[38;2;100;144;228mo[38;2;15;95;253m;[38;2;76;209;255mk[38;2;101;255;255mK[38;2;73;255;255m0[38;2;134;255;255mX[38;2;2;186;255mo[38;2;2;66;249m'[38;2;6;38;161m.[38;2;12;48;116m.[38;2;7;22;50m [38;2;35;55;100m.[38;2;65;79;118m,[38;2;7;44;54m.[38;2;13;35;49m.[38;2;32;45;47m.[38;2;33;52;57m.[38;2;5;38;49m.[38;2;7;42;55m.[38;2;5;42;50m.[38;2;5;41;47m.[38;2;11;39;44m.[0m
[0m[38;2;25;45;47m.[38;2;9;44;53m.[38;2;6;19;25m [38;2;4;19;24m [38;2;7;40;55m.[38;2;1;24;43m [38;2;85;138;170ml[38;2;0;10;14m [38;2;8;38;69m.[38;2;8;34;61m.[38;2;24;47;132m.[38;2;171;192;224mO[38;2;6;15;59m [38;2;49;111;197m:[38;2;58;129;223mc[38;2;63;153;252mo[38;2;6;186;255mo[38;2;150;255;255mX[38;2;110;246;255mK[38;2;99;242;255m0[38;2;94;240;255m0[38;2;75;237;255mO[38;2;77;227;255mO[38;2;66;220;255mk[38;2;47;206;255mx[38;2;24;189;255md[38;2;3;159;255ml[38;2;10;173;255mo[38;2;3;162;255ml[38;2;4;126;254m:[38;2;9;137;255mc[38;2;1;115;251m;[38;2;7;110;250m;[38;2;2;53;225m.[38;2;21;86;240m,[38;2;181;229;255mX[38;2;48;74;207m,[38;2;12;71;205m'[38;2;11;25;134m.[38;2;12;16;111m [38;2;11;52;164m.[38;2;146;212;255m0[38;2;0;4;39m [38;2;15;47;121m.[38;2;6;19;66m [38;2;12;48;155m.[38;2;197;235;255mN[38;2;0;0;8m [38;2;1;11;49m [38;2;2;15;58m [38;2;5;19;58m [38;2;6;18;60m [38;2;5;31;86m.[38;2;7;35;81m.[38;2;7;37;96m.[38;2;21;52;109m.[38;2;3;20;68m [38;2;31;68;153m'[38;2;69;115;208mc[38;2;12;84;240m,[38;2;66;180;255md[38;2;93;237;255m0[38;2;94;255;255mK[38;2;131;255;255mX[38;2;9;172;255ml[38;2;1;46;230m.[38;2;5;15;115m [38;2;10;32;89m.[38;2;4;24;47m [38;2;31;63;112m.[38;2;68;91;121m;[38;2;5;11;14m [38;2;29;44;55m.[38;2;11;31;38m [38;2;6;37;46m [38;2;6;37;43m [38;2;7;44;50m.[38;2;4;38;44m [38;2;4;40;46m.[38;2;11;41;51m.[0m
[0m[38;2;20;45;47m.[38;2;6;43;49m.[38;2;7;20;33m [38;2;6;22;23m [38;2;9;43;57m.[38;2;3;28;44m [38;2;84;132;174ml[38;2;0;7;20m [38;2;10;43;77m.[38;2;5;20;62m [38;2;95;141;209mo[38;2;70;84;125m,[38;2;8;30;105m.[38;2;16;63;169m.[38;2;73;157;248mo[38;2;42;178;255md[38;2;1;199;255md[38;2;164;255;255mN[38;2;116;255;255mK[38;2;120;255;255mX[38;2;134;255;255mX[38;2;138;255;255mX[38;2;145;255;255mX[38;2;170;255;255mN[38;2;186;255;255mN[38;2;162;255;255mN[38;2;100;255;255mK[38;2;120;249;255mK[38;2;109;249;255mK[38;2;115;248;255mK[38;2;87;239;255m0[38;2;83;235;255m0[38;2;62;229;255mO[38;2;34;200;255mx[38;2;20;175;255mo[38;2;77;226;255mO[38;2;96;160;250md[38;2;1;77;251m'[38;2;7;46;188m.[38;2;8;28;160m.[38;2;31;86;218m,[38;2;161;216;251mK[38;2;5;13;92m [38;2;24;61;165m.[38;2;4;28;106m.[38;2;9;38;167m.[38;2;195;249;255mN[38;2;0;4;59m [38;2;3;18;113m [38;2;12;43;129m.[38;2;2;33;116m.[38;2;5;22;77m [38;2;0;9;70m [38;2;0;9;45m [38;2;0;6;37m [38;2;4;12;41m [38;2;1;9;37m [38;2;6;22;54m [38;2;86;109;189mc[38;2;14;36;144m.[38;2;14;45;172m.[38;2;9;86;223m,[38;2;19;117;231m:[38;2;37;141;237mc[38;2;5;64;202m.[38;2;0;18;122m [38;2;0;10;55m [38;2;0;10;37m [38;2;0;3;7m [38;2;61;84;123m,[38;2;45;56;91m.[38;2;14;29;36m [38;2;11;47;60m.[38;2;9;42;52m.[38;2;4;34;44m [38;2;9;36;46m.[38;2;7;38;43m.[38;2;4;40;44m.[38;2;6;43;49m.[38;2;8;41;47m.[0m
[0m[38;2;20;46;46m.[38;2;8;43;49m.[38;2;8;28;29m [38;2;4;22;25m [38;2;7;44;57m.[38;2;3;27;45m [38;2;88;143;172ml[38;2;3;10;21m [38;2;10;43;68m.[38;2;20;36;91m.[38;2;134;175;238mk[38;2;8;18;62m [38;2;16;48;135m.[38;2;7;50;165m.[38;2;62;140;245ml[38;2;49;179;255md[38;2;0;205;255md[38;2;194;255;255mN[38;2;146;255;255mX[38;2;128;255;255mX[38;2;138;255;255mX[38;2;136;255;255mX[38;2;147;255;255mX[38;2;152;255;255mX[38;2;162;255;255mN[38;2;165;255;255mN[38;2;125;255;255mX[38;2;173;255;255mN[38;2;161;255;255mN[38;2;164;255;255mN[38;2;162;255;255mN[38;2;162;255;255mN[38;2;171;255;255mN[38;2;162;255;255mN[38;2;154;255;255mX[38;2;173;255;255mN[38;2;45;223;255mk[38;2;6;146;255mc[38;2;21;101;245m;[38;2;9;43;196m.[38;2;73;138;248ml[38;2;142;174;231mk[38;2;18;36;149m.[38;2;17;73;200m'[38;2;0;53;212m.[38;2;4;80;236m'[38;2;154;231;255mK[38;2;1;39;189m.[38;2;8;94;236m,[38;2;16;90;235m,[38;2;4;65;219m'[38;2;9;54;193m.[38;2;22;37;147m.[38;2;101;127;167ml[38;2;94;121;142mc[38;2;88;114;144m:[38;2;80;98;120m;[38;2;51;68;80m'[38;2;87;107;145m:[38;2;33;51;82m.[38;2;39;53;98m.[38;2;25;32;83m.[38;2;3;10;65m [38;2;2;26;91m [38;2;1;13;67m [38;2;2;14;46m [38;2;0;10;32m [38;2;4;6;20m [38;2;2;2;2m [38;2;97;123;150mc[38;2;17;43;64m.[38;2;11;37;46m.[38;2;9;37;47m.[38;2;4;42;49m.[38;2;7;43;49m.[38;2;6;31;40m [38;2;8;37;45m.[38;2;6;42;49m.[38;2;9;42;47m.[38;2;12;41;48m.[0m
[0m[38;2;14;39;40m.[38;2;5;36;44m [38;2;6;23;26m [38;2;2;21;27m [38;2;8;43;54m.[38;2;2;30;33m [38;2;88;139;178ml[38;2;4;14;29m [38;2;8;35;63m.[38;2;26;50;127m.[38;2;138;199;244mO[38;2;7;19;59m [38;2;11;52;129m.[38;2;14;58;177m.[38;2;19;83;233m,[38;2;70;192;255mx[38;2;0;208;255md[38;2;207;255;255mW[38;2;154;255;255mX[38;2;138;255;255mX[38;2;145;255;255mX[38;2;148;255;255mX[38;2;149;255;255mX[38;2;152;255;255mX[38;2;165;255;255mN[38;2;179;255;255mN[38;2;126;255;255mX[38;2;192;255;255mN[38;2;176;255;255mN[38;2;166;255;255mN[38;2;168;255;255mN[38;2;162;255;255mN[38;2;160;255;255mN[38;2;158;255;255mX[38;2;165;255;255mN[38;2;216;255;255mW[38;2;30;247;255mO[38;2;15;193;255md[38;2;3;81;253m,[38;2;4;71;240m'[38;2;112;197;255mk[38;2;108;140;208mo[38;2;46;117;231m:[38;2;58;156;252mo[38;2;17;172;255mo[38;2;102;230;255m0[38;2;78;246;255m0[38;2;110;205;255mO[38;2;90;234;255m0[38;2;88;228;255mO[38;2;56;189;255mx[38;2;1;138;255mc[38;2;3;55;222m.[38;2;10;36;167m.[38;2;7;15;91m [38;2;2;12;60m [38;2;9;32;87m.[38;2;3;29;68m [38;2;83;107;153m:[38;2;5;18;73m [38;2;6;15;78m [38;2;134;161;212mx[38;2;13;30;78m.[38;2;6;29;102m.[38;2;0;11;58m [38;2;0;13;40m [38;2;2;11;25m [38;2;3;6;12m [38;2;1;0;0m [38;2;125;159;210md[38;2;7;27;38m [38;2;1;6;5m [38;2;13;44;48m.[38;2;10;44;50m.[38;2;12;47;52m.[38;2;16;47;52m.[38;2;9;32;39m [38;2;20;48;49m.[38;2;7;35;39m [38;2;10;42;48m.[0m
[0m[38;2;37;68;64m.[38;2;29;63;74m.[38;2;33;73;72m.[38;2;8;22;30m [38;2;8;43;54m.[38;2;5;30;43m [38;2;80;131;156mc[38;2;6;18;26m [38;2;28;52;78m.[38;2;25;55;124m.[38;2;147;183;209mk[38;2;26;44;74m.[38;2;31;65;123m.[38;2;28;60;164m.[38;2;27;85;210m,[38;2;41;156;253ml[38;2;5;203;255md[38;2;164;240;255mX[38;2;137;254;255mX[38;2;138;255;255mX[38;2;145;255;255mX[38;2;168;255;255mN[38;2;163;255;255mN[38;2;175;255;255mN[38;2;194;255;255mN[38;2;200;255;255mW[38;2;121;255;255mX[38;2;213;255;255mW[38;2;191;255;255mN[38;2;178;255;255mN[38;2;167;255;255mN[38;2;166;255;255mN[38;2;162;255;255mN[38;2;158;255;255mX[38;2;169;255;255mN[38;2;229;255;255mW[38;2;29;244;255mO[38;2;29;204;255mx[38;2;21;128;253mc[38;2;22;86;238m,[38;2;214;254;255mW[38;2;49;77;199m,[38;2;10;75;240m'[38;2;38;196;255md[38;2;48;199;255mx[38;2;128;255;255mX[38;2;27;249;255mO[38;2;185;255;255mN[38;2;168;255;255mN[38;2;163;255;255mN[38;2;216;255;255mW[38;2;3;234;255mx[38;2;16;123;255m:[38;2;38;103;233m:[38;2;55;114;187m:[38;2;34;76;130m'[38;2;10;28;101m.[38;2;8;43;117m.[38;2;112;144;228mo[38;2;8;50;150m.[38;2;29;68;201m'[38;2;52;158;239mo[38;2;33;113;233m:[38;2;15;119;226m:[38;2;1;52;187m.[38;2;1;26;144m.[38;2;2;11;81m [38;2;1;6;28m [38;2;39;49;81m.[38;2;84;110;152m:[38;2;11;39;54m.[38;2;1;11;10m [38;2;13;38;53m.[38;2;3;29;36m [38;2;12;40;46m.[38;2;5;29;31m [38;2;10;33;39m [38;2;19;45;50m.[38;2;27;51;60m.[38;2;21;52;64m.[0m
[0m[38;2;19;48;47m.[38;2;9;44;51m.[38;2;9;44;55m.[38;2;0;20;30m [38;2;10;47;61m.[38;2;4;28;41m [38;2;74;131;152mc[38;2;1;10;22m [38;2;5;35;53m [38;2;19;36;100m.[38;2;189;228;241mX[38;2;2;9;29m [38;2;3;31;92m.[38;2;47;96;161m;[38;2;20;58;143m.[38;2;15;56;193m.[38;2;45;150;245ml[38;2;2;89;239m,[38;2;6;155;254mc[38;2;6;163;255ml[38;2;11;185;255mo[38;2;37;195;255md[38;2;41;213;255mx[38;2;56;213;255mk[38;2;66;222;255mk[38;2;81;226;255mO[38;2;47;244;255mO[38;2;97;234;255m0[38;2;97;245;255m0[38;2;107;249;255mK[38;2;119;250;255mK[38;2;117;255;255mK[38;2;120;255;255mX[38;2;133;254;255mX[38;2;160;254;255mN[38;2;208;255;255mW[38;2;13;229;255mx[38;2;38;194;255md[38;2;49;136;246ml[38;2;88;139;234mo[38;2;147;207;254m0[38;2;9;35;167m.[38;2;6;71;235m'[38;2;16;151;255ml[38;2;60;211;255mk[38;2;128;255;255mX[38;2;40;254;255mO[38;2;188;255;255mN[38;2;170;255;255mN[38;2;172;255;255mN[38;2;192;255;255mN[38;2;15;253;255mO[38;2;10;127;255m:[38;2;2;61;231m.[38;2;52;131;209mc[38;2;52;110;162m:[38;2;17;33;106m.[38;2;6;31;146m.[38;2;99;151;247md[38;2;15;104;234m;[38;2;116;180;255mk[38;2;113;225;255m0[38;2;130;255;255mX[38;2;180;255;255mN[38;2;1;209;255md[38;2;1;72;250m'[38;2;4;19;148m.[38;2;0;2;41m [38;2;120;165;216mx[38;2;15;41;64m.[38;2;11;41;68m.[38;2;2;14;11m [38;2;8;33;50m [38;2;34;78;86m'[38;2;16;50;96m.[38;2;21;58;94m.[38;2;9;26;41m [38;2;90;100;96m;[38;2;40;59;55m.[38;2;29;66;70m.[0m
[0m[38;2;19;45;48m.[38;2;7;44;53m.[38;2;10;43;59m.[38;2;2;24;31m [38;2;13;44;56m.[38;2;4;30;38m [38;2;72;140;161ml[38;2;11;28;38m [38;2;7;44;66m.[38;2;6;14;64m [38;2;182;207;246mK[38;2;24;37;61m.[38;2;4;37;84m.[38;2;18;61;115m.[38;2;69;122;177mc[38;2;5;33;111m.[38;2;61;122;195mc[38;2;3;23;128m.[38;2;20;65;197m'[38;2;6;73;211m'[38;2;12;67;221m'[38;2;11;83;226m,[38;2;15;92;231m,[38;2;11;98;240m;[38;2;13;103;241m;[38;2;8;100;248m;[38;2;18;139;248mc[38;2;18;116;246m:[38;2;11;134;252mc[38;2;9;144;252mc[38;2;4;149;254mc[38;2;14;157;252ml[38;2;2;158;252ml[38;2;4;158;254ml[38;2;11;171;255ml[38;2;88;215;254mO[38;2;22;116;246m:[38;2;19;109;237m;[38;2;15;56;206m.[38;2;162;215;251mK[38;2;37;62;170m'[38;2;21;59;162m.[38;2;30;86;217m,[38;2;25;113;238m:[38;2;42;171;255mo[38;2;68;208;255mk[38;2;67;243;255m0[38;2;141;245;255mX[38;2;122;251;255mK[38;2;130;255;255mX[38;2;132;253;255mX[38;2;11;216;255mx[38;2;54;152;255mo[38;2;16;69;212m'[38;2;12;52;159m.[38;2;36;78;145m'[38;2;10;30;101m.[38;2;21;42;133m.[38;2;100;139;210mo[38;2;4;75;241m'[38;2;102;184;255mx[38;2;39;243;255mO[38;2;196;255;255mN[38;2;200;255;255mW[38;2;0;231;255mx[38;2;3;85;255m,[38;2;2;24;156m.[38;2;34;46;125m.[38;2;103;134;162ml[38;2;9;37;67m.[38;2;9;44;70m.[38;2;2;14;15m [38;2;12;31;38m [38;2;22;38;49m.[38;2;19;28;43m [38;2;42;99;113m,[38;2;5;21;29m [38;2;121;145;141mo[38;2;56;88;81m,[38;2;27;66;73m.[0m
[0m[38;2;18;46;50m.[38;2;8;45;50m.[38;2;8;45;52m.[38;2;2;19;19m [38;2;13;44;60m.[38;2;4;32;41m [38;2;68;131;144mc[38;2;10;21;32m [38;2;7;45;62m.[38;2;2;18;34m [38;2;96;130;192ml[38;2;121;137;142ml[38;2;4;27;49m [38;2;3;36;72m.[38;2;37;80;116m'[38;2;50;95;142m,[38;2;55;114;148m:[38;2;5;13;69m [38;2;17;52;133m.[38;2;9;55;128m.[38;2;10;56;141m.[38;2;10;60;152m.[38;2;10;62;159m.[38;2;16;62;172m.[38;2;14;64;166m.[38;2;2;64;189m.[38;2;17;76;193m'[38;2;14;49;178m.[38;2;10;74;209m'[38;2;15;74;209m'[38;2;8;76;206m'[38;2;6;72;209m'[38;2;9;76;215m'[38;2;12;56;198m.[38;2;29;91;232m;[38;2;125;191;252mk[38;2;9;42;162m.[38;2;8;51;178m.[38;2;32;73;186m'[38;2;167;190;218mO[38;2;0;8;83m [38;2;8;54;144m.[38;2;12;62;167m.[38;2;20;66;178m'[38;2;28;72;194m'[38;2;10;59;216m.[38;2;132;190;246mk[38;2;5;96;233m,[38;2;5;134;248m:[38;2;7;134;250m:[38;2;16;144;247mc[38;2;8;63;221m'[38;2;23;87;196m,[38;2;21;74;162m'[38;2;28;67;132m.[38;2;44;86;147m,[38;2;8;21;72m [38;2;92;118;159mc[38;2;53;79;144m,[38;2;35;91;213m;[38;2;28;91;233m;[38;2;55;211;252mk[38;2;125;210;255mO[38;2;148;240;255mK[38;2;1;153;252mc[38;2;1;51;225m.[38;2;3;12;106m [38;2;115;142;186mo[38;2;11;20;42m [38;2;13;46;104m.[38;2;9;48;64m.[38;2;5;14;18m [38;2;9;26;33m [38;2;56;76;70m'[38;2;52;68;63m.[38;2;24;32;29m.[38;2;0;1;1m [38;2;128;148;146mo[38;2;30;49;52m.[38;2;22;54;63m.[0m
[0m[38;2;18;41;41m.[38;2;8;39;44m.[38;2;16;39;47m.[38;2;4;11;13m [38;2;8;36;50m.[38;2;50;93;108m,[38;2;51;100;94m,[38;2;2;6;10m [38;2;6;30;41m [38;2;4;21;23m [38;2;29;39;85m.[38;2;153;191;227mO[38;2;19;34;46m.[38;2;2;27;41m [38;2;5;23;39m [38;2;41;81;100m'[38;2;46;83;102m'[38;2;2;7;28m [38;2;9;32;70m.[38;2;12;33;74m.[38;2;9;31;71m [38;2;9;33;87m.[38;2;13;34;89m.[38;2;15;36;94m.[38;2;14;31;99m.[38;2;9;35;112m.[38;2;10;39;112m.[38;2;1;20;87m [38;2;5;41;126m.[38;2;10;41;122m.[38;2;4;40;119m.[38;2;7;42;124m.[38;2;11;40;125m.[38;2;8;28;97m.[38;2;29;68;193m'[38;2;137;204;254mO[38;2;7;13;73m [38;2;6;22;105m [38;2;129;165;232mx[38;2;74;87;119m;[38;2;6;20;68m [38;2;10;35;91m.[38;2;5;34;105m.[38;2;11;43;109m.[38;2;12;27;86m.[38;2;19;42;154m.[38;2;136;156;204md[38;2;4;28;105m.[38;2;10;40;134m.[38;2;6;43;140m.[38;2;15;45;138m.[38;2;6;24;100m [38;2;10;43;112m.[38;2;11;37;98m.[38;2;14;33;80m.[38;2;11;38;83m.[38;2;1;9;35m [38;2;135;165;212mx[38;2;6;18;49m [38;2;11;36;88m.[38;2;61;85;170m;[38;2;59;93;170m;[38;2;16;48;165m.[38;2;14;76;175m'[38;2;6;25;126m.[38;2;0;2;56m [38;2;87;113;168mc[38;2;43;54;65m.[38;2;10;18;29m [38;2;13;53;83m.[38;2;6;48;54m.[38;2;6;14;17m [38;2;7;39;43m.[38;2;27;50;53m.[38;2;25;46;45m.[38;2;10;26;33m [38;2;4;21;27m [38;2;77;98;96m;[38;2;22;45;50m.[38;2;27;54;66m.[0m
[0m[38;2;16;45;45m.[38;2;10;41;52m.[38;2;13;29;29m [38;2;7;11;16m [38;2;8;33;41m [38;2;56;114;117m;[38;2;50;98;108m,[38;2;2;6;9m [38;2;1;5;5m [38;2;5;14;17m [38;2;5;12;11m [38;2;53;83;154m,[38;2;121;153;184md[38;2;20;27;28m [38;2;1;2;5m [38;2;2;6;10m [38;2;0;2;6m [38;2;3;23;38m [38;2;7;25;44m [38;2;3;9;28m [38;2;16;23;32m [38;2;42;51;62m.[38;2;42;53;71m.[38;2;48;56;61m.[38;2;45;53;76m.[38;2;46;56;83m.[38;2;50;60;87m.[38;2;50;62;95m.[38;2;45;57;99m.[38;2;44;58;107m.[38;2;43;60;105m.[38;2;5;15;83m [38;2;1;10;66m [38;2;0;4;27m [38;2;31;65;182m'[38;2;165;227;254mK[38;2;0;1;18m [38;2;30;59;148m.[38;2;177;205;232m0[38;2;44;55;74m.[38;2;71;80;107m,[38;2;69;82;108m,[38;2;76;87;109m,[38;2;75;84;104m,[38;2;79;93;118m;[38;2;18;36;118m.[38;2;131;147;168mo[38;2;61;77;89m'[38;2;40;45;81m.[38;2;9;17;51m [38;2;0;6;28m [38;2;7;19;48m [38;2;2;20;48m [38;2;0;13;35m [38;2;2;2;11m [38;2;1;5;15m [38;2;0;1;9m [38;2;117;174;215mx[38;2;25;33;33m.[38;2;26;30;35m.[38;2;115;149;184mo[38;2;47;57;79m.[38;2;49;60;71m.[38;2;19;33;53m.[38;2;0;4;14m [38;2;33;48;75m.[38;2;90;123;154mc[38;2;1;1;0m [38;2;7;22;28m [38;2;12;54;72m.[38;2;8;42;52m.[38;2;7;17;19m [38;2;5;41;40m.[38;2;3;33;39m [38;2;4;29;31m [38;2;12;46;59m.[38;2;5;35;42m [38;2;73;132;133mc[38;2;14;49;56m.[38;2;19;47;56m.[0m
[0m[38;2;21;47;48m.[38;2;7;45;50m.[38;2;6;36;33m [38;2;5;15;17m [38;2;6;32;42m [38;2;58;109;127m;[38;2;48;92;101m,[38;2;2;14;18m [38;2;1;9;6m [38;2;17;43;51m.[38;2;4;22;29m [38;2;9;25;33m [38;2;50;81;144m,[38;2;128;160;199md[38;2;56;64;69m.[38;2;1;2;1m [38;2;0;1;0m [38;2;5;51;81m.[38;2;12;48;81m.[38;2;3;16;21m [38;2;74;108;117m:[38;2;139;189;200mk[38;2;137;182;192mk[38;2;133;182;188mx[38;2;135;183;200mk[38;2;131;175;194mx[38;2;130;175;186mx[38;2;118;138;180mo[38;2;104;120;170mc[38;2;87;127;167mc[38;2;95;141;183ml[38;2;106;128;194ml[38;2;82;104;159m:[38;2;37;72;148m'[38;2;40;83;183m,[38;2;71;125;215mc[38;2;40;60;136m.[38;2;88;130;212ml[38;2;60;71;91m'[38;2;85;120;140mc[38;2;114;145;177mo[38;2;106;159;176md[38;2;103;148;167mo[38;2;114;157;167md[38;2;108;141;149ml[38;2;20;39;100m.[38;2;110;147;162mo[38;2;85;115;119m:[38;2;70;89;126m;[38;2;78;98;130m;[38;2;55;76;104m'[38;2;97;123;150mc[38;2;33;41;54m.[38;2;2;19;23m [38;2;1;4;8m [38;2;2;7;8m [38;2;4;12;25m [38;2;107;145;172mo[38;2;81;103;100m;[38;2;52;72;84m'[38;2;117;164;200md[38;2;49;62;66m.[38;2;45;57;52m.[38;2;50;68;71m.[38;2;90;111;124m:[38;2;106;137;172ml[38;2;6;11;11m [38;2;0;7;0m [38;2;15;21;24m [38;2;9;49;64m.[38;2;6;42;48m.[38;2;5;15;20m [38;2;9;52;56m.[38;2;10;48;64m.[38;2;0;1;3m [38;2;13;44;45m.[38;2;3;35;41m [38;2;75;129;133mc[38;2;6;32;44m [38;2;13;42;53m.[0m
[0m[38;2;21;44;49m.[38;2;6;43;51m.[38;2;4;35;32m [38;2;7;19;23m [38;2;5;30;37m [38;2;61;123;135m:[38;2;41;74;87m'[38;2;4;17;19m [38;2;3;16;13m [38;2;5;18;22m [38;2;8;36;45m [38;2;4;30;35m [38;2;4;6;9m [38;2;29;51;104m.[38;2;128;166;206mx[38;2;114;129;140ml[38;2;33;38;41m.[38;2;6;33;46m [38;2;7;44;68m.[38;2;5;28;45m [38;2;4;14;18m [38;2;12;43;64m.[38;2;5;22;34m [38;2;7;20;40m [38;2;10;18;54m [38;2;8;19;82m [38;2;12;32;123m.[38;2;22;45;157m.[38;2;17;62;186m.[38;2;11;51;177m.[38;2;10;54;187m.[38;2;10;47;166m.[38;2;3;29;143m.[38;2;0;2;75m [38;2;37;86;205m,[38;2;139;155;210mx[38;2;80;104;165m:[38;2;58;80;156m,[38;2;49;74;143m'[38;2;7;21;61m [38;2;9;39;77m.[38;2;2;13;39m [38;2;0;4;20m [38;2;0;5;13m [38;2;2;11;30m [38;2;29;54;104m.[38;2;109;132;144ml[38;2;1;16;33m [38;2;2;4;7m [38;2;0;1;3m [38;2;2;3;11m [38;2;36;62;90m.[38;2;164;174;194mk[38;2;5;10;10m [38;2;5;13;16m [38;2;4;11;9m [38;2;31;44;69m.[38;2;96;124;132mc[38;2;10;16;15m [38;2;49;69;103m'[38;2;86;130;146mc[38;2;19;44;40m.[38;2;28;45;51m.[38;2;12;21;28m [38;2;65;94;120m;[38;2;94;115;135mc[38;2;1;0;0m [38;2;0;8;0m [38;2;9;20;20m [38;2;9;54;62m.[38;2;8;39;43m.[38;2;9;21;22m [38;2;8;47;57m.[38;2;17;46;53m.[38;2;0;0;1m [38;2;18;43;46m.[38;2;25;61;73m.[38;2;45;87;103m,[38;2;6;39;43m.[38;2;9;38;48m.[0m
[0m[38;2;20;45;49m.[38;2;8;45;47m.[38;2;7;39;36m.[38;2;5;15;17m [38;2;5;31;42m [38;2;71;135;138mc[38;2;39;74;78m'[38;2;2;14;14m [38;2;7;43;47m.[38;2;6;35;43m [38;2;4;45;55m.[38;2;4;27;32m [38;2;3;9;8m [38;2;2;7;8m [38;2;11;26;36m [38;2;53;81;135m,[38;2;127;161;200md[38;2;116;136;158ml[38;2;78;91;102m;[38;2;14;35;50m.[38;2;5;36;55m.[38;2;17;54;84m.[38;2;12;32;61m.[38;2;15;34;65m.[38;2;15;41;113m.[38;2;18;44;161m.[38;2;0;78;224m'[38;2;52;166;253mo[38;2;54;180;255md[38;2;57;185;255md[38;2;70;171;255md[38;2;60;171;255md[38;2;7;113;241m;[38;2;21;86;212m,[38;2;47;115;241m:[38;2;157;181;228mk[38;2;50;75;134m'[38;2;14;45;105m.[38;2;89;121;212ml[38;2;27;51;97m.[38;2;20;46;80m.[38;2;42;80;116m'[38;2;51;89;108m,[38;2;42;72;85m'[38;2;4;12;26m [38;2;28;56;120m.[38;2;129;158;160md[38;2;39;82;93m'[38;2;37;72;77m.[38;2;60;116;122m:[38;2;33;66;72m.[38;2;1;14;28m [38;2;160;181;222mk[38;2;5;13;15m [38;2;40;91;95m,[38;2;38;72;76m.[38;2;44;62;96m.[38;2;101;137;139ml[38;2;37;81;85m'[38;2;77;115;165m:[38;2;21;43;49m.[38;2;65;136;129mc[38;2;81;155;153ml[38;2;52;88;109m,[38;2;104;124;143mc[38;2;91;131;144mc[38;2;4;7;15m [38;2;0;6;3m [38;2;8;22;23m [38;2;6;51;62m.[38;2;4;39;46m.[38;2;12;23;22m [38;2;6;47;55m.[38;2;11;47;58m.[38;2;0;0;0m [38;2;9;39;44m.[38;2;62;113;119m;[38;2;10;39;44m.[38;2;8;42;51m.[38;2;12;42;52m.[0m
[0m[38;2;19;35;43m.[38;2;25;64;86m.[38;2;44;95;85m,[38;2;4;14;13m [38;2;3;33;44m [38;2;70;131;140mc[38;2;37;75;81m'[38;2;11;21;25m [38;2;38;78;80m'[38;2;39;77;84m'[38;2;39;82;87m'[38;2;45;96;91m,[38;2;32;73;74m.[38;2;20;52;52m.[38;2;22;56;67m.[38;2;17;46;47m.[38;2;5;15;31m [38;2;31;58;97m.[38;2;78;104;139m:[38;2;91;118;151mc[38;2;74;117;156m:[38;2;73;100;139m;[38;2;94;125;150mc[38;2;93;126;173mc[38;2;100;140;205mo[38;2;113;155;234md[38;2;75;181;255mx[38;2;169;246;255mX[38;2;157;249;255mX[38;2;121;248;255mK[38;2;111;248;255mK[38;2;85;246;255m0[38;2;70;222;255mO[38;2;129;218;255m0[38;2;21;216;255mx[38;2;110;164;244mx[38;2;4;44;182m.[38;2;2;44;133m.[38;2;60;98;187m;[38;2;53;80;146m,[38;2;44;87;129m,[38;2;47;103;128m;[38;2;59;134;156mc[38;2;65;127;152mc[38;2;0;7;20m [38;2;45;71;154m'[38;2;116;140;142ml[38;2;52;104;113m;[38;2;23;49;69m.[38;2;65;127;137m:[38;2;47;93;94m,[38;2;1;11;22m [38;2;160;189;220mO[38;2;13;17;31m [38;2;10;47;57m.[38;2;28;53;56m.[38;2;48;69;95m'[38;2;94;125;129mc[38;2;15;26;49m [38;2;80;107;145m:[38;2;7;20;21m [38;2;10;44;34m.[38;2;51;97;109m,[38;2;94;131;157ml[38;2;6;7;11m [38;2;60;85;91m,[38;2;30;50;69m.[38;2;1;0;3m [38;2;8;22;25m [38;2;7;49;65m.[38;2;3;33;44m [38;2;8;28;23m [38;2;9;40;50m.[38;2;6;45;49m.[38;2;0;2;0m [38;2;22;54;54m.[38;2;57;97;107m,[38;2;5;25;31m [38;2;19;42;50m.[38;2;15;44;50m.[0m
[0m[38;2;36;61;71m.[38;2;76;150;163ml[38;2;17;42;36m.[38;2;6;15;21m [38;2;0;33;44m [38;2;75;136;143mc[38;2;30;75;86m.[38;2;25;43;48m.[38;2;75;155;163ml[38;2;63;137;134mc[38;2;58;133;129m:[38;2;57;135;126mc[38;2;67;142;146mc[38;2;12;41;48m.[38;2;7;38;52m.[38;2;8;39;53m.[38;2;0;16;31m [38;2;8;46;59m.[38;2;6;40;54m.[38;2;8;34;55m [38;2;17;49;87m.[38;2;23;50;96m.[38;2;43;104;167m;[38;2;39;91;184m,[38;2;34;85;205m,[38;2;36;120;253mc[38;2;24;201;255md[38;2;106;231;255m0[38;2;123;243;255mK[38;2;119;250;255mK[38;2;163;252;255mX[38;2;201;255;255mW[38;2;194;255;255mN[38;2;239;255;255mM[38;2;19;255;255mO[38;2;109;163;255mx[38;2;7;65;225m'[38;2;3;55;143m.[38;2;49;88;176m,[38;2;59;97;172m;[38;2;0;11;27m [38;2;34;80;103m'[38;2;50;89;120m,[38;2;52;101;112m;[38;2;0;8;19m [38;2;59;93;177m;[38;2;114;129;128ml[38;2;5;20;32m [38;2;62;112;114m;[38;2;12;41;50m.[38;2;40;67;74m.[38;2;0;4;16m [38;2;161;185;224mO[38;2;16;24;30m [38;2;6;32;41m [38;2;6;22;28m [38;2;28;49;64m.[38;2;83;111;129m:[38;2;75;96;113m;[38;2;37;72;83m.[38;2;19;37;32m.[38;2;6;25;28m [38;2;61;87;120m,[38;2;33;63;81m.[38;2;0;3;4m [38;2;56;84;96m,[38;2;36;50;76m.[38;2;1;1;0m [38;2;7;28;29m [38;2;7;50;63m.[38;2;6;31;43m [38;2;15;28;27m [38;2;5;30;38m [38;2;10;46;52m.[38;2;0;1;0m [38;2;67;121;127m:[38;2;12;43;48m.[38;2;7;43;46m.[38;2;21;35;50m.[38;2;12;38;45m.[0m
[0m[38;2;73;140;126mc[38;2;22;65;69m.[38;2;2;18;16m [38;2;6;16;24m [38;2;4;32;46m [38;2;77;136;151mc[38;2;38;79;80m'[38;2;28;41;47m.[38;2;69;146;148ml[38;2;57;128;129m:[38;2;56;128;124m:[38;2;58;126;125m:[38;2;67;131;131mc[38;2;55;122;123m:[38;2;14;39;49m.[38;2;8;40;42m.[38;2;0;19;33m [38;2;8;43;56m.[38;2;7;44;60m.[38;2;6;43;65m.[38;2;6;44;77m.[38;2;3;31;67m [38;2;46;112;143m;[38;2;74;156;191mo[38;2;30;77;198m,[38;2;8;94;252m,[38;2;0;233;255mx[38;2;215;255;255mW[38;2;157;255;255mX[38;2;168;255;255mN[38;2;174;255;255mN[38;2;177;255;255mN[38;2;189;255;255mN[38;2;225;255;255mW[38;2;45;241;255mO[38;2;86;161;250md[38;2;7;40;198m.[38;2;5;42;128m.[38;2;43;86;169m,[38;2;69;106;178m:[38;2;6;21;31m [38;2;27;56;78m.[38;2;43;76;93m'[38;2;25;54;57m.[38;2;9;20;26m [38;2;59;105;172m:[38;2;128;130;129ml[38;2;18;40;43m.[38;2;20;56;55m.[38;2;30;58;65m.[38;2;51;88;91m,[38;2;0;2;2m [38;2;155;173;200mk[38;2;30;46;51m.[38;2;7;39;50m.[38;2;9;45;58m.[38;2;16;27;37m [38;2;81;105;132m:[38;2;102;136;163ml[38;2;1;18;26m [38;2;10;24;31m [38;2;16;34;32m [38;2;98;123;148mc[38;2;2;9;8m [38;2;0;3;0m [38;2;99;134;140ml[38;2;11;17;28m [38;2;0;1;0m [38;2;10;35;27m [38;2;8;43;55m.[38;2;6;31;36m [38;2;13;29;28m [38;2;8;33;38m [38;2;9;45;50m.[38;2;16;30;26m [38;2;48;90;93m,[38;2;7;39;42m.[38;2;10;44;54m.[38;2;18;34;45m.[38;2;15;39;47m.[0m
[0m[38;2;33;69;62m.[38;2;6;39;56m.[38;2;2;24;19m [38;2;6;15;20m [38;2;3;31;44m [38;2;71;136;151mc[38;2;32;69;58m.[38;2;26;37;49m.[38;2;69;146;153ml[38;2;57;132;134m:[38;2;57;126;125m:[38;2;58;128;125m:[38;2;59;136;133mc[38;2;57;120;121m:[38;2;53;108;110m;[38;2;10;41;44m.[38;2;1;21;29m [38;2;6;41;59m.[38;2;5;44;58m.[38;2;5;39;53m.[38;2;7;38;61m.[38;2;5;37;63m.[38;2;6;25;70m [38;2;39;91;129m,[38;2;55;106;188m:[38;2;16;88;233m,[38;2;10;170;255ml[38;2;96;207;255mk[38;2;84;233;255mO[38;2;85;230;255mO[38;2;76;225;255mO[38;2;57;223;255mk[38;2;54;204;255mx[38;2;34;172;255mo[38;2;68;199;255mx[38;2;119;152;217md[38;2;5;15;112m [38;2;49;111;170m:[38;2;54;93;165m;[38;2;63;102;181m:[38;2;6;18;21m [38;2;27;58;81m.[38;2;12;51;71m.[38;2;8;45;62m.[38;2;0;18;20m [38;2;72;118;175mc[38;2;126;129;129ml[38;2;7;27;43m [38;2;8;46;61m.[38;2;4;47;56m.[38;2;15;54;54m.[38;2;0;3;3m [38;2;123;154;189md[38;2;45;70;85m'[38;2;2;24;24m [38;2;5;24;30m [38;2;0;6;8m [38;2;89;129;159mc[38;2;89;134;168ml[38;2;13;16;14m [38;2;8;13;12m [38;2;77;115;118m:[38;2;24;34;40m.[38;2;0;2;0m [38;2;9;14;23m [38;2;120;155;172md[38;2;0;1;0m [38;2;0;4;0m [38;2;10;30;30m [38;2;11;49;64m.[38;2;8;27;32m [38;2;8;26;33m [38;2;6;39;43m.[38;2;9;43;44m.[38;2;11;24;23m [38;2;11;37;45m.[38;2;13;34;43m [38;2;9;38;48m.[38;2;20;35;47m.[38;2;9;30;38m [0m
[0m[38;2;18;44;45m.[38;2;4;47;57m.[38;2;2;31;21m [38;2;6;13;18m [38;2;7;31;35m [38;2;65;130;146mc[38;2;25;62;51m.[38;2;19;28;38m [38;2;48;106;115m;[38;2;39;86;86m'[38;2;40;86;84m'[38;2;41;89;85m'[38;2;47;91;89m,[38;2;56;100;100m,[38;2;41;76;80m'[38;2;40;73;77m.[38;2;37;67;61m.[38;2;2;14;18m [38;2;6;36;50m [38;2;2;31;44m [38;2;9;35;49m [38;2;10;38;56m.[38;2;21;53;84m.[38;2;20;51;94m.[38;2;21;57;124m.[38;2;16;76;161m'[38;2;40;98;203m;[38;2;4;51;182m.[38;2;5;88;225m,[38;2;8;91;229m,[38;2;7;85;229m,[38;2;7;83;222m,[38;2;5;71;213m'[38;2;3;39;177m.[38;2;101;162;241md[38;2;117;128;157ml[38;2;0;0;36m [38;2;65;125;153mc[38;2;68;110;202m:[38;2;51;87;158m,[38;2;3;18;32m [38;2;13;49;77m.[38;2;6;45;65m.[38;2;11;42;55m.[38;2;1;18;25m [38;2;90;138;194ml[38;2;96;119;122mc[38;2;4;14;21m [38;2;41;37;29m.[38;2;69;60;33m.[38;2;102;93;35m;[38;2;134;113;50mc[38;2;185;181;103mk[38;2;193;172;68mx[38;2;163;153;61md[38;2;134;120;61mc[38;2;101;92;45m;[38;2;116;130;117ml[38;2;69;89;94m,[38;2;69;83;84m,[38;2;50;49;52m.[38;2;91;133;165ml[38;2;17;24;21m [38;2;9;5;4m [38;2;96;115;129mc[38;2;28;38;42m.[38;2;0;2;0m [38;2;0;6;0m [38;2;12;28;31m [38;2;11;48;59m.[38;2;7;29;37m [38;2;8;26;27m [38;2;7;32;39m [38;2;5;29;26m [38;2;7;18;16m [38;2;12;42;45m.[38;2;12;35;44m.[38;2;8;26;40m [38;2;19;35;44m.[38;2;39;76;79m'[0m
[0m[38;2;16;35;33m [38;2;4;37;43m [38;2;3;32;27m [38;2;9;30;42m [38;2;4;25;38m [38;2;61;121;151m:[38;2;34;81;69m'[38;2;1;4;9m [38;2;6;30;33m [38;2;4;32;35m [38;2;8;41;52m.[38;2;20;52;57m.[38;2;20;56;65m.[38;2;24;64;66m.[38;2;21;58;68m.[38;2;37;81;99m'[38;2;80;162;151mo[38;2;2;2;8m [38;2;7;43;62m.[38;2;5;43;55m.[38;2;7;43;58m.[38;2;6;42;58m.[38;2;7;43;66m.[38;2;3;43;75m.[38;2;9;43;79m.[38;2;8;45;105m.[38;2;14;48;112m.[38;2;20;39;86m.[38;2;15;50;126m.[38;2;5;53;132m.[38;2;11;52;127m.[38;2;10;51;132m.[38;2;6;49;127m.[38;2;2;28;87m [38;2;108;147;202mo[38;2;113;129;133ml[38;2;1;4;14m [38;2;41;73;86m'[38;2;92;145;236mo[38;2;35;58;93m.[38;2;3;17;18m [38;2;4;18;24m [38;2;0;9;11m [38;2;0;3;4m [38;2;76;60;28m.[38;2;170;172;119mx[38;2;183;178;93mk[38;2;205;197;78mO[38;2;242;222;85mK[38;2;245;219;79mK[38;2;241;217;81mK[38;2;233;202;76m0[38;2;236;200;69m0[38;2;246;211;74mK[38;2;255;239;90mN[38;2;255;226;86mX[38;2;255;232;92mX[38;2;255;236;87mX[38;2;231;203;83m0[38;2;204;189;79mO[38;2;193;171;63mx[38;2;203;182;85mk[38;2;187;163;59mx[38;2;206;170;66mk[38;2;220;207;76m0[38;2;200;181;69mk[38;2;132;126;59mc[38;2;49;32;17m.[38;2;54;47;33m.[38;2;20;36;45m.[38;2;2;26;40m [38;2;8;19;20m [38;2;13;20;22m [38;2;5;22;24m [38;2;9;30;33m [38;2;13;35;43m.[38;2;45;79;86m'[38;2;57;93;103m,[38;2;60;112;121m;[38;2;43;87;98m'[0m
[0m[38;2;25;42;47m.[38;2;5;41;51m.[38;2;5;42;50m.[38;2;5;40;51m.[38;2;3;24;38m [38;2;64;109;142m:[38;2;42;88;89m'[38;2;0;9;18m [38;2;3;42;47m.[38;2;1;42;45m.[38;2;2;41;47m.[38;2;3;41;46m.[38;2;2;41;47m.[38;2;2;42;46m.[38;2;1;42;44m.[38;2;2;33;39m [38;2;49;98;109m,[38;2;0;12;11m [38;2;2;44;49m.[38;2;5;43;50m.[38;2;5;42;50m.[38;2;6;42;52m.[38;2;4;42;56m.[38;2;3;44;58m.[38;2;5;42;62m.[38;2;4;46;78m.[38;2;4;41;70m.[38;2;41;59;71m.[38;2;14;44;79m.[38;2;7;34;67m.[38;2;6;29;57m [38;2;5;22;53m [38;2;3;19;38m [38;2;0;6;15m [38;2;97;137;191ml[38;2;129;135;134ml[38;2;0;10;20m [38;2;24;44;83m.[38;2;101;165;248md[38;2;10;18;34m [38;2;10;50;64m.[38;2;9;17;29m [38;2;89;69;44m'[38;2;151;126;66ml[38;2;255;229;102mX[38;2;247;225;92mX[38;2;189;158;60md[38;2;183;146;58md[38;2;183;123;40ml[38;2;164;97;20m:[38;2;162;95;19m:[38;2;178;106;26mc[38;2;122;68;16m,[38;2;142;85;21m;[38;2;201;147;46md[38;2;227;170;59mk[38;2;232;183;57mO[38;2;190;134;40mo[38;2;227;175;58mk[38;2;255;225;79mX[38;2;255;220;75mK[38;2;255;220;77mK[38;2;255;219;78mK[38;2;250;209;71mK[38;2;253;210;69mK[38;2;255;220;71mK[38;2;255;228;75mX[38;2;245;215;84mK[38;2;251;209;73mK[38;2;221;205;84m0[38;2;140;124;51mc[38;2;125;113;57mc[38;2;26;25;20m [38;2;10;40;48m.[38;2;33;59;73m.[38;2;38;72;81m.[38;2;36;68;80m.[38;2;13;42;54m.[38;2;6;36;43m [38;2;7;34;44m [0m
[0m[38;2;22;44;50m.[38;2;5;41;51m.[38;2;2;40;49m.[38;2;2;38;48m [38;2;3;25;34m [38;2;57;104;142m;[38;2;48;103;103m,[38;2;0;3;10m [38;2;2;40;47m.[38;2;1;41;46m.[38;2;2;41;44m.[38;2;1;41;45m.[38;2;2;41;45m.[38;2;0;42;44m.[38;2;2;42;42m.[38;2;2;41;43m.[38;2;6;35;47m [38;2;2;16;23m [38;2;3;46;63m.[38;2;2;41;52m.[38;2;3;40;47m.[38;2;7;34;38m [38;2;2;32;35m [38;2;7;25;30m [38;2;1;24;25m [38;2;1;19;22m [38;2;2;10;22m [38;2;7;20;21m [38;2;4;21;30m [38;2;2;3;6m [38;2;51;52;55m.[38;2;48;59;70m.[38;2;52;55;59m.[38;2;51;51;51m.[38;2;109;136;179ml[38;2;145;157;159md[38;2;24;37;55m.[38;2;85;105;138m:[38;2;114;148;206mo[38;2;72;80;92m,[38;2;73;89;113m,[38;2;108;102;119m:[38;2;160;136;87mo[38;2;168;140;75mo[38;2;149;111;50mc[38;2;122;78;21m,[38;2;80;51;26m.[38;2;91;64;28m'[38;2;144;106;39m:[38;2;166;103;24mc[38;2;89;71;40m'[38;2;59;39;11m.[38;2;98;110;103m:[38;2;55;60;76m.[38;2;163;118;46ml[38;2;166;107;32mc[38;2;136;82;21m;[38;2;146;78;17m;[38;2;243;202;70m0[38;2;255;226;81mX[38;2;255;219;79mK[38;2;255;220;77mK[38;2;255;217;77mK[38;2;255;218;78mK[38;2;255;216;72mK[38;2;255;219;75mK[38;2;255;219;79mK[38;2;255;219;79mK[38;2;251;213;80mK[38;2;235;182;55mO[38;2;255;228;88mX[38;2;255;235;91mX[38;2;214;193;92mO[38;2;49;46;24m.[38;2;5;28;34m [38;2;9;42;46m.[38;2;11;41;50m.[38;2;9;42;52m.[38;2;10;42;55m.[38;2;7;33;44m [0m
[0m[38;2;16;43;53m.[38;2;3;41;49m.[38;2;2;39;50m.[38;2;1;38;47m [38;2;0;23;32m [38;2;57;101;146m;[38;2;53;115;105m;[38;2;0;11;13m [38;2;2;39;51m [38;2;2;42;51m.[38;2;2;41;50m.[38;2;2;43;49m.[38;2;5;38;41m [38;2;1;35;38m [38;2;2;31;34m [38;2;1;24;28m [38;2;2;26;28m [38;2;1;9;10m [38;2;2;16;16m [38;2;0;11;12m [38;2;1;11;12m [38;2;4;15;16m [38;2;3;7;4m [38;2;0;4;2m [38;2;0;6;1m [38;2;0;2;3m [38;2;0;6;11m [38;2;17;52;70m.[38;2;10;50;64m.[38;2;4;12;15m [38;2;106;115;119mc[38;2;100;119;121mc[38;2;115;126;127ml[38;2;113;124;127mc[38;2;117;134;157ml[38;2;154;172;188mk[38;2;59;68;87m'[38;2;123;141;202mo[38;2;127;165;245mx[38;2;131;182;250mk[38;2;118;182;252mk[38;2;123;187;254mk[38;2;48;103;199m;[38;2;35;67;143m'[38;2;46;66;108m'[38;2;16;27;42m [38;2;33;61;78m.[38;2;27;49;68m.[38;2;91;122;148mc[38;2;90;108;133m:[38;2;51;83;102m,[38;2;0;5;8m [38;2;42;72;100m'[38;2;135;103;74m:[38;2;209;127;20mo[38;2;194;122;27ml[38;2;126;80;26m;[38;2;178;115;37ml[38;2;255;224;77mX[38;2;255;224;84mX[38;2;255;222;80mX[38;2;255;218;77mK[38;2;255;221;77mX[38;2;255;217;73mK[38;2;255;216;74mK[38;2;255;214;74mK[38;2;255;215;77mK[38;2;255;215;79mK[38;2;255;220;79mX[38;2;239;195;65m0[38;2;227;168;58mk[38;2;251;214;76mK[38;2;255;233;80mX[38;2;228;214;102mK[38;2;42;29;20m.[38;2;5;26;31m [38;2;14;38;42m.[38;2;9;36;45m [38;2;13;35;48m.[38;2;7;22;37m [0m
[0m[38;2;21;46;55m.[38;2;6;41;50m.[38;2;2;35;46m [38;2;2;36;54m [38;2;1;25;34m [38;2;46;86;134m,[38;2;52;120;109m:[38;2;0;11;9m [38;2;2;21;31m [38;2;1;19;23m [38;2;1;15;18m [38;2;1;13;9m [38;2;0;7;3m [38;2;0;5;0m [38;2;0;4;1m [38;2;0;4;0m [38;2;0;17;31m [38;2;3;26;32m [38;2;8;33;51m [38;2;4;35;45m [38;2;8;43;62m.[38;2;9;53;67m.[38;2;3;11;18m [38;2;0;5;12m [38;2;0;6;16m [38;2;0;4;17m [38;2;0;9;26m [38;2;8;48;79m.[38;2;8;41;65m.[38;2;9;33;39m [38;2;6;22;37m [38;2;12;38;49m.[38;2;2;19;34m [38;2;0;0;3m [38;2;25;35;84m.[38;2;217;243;255mN[38;2;60;105;179m:[38;2;34;121;239m:[38;2;98;207;253mO[38;2;102;224;255mO[38;2;74;226;255mO[38;2;64;227;255mO[38;2;89;173;251mx[38;2;179;154;188mx[38;2;192;155;108mx[38;2;163;139;80mo[38;2;121;117;89mc[38;2;30;30;27m.[38;2;26;60;81m.[38;2;57;95;134m;[38;2;62;93;123m;[38;2;73;105;149m:[38;2;17;26;55m [38;2;110;84;32m,[38;2;191;128;31mo[38;2;180;112;28ml[38;2;40;21;17m [38;2;167;117;45ml[38;2;255;218;72mK[38;2;255;219;77mK[38;2;255;215;70mK[38;2;255;215;71mK[38;2;255;214;72mK[38;2;255;214;74mK[38;2;255;213;73mK[38;2;255;213;74mK[38;2;255;213;72mK[38;2;255;213;75mK[38;2;255;213;72mK[38;2;255;214;76mK[38;2;245;211;73mK[38;2;213;151;51mx[38;2;237;192;71m0[38;2;255;232;89mX[38;2;217;196;93mO[38;2;34;23;11m [38;2;8;19;21m [38;2;8;35;40m [38;2;23;36;46m.[38;2;21;32;33m.[0m
[0m[38;2;11;30;29m [38;2;7;22;27m [38;2;10;19;19m [38;2;3;13;31m [38;2;7;31;48m [38;2;45;76;122m'[38;2;61;129;129m:[38;2;0;11;3m [38;2;0;7;2m [38;2;11;17;17m [38;2;5;18;19m [38;2;12;25;26m [38;2;0;7;1m [38;2;0;4;0m [38;2;0;7;4m [38;2;1;6;1m [38;2;8;25;39m [38;2;8;40;53m.[38;2;7;47;66m.[38;2;10;41;65m.[38;2;8;43;70m.[38;2;12;49;83m.[38;2;4;17;38m [38;2;0;10;49m [38;2;0;14;71m [38;2;0;14;78m [38;2;0;9;72m [38;2;11;44;103m.[38;2;16;33;75m.[38;2;12;33;52m [38;2;12;37;53m.[38;2;14;32;43m [38;2;34;47;67m.[38;2;48;85;87m'[38;2;16;35;71m.[38;2;188;214;253mK[38;2;102;172;249mx[38;2;84;176;255mx[38;2;80;237;255m0[38;2;111;255;255mK[38;2;68;255;255m0[38;2;82;255;255mK[38;2;66;200;255mx[38;2;165;153;233mx[38;2;226;210;185mK[38;2;255;224;128mX[38;2;255;236;125mN[38;2;213;194;103mO[38;2;46;42;25m.[38;2;23;60;74m.[38;2;23;41;36m.[38;2;67;91;126m;[38;2;39;60;103m.[38;2;121;97;50m:[38;2;192;136;40mo[38;2;148;93;29m:[38;2;45;30;22m.[38;2;219;154;69mx[38;2;255;223;77mX[38;2;255;216;71mK[38;2;255;215;72mK[38;2;255;214;76mK[38;2;255;216;72mK[38;2;255;214;75mK[38;2;255;213;72mK[38;2;255;213;77mK[38;2;255;214;79mK[38;2;255;213;70mK[38;2;255;214;80mK[38;2;255;214;80mK[38;2;255;214;78mK[38;2;255;227;84mX[38;2;200;125;44mo[38;2;252;214;97mK[38;2;255;242;104mN[38;2;184;153;73md[38;2;0;0;0m [38;2;2;14;9m [38;2;5;13;15m [38;2;0;9;3m [0m
