[0m[38;2;22;57;47m.[38;2;8;50;50m.[38;2;15;47;38m.[38;2;1;17;6m [38;2;6;35;50m [38;2;5;28;36m [38;2;88;163;154mo[38;2;19;40;35m.[38;2;1;6;1m [38;2;0;9;0m [38;2;4;15;6m [38;2;6;17;13m [38;2;8;22;25m [38;2;3;10;16m [38;2;125;172;195mx[38;2;103;112;121m:[38;2;2;12;13m [38;2;8;51;53m.[38;2;8;55;71m.[38;2;11;51;78m.[38;2;11;48;86m.[38;2;16;53;98m.[38;2;11;51;114m.[38;2;14;59;147m.[38;2;22;65;188m'[38;2;18;65;199m'[38;2;72;185;250mx[38;2;16;90;233m,[38;2;31;161;254ml[38;2;62;178;255md[38;2;65;218;255mk[38;2;95;247;255m0[38;2;97;255;255mK[38;2;111;255;255mK[38;2;107;255;255mK[38;2;140;255;255mX[38;2;14;225;255mx[38;2;73;185;255mx[38;2;55;119;219mc[38;2;18;42;144m.[38;2;8;41;115m.[38;2;39;62;181m'[38;2;146;160;214mx[38;2;3;57;206m.[38;2;22;143;255mc[38;2;128;255;255mX[38;2;107;221;255mO[38;2;98;254;255mK[38;2;111;255;255mK[38;2;92;225;255mO[38;2;44;180;255md[38;2;13;148;255mc[38;2;4;96;239m,[38;2;6;88;233m,[38;2;10;79;231m,[38;2;8;49;187m.[38;2;27;56;165m.[38;2;3;19;80m [38;2;69;107;178m:[38;2;8;36;65m.[38;2;5;27;54m [38;2;3;32;46m [38;2;11;29;43m [38;2;14;49;60m.[38;2;1;42;50m.[38;2;15;40;64m.[38;2;5;31;40m [38;2;17;45;49m.[38;2;11;49;56m.[38;2;14;55;61m.[38;2;1;29;36m [38;2;17;49;54m.[38;2;7;47;42m.[38;2;1;2;1m [38;2;4;28;26m [38;2;10;40;43m.[38;2;13;41;47m.[38;2;7;40;23m [38;2;13;47;44m.[38;2;3;49;38m.[0m
[0m[38;2;23;53;49m.[38;2;8;47;51m.[38;2;6;36;31m [38;2;0;13;12m [38;2;5;40;44m.[38;2;0;28;33m [38;2;85;161;169mo[38;2;9;26;28m [38;2;0;6;5m [38;2;0;6;0m [38;2;0;5;0m [38;2;0;3;0m [38;2;0;2;0m [38;2;24;42;55m.[38;2;205;226;243mX[38;2;11;14;17m [38;2;5;13;13m [38;2;1;20;17m [38;2;7;26;25m [38;2;3;29;35m [38;2;5;33;44m [38;2;5;40;59m.[38;2;3;47;77m.[38;2;11;49;94m.[38;2;13;53;104m.[38;2;13;44;124m.[38;2;35;94;171m,[38;2;17;34;129m.[38;2;23;60;199m'[38;2;13;69;209m'[38;2;6;82;220m'[38;2;15;104;240m;[38;2;19;141;252mc[38;2;38;163;255mo[38;2;49;186;255md[38;2;96;239;255m0[38;2;21;182;253mo[38;2;69;169;255md[38;2;82;164;230md[38;2;20;51;136m.[38;2;2;29;108m.[38;2;37;68;195m'[38;2;133;141;202md[38;2;13;52;213m.[38;2;13;143;255mc[38;2;121;255;255mX[38;2;115;226;255m0[38;2;68;254;255m0[38;2;128;255;255mX[38;2;118;255;255mK[38;2;122;255;255mX[38;2;86;255;255mK[38;2;73;244;255m0[38;2;77;215;255mk[38;2;48;179;255md[38;2;9;133;251m:[38;2;8;79;237m,[38;2;2;20;151m.[38;2;103;144;224mo[38;2;6;31;75m [38;2;3;32;62m [38;2;3;35;63m [38;2;54;76;94m'[38;2;56;63;67m.[38;2;57;80;89m'[38;2;55;70;82m'[38;2;45;67;70m.[38;2;35;59;66m.[38;2;17;44;62m.[38;2;9;48;56m.[38;2;0;21;25m [38;2;10;48;53m.[38;2;5;31;37m [38;2;0;4;3m [38;2;3;34;32m [38;2;5;33;36m [38;2;6;32;33m [38;2;8;31;23m [38;2;5;45;51m.[38;2;2;42;40m.[0m
[0m[38;2;25;53;50m.[38;2;9;48;57m.[38;2;12;35;40m [38;2;1;13;20m [38;2;4;41;47m.[38;2;2;34;40m [38;2;87;158;159mo[38;2;2;16;27m [38;2;4;25;33m [38;2;6;26;27m [38;2;3;22;24m [38;2;9;28;31m [38;2;0;3;3m [38;2;146;178;199mk[38;2;94;106;119m:[38;2;7;25;40m [38;2;5;30;41m [38;2;0;2;2m [38;2;2;5;0m [38;2;0;3;1m [38;2;0;4;0m [38;2;0;2;5m [38;2;1;8;11m [38;2;7;13;23m [38;2;11;21;40m [38;2;7;26;58m [38;2;12;38;85m.[38;2;5;17;60m [38;2;17;49;137m.[38;2;17;51;149m.[38;2;23;56;155m.[38;2;26;58;166m.[38;2;17;60;187m.[38;2;18;64;191m'[38;2;12;50;206m.[38;2;56;143;223ml[38;2;29;59;165m.[38;2;31;68;194m'[38;2;42;98;152m;[38;2;42;81;155m,[38;2;15;28;93m.[38;2;43;86;193m,[38;2;104;127;188ml[38;2;14;57;229m.[38;2;6;148;255mc[38;2;128;255;255mX[38;2;132;243;255mK[38;2;73;255;255m0[38;2;107;255;255mK[38;2;105;255;255mK[38;2;113;255;255mK[38;2;90;255;255mK[38;2;103;255;255mK[38;2;112;255;255mK[38;2;136;255;255mX[38;2;105;255;255mK[38;2;3;148;255mc[38;2;21;69;230m'[38;2;123;182;255mk[38;2;8;23;82m [38;2;7;28;75m [38;2;11;26;57m [38;2;63;95;101m,[38;2;68;91;103m,[38;2;76;95;110m;[38;2;70;91;96m,[38;2;67;92;91m,[38;2;48;74;88m'[38;2;82;99;117m;[38;2;57;83;98m,[38;2;2;29;23m [38;2;9;26;23m [38;2;6;12;15m [38;2;3;37;40m [38;2;5;50;60m.[38;2;11;29;35m [38;2;17;45;44m.[38;2;9;30;25m [38;2;9;41;51m.[38;2;5;42;49m.[0m
[0m[38;2;29;53;58m.[38;2;9;49;62m.[38;2;15;37;35m.[38;2;6;15;19m [38;2;7;46;53m.[38;2;5;32;42m [38;2;81;157;176mo[38;2;8;34;43m [38;2;2;9;8m [38;2;9;45;54m.[38;2;1;17;18m [38;2;13;31;31m [38;2;79;102;131m:[38;2;201;216;225mK[38;2;1;12;25m [38;2;6;46;66m.[38;2;1;29;42m [38;2;7;39;52m.[38;2;7;39;66m.[38;2;4;25;38m [38;2;8;16;17m [38;2;43;50;52m.[38;2;37;50;55m.[38;2;40;48;55m.[38;2;44;49;56m.[38;2;45;47;59m.[38;2;38;49;59m.[38;2;33;41;53m.[38;2;25;29;78m.[38;2;29;47;93m.[38;2;33;36;73m.[38;2;14;27;81m.[38;2;11;33;110m.[38;2;17;38;123m.[38;2;17;46;132m.[38;2;25;63;141m.[38;2;25;43;99m.[38;2;21;52;143m.[38;2;23;54;127m.[38;2;24;48;114m.[38;2;1;17;71m [38;2;76;123;209mc[38;2;94;118;173mc[38;2;38;92;216m;[38;2;45;150;252ml[38;2;65;175;249md[38;2;167;249;255mX[38;2;90;251;255mK[38;2;103;255;255mK[38;2;96;255;255mK[38;2;86;255;255mK[38;2;88;255;255mK[38;2;101;255;255mK[38;2;83;255;255mK[38;2;109;255;255mK[38;2;117;255;255mK[38;2;2;154;255mc[38;2;63;151;254mo[38;2;111;169;250mx[38;2;1;21;81m [38;2;22;33;81m.[38;2;11;36;83m.[38;2;8;41;52m.[38;2;1;29;54m [38;2;13;47;75m.[38;2;6;42;60m.[38;2;4;38;49m.[38;2;10;44;52m.[38;2;9;30;42m [38;2;112;121;152ml[38;2;23;32;44m.[38;2;7;24;28m [38;2;10;43;52m.[38;2;5;56;64m.[38;2;5;42;47m.[38;2;0;3;5m [38;2;49;66;67m.[38;2;30;56;56m.[38;2;14;41;48m.[38;2;3;39;49m.[0m
[0m[38;2;25;53;55m.[38;2;10;50;59m.[38;2;6;34;38m [38;2;6;18;23m [38;2;5;49;65m.[38;2;4;28;39m [38;2;82;158;168mo[38;2;14;44;44m.[38;2;9;34;45m [38;2;3;18;30m [38;2;4;22;31m [38;2;22;39;72m.[38;2;212;237;253mN[38;2;53;60;70m.[38;2;0;38;50m [38;2;5;45;61m.[38;2;3;24;30m [38;2;7;48;68m.[38;2;12;50;82m.[38;2;3;20;32m [38;2;72;95;92m;[38;2;157;205;207mO[38;2;145;189;208mk[38;2;152;189;206mO[38;2;148;182;197mk[38;2;151;189;215mO[38;2;134;164;197mx[38;2;148;144;197md[38;2;100;127;193ml[38;2;121;163;206md[38;2;111;126;182ml[38;2;122;134;159ml[38;2;63;70;135m'[38;2;84;92;129m;[38;2;26;28;60m.[38;2;2;12;61m [38;2;1;10;69m [38;2;14;27;92m.[38;2;15;32;78m.[38;2;13;33;81m.[38;2;1;22;100m [38;2;123;164;239mx[38;2;51;74;138m'[38;2;19;43;129m.[38;2;68;125;214mc[38;2;5;35;170m.[38;2;223;255;255mW[38;2;7;92;236m,[38;2;40;168;255mo[38;2;54;200;255mx[38;2;59;236;255mO[38;2;80;235;255mO[38;2;103;255;255mK[38;2;98;255;255mK[38;2;97;255;255mK[38;2;109;255;255mK[38;2;0;142;255mc[38;2;27;82;246m,[38;2;131;162;243mx[38;2;6;22;76m [38;2;63;94;139m;[38;2;9;53;83m.[38;2;16;52;81m.[38;2;61;101;132m;[38;2;5;43;56m.[38;2;5;26;35m [38;2;1;37;45m [38;2;5;36;46m [38;2;12;35;46m.[38;2;43;55;87m.[38;2;75;91;123m;[38;2;7;47;52m.[38;2;8;49;68m.[38;2;12;41;43m.[38;2;33;43;43m.[38;2;31;61;60m.[38;2;26;53;62m.[38;2;9;45;56m.[38;2;9;47;56m.[38;2;12;36;47m.[0m
[0m[38;2;25;48;53m.[38;2;10;49;61m.[38;2;6;32;31m [38;2;9;25;33m [38;2;7;47;60m.[38;2;1;34;36m [38;2;86;162;162mo[38;2;5;20;17m [38;2;38;69;73m.[38;2;39;69;80m.[38;2;16;31;44m [38;2;126;162;199md[38;2;116;128;146ml[38;2;23;42;55m.[38;2;21;55;63m.[38;2;29;67;74m.[38;2;4;14;29m [38;2;13;53;63m.[38;2;9;43;67m.[38;2;3;28;43m [38;2;3;16;21m [38;2;19;50;56m.[38;2;12;28;49m [38;2;17;27;47m [38;2;10;32;62m [38;2;14;28;91m.[38;2;17;23;98m.[38;2;28;45;161m.[38;2;13;53;183m.[38;2;12;29;172m.[38;2;13;52;188m.[38;2;22;62;199m'[38;2;35;59;196m'[38;2;108;127;212ml[38;2;183;208;237mK[38;2;87;99;126m:[38;2;4;11;94m [38;2;3;17;97m [38;2;0;14;55m [38;2;0;6;30m [38;2;9;26;112m.[38;2;153;193;254mO[38;2;8;12;38m [38;2;7;12;54m [38;2;20;39;83m.[38;2;16;37;137m.[38;2;236;255;255mM[38;2;3;18;106m [38;2;24;57;192m.[38;2;16;70;223m'[38;2;23;117;244m:[38;2;10;89;240m,[38;2;12;142;251mc[38;2;40;168;255mo[38;2;62;184;255md[38;2;91;204;255mk[38;2;6;85;239m,[38;2;23;61;194m'[38;2;119;149;216md[38;2;16;33;74m.[38;2;58;86;108m,[38;2;49;109;148m;[38;2;4;41;66m.[38;2;29;71;96m.[38;2;10;41;64m.[38;2;4;26;29m [38;2;5;38;49m.[38;2;12;50;55m.[38;2;2;24;31m [38;2;44;65;100m.[38;2;69;90;125m;[38;2;10;45;52m.[38;2;10;40;46m.[38;2;34;53;48m.[38;2;36;60;59m.[38;2;8;44;53m.[38;2;9;47;57m.[38;2;10;48;56m.[38;2;5;45;53m.[38;2;8;38;50m.[0m
[0m[38;2;28;50;52m.[38;2;7;52;61m.[38;2;8;25;30m [38;2;3;27;29m [38;2;6;45;64m.[38;2;5;30;45m [38;2;86;167;174mo[38;2;0;3;12m [38;2;8;42;56m.[38;2;5;37;40m [38;2;32;48;108m.[38;2;188;200;220m0[38;2;3;12;12m [38;2;60;124;128m:[38;2;62;129;135m:[38;2;87;140;155ml[38;2;16;34;45m.[38;2;53;92;101m,[38;2;24;63;79m.[38;2;31;67;85m.[38;2;27;61;98m.[38;2;30;63;100m.[38;2;27;51;72m.[38;2;29;45;92m.[38;2;20;43;121m.[38;2;17;37;166m.[38;2;0;43;199m.[38;2;11;135;255mc[38;2;10;150;255mc[38;2;5;125;250m:[38;2;2;135;255m:[38;2;6;123;253m:[38;2;10;109;249m;[38;2;0;41;211m.[38;2;25;85;246m,[38;2;196;234;255mX[38;2;54;65;185m'[38;2;16;66;188m'[38;2;6;22;102m [38;2;11;17;73m [38;2;24;53;156m.[38;2;154;222;255mK[38;2;0;6;23m [38;2;19;47;109m.[38;2;2;17;61m [38;2;10;53;169m.[38;2;226;242;255mW[38;2;0;1;3m [38;2;1;15;64m [38;2;8;14;72m [38;2;2;22;86m [38;2;15;17;112m [38;2;11;43;147m.[38;2;20;47;165m.[38;2;10;46;172m.[38;2;23;63;178m'[38;2;7;19;115m [38;2;28;67;127m.[38;2;92;132;173ml[38;2;22;48;87m.[38;2;50;71;93m'[38;2;59;121;151m:[38;2;5;38;59m.[38;2;6;38;63m.[38;2;5;34;35m [38;2;0;5;3m [38;2;4;15;14m [38;2;11;26;24m [38;2;5;26;31m [38;2;41;75;105m'[38;2;77;96;125m;[38;2;5;14;14m [38;2;30;44;58m.[38;2;8;34;38m [38;2;12;39;49m.[38;2;4;42;46m.[38;2;13;48;59m.[38;2;9;38;49m.[38;2;7;43;52m.[38;2;12;46;54m.[0m
[0m[38;2;24;54;56m.[38;2;9;51;69m.[38;2;13;26;28m [38;2;4;25;28m [38;2;7;49;61m.[38;2;3;30;45m [38;2;89;161;179mo[38;2;0;4;6m [38;2;7;47;61m.[38;2;7;22;30m [38;2;110;141;216mo[38;2;78;86;97m,[38;2;5;26;31m [38;2;17;57;58m.[38;2;82;161;168mo[38;2;77;140;159ml[38;2;15;38;46m.[38;2;57;107;129m;[38;2;6;41;61m.[38;2;9;51;75m.[38;2;10;49;88m.[38;2;8;40;87m.[38;2;12;45;113m.[38;2;83;142;221mo[38;2;77;147;246mo[38;2;90;180;254mx[38;2;14;176;255mo[38;2;114;247;255mK[38;2;125;249;255mK[38;2;125;253;255mX[38;2;95;250;255mK[38;2;80;244;255m0[38;2;68;236;255mO[38;2;48;203;255mx[38;2;19;170;255mo[38;2;110;224;255m0[38;2;97;139;243mo[38;2;16;69;235m'[38;2;6;25;133m.[38;2;14;22;117m.[38;2;50;80;193m,[38;2;181;220;248mK[38;2;0;13;43m [38;2;25;57;117m.[38;2;2;20;48m [38;2;8;34;108m.[38;2;220;248;255mW[38;2;0;2;8m [38;2;1;18;45m [38;2;10;34;76m.[38;2;6;34;60m [38;2;7;19;51m [38;2;3;7;33m [38;2;1;5;28m [38;2;0;3;20m [38;2;1;9;33m [38;2;2;6;26m [38;2;4;17;28m [38;2;96;127;168ml[38;2;6;30;65m [38;2;16;30;40m [38;2;11;44;59m.[38;2;12;52;76m.[38;2;16;54;80m.[38;2;4;16;17m [38;2;0;9;1m [38;2;0;9;0m [38;2;0;6;1m [38;2;0;3;0m [38;2;70;94;121m;[38;2;50;61;88m.[38;2;16;37;39m.[38;2;11;52;61m.[38;2;6;46;53m.[38;2;6;35;48m [38;2;10;40;44m.[38;2;11;40;42m.[38;2;11;44;57m.[38;2;11;47;54m.[38;2;13;44;56m.[0m
[0m[38;2;20;53;52m.[38;2;9;50;65m.[38;2;8;32;30m [38;2;8;28;38m [38;2;6;49;68m.[38;2;4;29;52m [38;2;87;173;161md[38;2;0;9;9m [38;2;6;49;57m.[38;2;20;38;76m.[38;2;153;190;239mO[38;2;2;18;16m [38;2;6;45;50m.[38;2;3;32;34m [38;2;61;124;134m:[38;2;79;155;154ml[38;2;16;35;39m.[38;2;91;171;182md[38;2;6;32;55m [38;2;8;51;81m.[38;2;9;50;88m.[38;2;15;48;110m.[38;2;3;42;117m.[38;2;56;110;213m:[38;2;84;162;253md[38;2;68;189;255mx[38;2;8;221;255mx[38;2;168;255;255mN[38;2;185;255;255mN[38;2;178;255;255mN[38;2;176;255;255mN[38;2;167;255;255mN[38;2;179;255;255mN[38;2;182;255;255mN[38;2;199;255;255mW[38;2;80;251;255m0[38;2;92;181;255mx[38;2;17;97;252m;[38;2;27;84;212m,[38;2;17;28;140m.[38;2;64;118;237mc[38;2;155;168;210mk[38;2;8;28;63m [38;2;21;56;100m.[38;2;4;22;46m [38;2;5;30;86m [38;2;201;231;253mX[38;2;0;1;1m [38;2;16;30;49m [38;2;6;54;90m.[38;2;7;28;57m [38;2;9;31;56m [38;2;23;35;46m.[38;2;104;129;133ml[38;2;93;122;124mc[38;2;96;121;116mc[38;2;82;104;111m;[38;2;53;69;75m'[38;2;93;114;116m:[38;2;37;54;59m.[38;2;45;55;70m.[38;2;26;30;31m [38;2;3;13;18m [38;2;5;26;36m [38;2;2;12;11m [38;2;0;9;7m [38;2;0;5;1m [38;2;0;6;2m [38;2;1;3;0m [38;2;105;131;145ml[38;2;21;50;65m.[38;2;7;41;47m.[38;2;10;41;47m.[38;2;10;46;53m.[38;2;6;45;57m.[38;2;11;34;42m [38;2;12;41;46m.[38;2;9;47;52m.[38;2;11;46;52m.[38;2;9;46;53m.[0m
[0m[38;2;17;45;51m.[38;2;6;40;60m.[38;2;4;24;26m [38;2;4;27;37m [38;2;9;48;53m.[38;2;5;30;52m [38;2;91;167;162mo[38;2;1;13;17m [38;2;6;41;44m.[38;2;27;54;117m.[38;2;166;217;241mK[38;2;3;20;20m [38;2;5;49;57m.[38;2;6;45;50m.[38;2;22;54;65m.[38;2;87;162;167mo[38;2;24;40;47m.[38;2;89;188;191mx[38;2;36;81;100m'[38;2;6;44;66m.[38;2;10;52;92m.[38;2;18;52;117m.[38;2;19;54;136m.[38;2;28;74;186m'[38;2;83;177;255mx[38;2;72;194;255mx[38;2;2;231;255mx[38;2;199;255;255mW[38;2;189;255;255mN[38;2;174;255;255mN[38;2;190;255;255mN[38;2;175;255;255mN[38;2;166;255;255mN[38;2;161;255;255mN[38;2;208;255;255mW[38;2;106;255;255mK[38;2;86;216;255mO[38;2;47;146;249ml[38;2;17;61;219m'[38;2;5;45;181m.[38;2;148;210;255m0[38;2;120;137;155mo[38;2;58;107;153m;[38;2;77;148;182ml[38;2;2;7;15m [38;2;12;31;82m.[38;2;198;226;246mX[38;2;10;19;22m [38;2;13;40;63m.[38;2;10;50;70m.[38;2;7;22;37m [38;2;11;41;55m.[38;2;5;20;31m [38;2;11;26;28m [38;2;4;14;13m [38;2;0;12;8m [38;2;8;34;45m [38;2;3;21;36m [38;2;88;114;133m:[38;2;3;20;41m [38;2;7;13;43m [38;2;153;166;205mx[38;2;20;28;62m.[38;2;13;37;85m.[38;2;2;4;14m [38;2;4;6;15m [38;2;0;5;10m [38;2;0;6;1m [38;2;0;0;0m [38;2;129;174;216mx[38;2;6;29;36m [38;2;3;5;8m [38;2;19;50;53m.[38;2;12;47;58m.[38;2;12;52;58m.[38;2;16;49;52m.[38;2;7;33;44m [38;2;20;53;57m.[38;2;11;40;46m.[38;2;11;48;52m.[0m
[0m[38;2;40;79;78m'[38;2;31;72;84m.[38;2;36;79;74m'[38;2;10;25;30m [38;2;11;51;57m.[38;2;5;32;43m [38;2;85;162;158mo[38;2;5;14;16m [38;2;30;63;63m.[38;2;31;61;103m.[38;2;160;188;202mO[38;2;23;45;44m.[38;2;27;72;73m.[38;2;29;70;80m.[38;2;26;67;69m.[38;2;67;124;127m:[38;2;40;73;75m.[38;2;63;120;124m:[38;2;85;164;166mo[38;2;24;58;84m.[38;2;17;60;96m.[38;2;20;57;106m.[38;2;12;57;143m.[38;2;10;53;183m.[38;2;84;159;250md[38;2;70;206;255mk[38;2;0;238;255mk[38;2;245;255;255mM[38;2;208;255;255mW[38;2;195;255;255mN[38;2;185;255;255mN[38;2;185;255;255mN[38;2;171;255;255mN[38;2;166;255;255mN[38;2;186;255;255mN[38;2;105;252;255mK[38;2;73;207;255mk[38;2;74;179;255md[38;2;37;99;213m;[38;2;32;71;187m'[38;2;246;255;255mM[38;2;35;58;114m.[38;2;11;36;98m.[38;2;89;160;204mo[38;2;0;10;24m [38;2;5;23;81m [38;2;177;197;229m0[38;2;11;25;33m [38;2;12;52;78m.[38;2;6;53;79m.[38;2;4;29;42m [38;2;42;79;98m'[38;2;22;53;76m.[38;2;42;91;96m,[38;2;63;119;137m:[38;2;44;79;78m'[38;2;8;28;44m [38;2;4;38;59m.[38;2;119;161;215md[38;2;19;45;96m.[38;2;7;28;151m.[38;2;82;155;234mo[38;2;32;111;220m:[38;2;21;121;231m:[38;2;2;54;180m.[38;2;2;16;130m [38;2;2;15;61m [38;2;1;6;23m [38;2;45;53;78m.[38;2;92;122;154mc[38;2;8;45;54m.[38;2;2;11;8m [38;2;16;46;56m.[38;2;4;31;36m [38;2;14;41;46m.[38;2;6;32;38m [38;2;10;38;42m.[38;2;19;50;53m.[38;2;32;59;62m.[38;2;23;61;60m.[0m
[0m[38;2;20;55;55m.[38;2;9;50;61m.[38;2;7;52;54m.[38;2;1;20;30m [38;2;11;53;59m.[38;2;5;33;49m [38;2;78;149;150ml[38;2;3;9;11m [38;2;5;43;45m.[38;2;25;45;85m.[38;2;205;234;244mN[38;2;0;11;5m [38;2;0;30;42m [38;2;56;101;113m;[38;2;14;47;60m.[38;2;16;45;58m.[38;2;75;133;157mc[38;2;6;12;15m [38;2;36;84;97m'[38;2;38;85;112m'[38;2;35;84;118m'[38;2;35;79;118m'[38;2;32;82;136m'[38;2;41;80;153m,[38;2;41;98;220m;[38;2;41;136;252mc[38;2;37;216;255mx[38;2;106;227;255m0[38;2;104;248;255mK[38;2;105;254;255mK[38;2;130;255;255mX[38;2;132;255;255mX[38;2;140;255;255mX[38;2;143;255;255mX[38;2;117;253;255mK[38;2;86;233;255m0[38;2;77;186;255mx[38;2;60;164;247mo[38;2;65;128;211mc[38;2;110;138;206mo[38;2;200;234;251mX[38;2;0;12;59m [38;2;7;44;94m.[38;2;29;71;112m.[38;2;4;27;45m [38;2;4;26;77m [38;2;172;190;222mO[38;2;8;23;40m [38;2;14;53;80m.[38;2;10;56;84m.[38;2;3;26;33m [38;2;101;165;181md[38;2;14;54;76m.[38;2;5;33;54m [38;2;56;124;146m:[38;2;69;114;126m:[38;2;11;27;54m [38;2;2;20;78m [38;2;116;168;239mx[38;2;20;69;187m'[38;2;4;131;255m:[38;2;119;253;255mK[38;2;118;250;255mK[38;2;208;255;255mW[38;2;0;218;255mx[38;2;0;72;250m'[38;2;0;15;147m [38;2;0;2;40m [38;2;147;176;214mk[38;2;17;46;68m.[38;2;10;48;63m.[38;2;3;15;13m [38;2;6;36;48m [38;2;35;84;91m'[38;2;20;58;101m.[38;2;29;64;90m.[38;2;10;30;40m [38;2;97;101;97m:[38;2;44;68;64m.[38;2;29;74;75m.[0m
[0m[38;2;17;52;53m.[38;2;9;50;59m.[38;2;14;53;61m.[38;2;1;22;35m [38;2;12;50;63m.[38;2;3;34;49m [38;2;89;162;169mo[38;2;6;34;44m [38;2;6;52;54m.[38;2;7;15;48m [38;2;184;219;250mK[38;2;29;46;52m.[38;2;2;36;50m [38;2;24;71;71m.[38;2;76;137;148mc[38;2;3;26;42m [38;2;68;130;154mc[38;2;3;7;10m [38;2;11;52;71m.[38;2;8;50;67m.[38;2;8;53;77m.[38;2;9;50;88m.[38;2;10;53;89m.[38;2;19;53;112m.[38;2;9;60;146m.[38;2;24;62;195m'[38;2;38;120;225m:[38;2;16;95;233m;[38;2;29;120;248m:[38;2;18;140;253mc[38;2;8;145;255mc[38;2;7;154;254mc[38;2;6;163;255ml[38;2;6;151;254mc[38;2;13;158;253ml[38;2;126;199;255mO[38;2;29;81;219m,[38;2;19;85;195m,[38;2;21;38;141m.[38;2;182;210;242mK[38;2;32;65;112m.[38;2;20;54;107m.[38;2;29;69;121m.[38;2;41;93;130m,[38;2;22;40;56m.[38;2;2;18;62m [38;2;154;178;198mk[38;2;24;52;60m.[38;2;31;79;105m'[38;2;34;78;106m'[38;2;23;50;60m.[38;2;71;124;130m:[38;2;66;122;155m:[38;2;11;40;61m.[38;2;12;40;65m.[38;2;46;85;105m,[38;2;8;26;56m [38;2;27;34;103m.[38;2;123;137;201mo[38;2;5;60;223m.[38;2;62;159;255mo[38;2;65;247;255m0[38;2;182;255;255mN[38;2;224;255;255mW[38;2;1;241;255mk[38;2;3;106;255m;[38;2;0;19;162m.[38;2;36;51;118m.[38;2;107;143;164mo[38;2;10;39;66m.[38;2;10;50;74m.[38;2;4;16;16m [38;2;11;40;40m.[38;2;29;42;51m.[38;2;20;34;41m.[38;2;57;107;110m;[38;2;3;26;30m [38;2;136;149;143mo[38;2;63;100;90m;[38;2;31;71;80m.[0m
[0m[38;2;17;55;56m.[38;2;9;50;58m.[38;2;14;53;58m.[38;2;4;18;27m [38;2;13;53;56m.[38;2;2;32;43m [38;2;83;148;154ml[38;2;6;30;34m [38;2;8;52;56m.[38;2;2;17;33m [38;2;104;135;200ml[38;2;129;145;150mo[38;2;2;26;31m [38;2;6;44;53m.[38;2;44;87;100m,[38;2;53;105;112m;[38;2;60;129;135m:[38;2;4;10;19m [38;2;8;50;74m.[38;2;6;52;63m.[38;2;8;50;71m.[38;2;7;51;76m.[38;2;9;51;78m.[38;2;12;52;90m.[38;2;11;51;113m.[38;2;19;55;123m.[38;2;19;61;136m.[38;2;14;34;111m.[38;2;20;63;174m.[38;2;27;71;191m'[38;2;16;70;191m'[38;2;11;73;197m'[38;2;18;78;198m'[38;2;16;63;193m'[38;2;38;93;239m;[38;2;152;203;254m0[38;2;8;33;135m.[38;2;2;49;139m.[38;2;29;69;174m'[38;2;170;190;214mO[38;2;0;1;50m [38;2;11;56;113m.[38;2;13;57;106m.[38;2;20;62;104m.[38;2;30;59;79m.[38;2;6;29;79m [38;2;152;162;187mx[38;2;5;29;49m [38;2;19;59;86m.[38;2;22;64;92m.[38;2;53;99;117m;[38;2;14;26;39m [38;2;24;62;93m.[38;2;30;67;94m.[38;2;29;67;87m.[38;2;51;93;114m,[38;2;7;17;50m [38;2;107;120;143mc[38;2;63;90;144m;[38;2;39;94;206m;[38;2;38;87;231m;[38;2;82;216;255mO[38;2;121;221;255m0[38;2;130;240;255mK[38;2;6;169;249ml[38;2;1;54;221m.[38;2;4;9;112m [38;2;136;157;195md[38;2;10;24;38m [38;2;16;57;98m.[38;2;8;54;69m.[38;2;3;17;18m [38;2;7;33;32m [38;2;67;84;76m,[38;2;65;80;71m'[38;2;27;33;25m.[38;2;0;2;0m [38;2;137;146;141mo[38;2;35;61;58m.[38;2;24;58;61m.[0m
[0m[38;2;20;48;46m.[38;2;6;43;50m.[38;2;11;43;57m.[38;2;1;11;12m [38;2;9;42;48m.[38;2;55;100;125m;[38;2;58;114;109m;[38;2;0;7;9m [38;2;5;36;40m [38;2;4;23;22m [38;2;28;42;89m.[38;2;160;206;230m0[38;2;24;37;46m.[38;2;5;31;38m [38;2;3;25;34m [38;2;43;95;100m,[38;2;45;96;84m,[38;2;0;7;8m [38;2;7;35;45m [38;2;4;36;39m [38;2;7;36;45m [38;2;7;32;48m [38;2;9;34;43m [38;2;7;34;45m [38;2;10;33;56m [38;2;9;35;63m.[38;2;11;40;61m.[38;2;2;19;50m [38;2;17;35;79m.[38;2;10;35;89m.[38;2;10;35;95m.[38;2;15;36;97m.[38;2;15;43;125m.[38;2;7;34;99m.[38;2;39;72;201m,[38;2;159;223;255mK[38;2;4;15;61m [38;2;7;23;105m [38;2;129;180;235mk[38;2;85;94;112m;[38;2;3;19;75m [38;2;9;37;76m.[38;2;9;37;88m.[38;2;14;41;90m.[38;2;5;28;45m [38;2;17;46;117m.[38;2;141;155;174md[38;2;5;24;35m [38;2;8;34;53m [38;2;8;40;56m.[38;2;20;42;57m.[38;2;4;22;33m [38;2;8;39;55m.[38;2;8;35;50m [38;2;8;37;59m.[38;2;20;41;67m.[38;2;0;7;20m [38;2;152;171;204mk[38;2;9;18;51m [38;2;14;39;95m.[38;2;63;89;177m;[38;2;64;98;175m;[38;2;19;51;176m.[38;2;11;75;188m'[38;2;4;25;148m.[38;2;1;4;62m [38;2;97;119;186mc[38;2;45;57;61m.[38;2;7;23;36m [38;2;11;60;94m.[38;2;12;48;62m.[38;2;2;19;19m [38;2;18;41;46m.[38;2;33;54;56m.[38;2;31;58;58m.[38;2;9;30;29m [38;2;4;23;25m [38;2;84;102;106m;[38;2;21;51;50m.[38;2;28;58;61m.[0m
[0m[38;2;21;53;52m.[38;2;10;48;55m.[38;2;7;38;33m [38;2;0;16;20m [38;2;7;38;44m.[38;2;70;131;128mc[38;2;53;109;127m;[38;2;1;10;6m [38;2;1;7;4m [38;2;4;20;20m [38;2;6;11;14m [38;2;61;97;158m;[38;2;122;160;195md[38;2;24;31;29m [38;2;0;1;1m [38;2;0;6;4m [38;2;0;4;0m [38;2;2;28;36m [38;2;5;27;28m [38;2;5;12;14m [38;2;21;29;23m [38;2;47;52;51m.[38;2;49;51;51m.[38;2;51;53;52m.[38;2;50;52;54m.[38;2;53;57;59m.[38;2;59;59;62m.[38;2;56;62;67m.[38;2;52;50;65m.[38;2;50;64;77m.[38;2;53;63;71m.[38;2;5;8;56m [38;2;2;10;31m [38;2;0;0;12m [38;2;39;73;175m'[38;2;186;241;255mN[38;2;0;3;59m [38;2;45;78;181m,[38;2;188;213;238mK[38;2;50;58;98m.[38;2;82;94;118m;[38;2;80;87;117m;[38;2;82;101;115m;[38;2;82;95;106m;[38;2;85;103;122m:[38;2;23;45;118m.[38;2;138;149;169md[38;2;82;85;92m,[38;2;45;53;62m.[38;2;12;16;24m [38;2;1;3;4m [38;2;9;23;33m [38;2;6;22;31m [38;2;6;14;20m [38;2;0;4;11m [38;2;2;5;13m [38;2;0;2;14m [38;2;147;186;230mk[38;2;27;33;45m.[38;2;28;31;44m.[38;2;127;158;217md[38;2;56;61;115m'[38;2;51;63;111m'[38;2;22;37;82m.[38;2;3;9;45m [38;2;35;55;102m.[38;2;103;134;163ml[38;2;3;1;3m [38;2;9;26;44m [38;2;14;60;91m.[38;2;7;46;59m.[38;2;10;21;20m [38;2;12;39;42m.[38;2;8;39;43m.[38;2;9;33;35m [38;2;20;52;59m.[38;2;5;36;41m [38;2;84;149;154ml[38;2;15;56;62m.[38;2;22;52;56m.[0m
[0m[38;2;21;54;54m.[38;2;9;51;60m.[38;2;5;41;35m.[38;2;3;17;19m [38;2;7;37;47m.[38;2;69;126;143mc[38;2;51;103;111m;[38;2;3;13;17m [38;2;2;11;9m [38;2;18;50;51m.[38;2;7;26;31m [38;2;7;25;36m [38;2;54;91;152m;[38;2;136;171;207mx[38;2;63;69;75m'[38;2;0;3;1m [38;2;0;2;0m [38;2;7;61;85m.[38;2;11;53;63m.[38;2;6;15;18m [38;2;93;115;106m:[38;2;154;194;198mO[38;2;150;189;195mk[38;2;154;190;192mk[38;2;157;192;192mO[38;2;143;182;187mk[38;2;142;175;187mx[38;2;131;154;163md[38;2;111;125;139ml[38;2;103;139;137ml[38;2;115;154;170mo[38;2;113;130;161ml[38;2;88;106;147m:[38;2;44;80;149m,[38;2;47;96;194m;[38;2;75;135;223ml[38;2;48;72;165m'[38;2;108;146;235mo[38;2;67;79;146m,[38;2;94;140;224mo[38;2;120;178;245mk[38;2;124;171;240mx[38;2;109;175;236mx[38;2;131;161;225mx[38;2;127;164;225mx[38;2;25;47;139m.[38;2;124;156;185md[38;2;96;127;161ml[38;2;74;104;151m:[38;2;91;103;141m:[38;2;64;85;118m,[38;2;108;132;149ml[38;2;33;45;57m.[38;2;12;25;36m [38;2;1;2;16m [38;2;2;5;15m [38;2;6;13;43m [38;2;129;162;203mx[38;2;92;112;149m:[38;2;68;87;191m;[38;2;126;190;252mk[38;2;58;97;225m:[38;2;52;82;215m;[38;2;52;100;230m:[38;2;83;121;173mc[38;2;119;160;224md[38;2;5;10;44m [38;2;1;9;27m [38;2;11;26;55m [38;2;15;64;99m.[38;2;6;48;67m.[38;2;5;21;25m [38;2;13;54;63m.[38;2;17;55;67m.[38;2;0;0;1m [38;2;23;54;56m.[38;2;7;34;44m [38;2;92;144;149ml[38;2;9;33;49m [38;2;16;44;55m.[0m
[0m[38;2;23;52;57m.[38;2;9;50;59m.[38;2;6;38;36m [38;2;8;21;24m [38;2;7;36;44m [38;2;74;140;155ml[38;2;38;92;92m,[38;2;4;19;23m [38;2;1;17;20m [38;2;7;20;21m [38;2;10;43;54m.[38;2;1;29;34m [38;2;4;5;11m [38;2;32;61;111m.[38;2;138;174;226mk[38;2;123;135;144ml[38;2;33;35;40m.[38;2;3;45;43m.[38;2;8;54;64m.[38;2;2;33;34m [38;2;2;14;13m [38;2;10;47;53m.[38;2;4;24;26m [38;2;6;22;17m [38;2;7;26;23m [38;2;6;23;24m [38;2;7;27;35m [38;2;13;43;57m.[38;2;13;50;61m.[38;2;8;41;63m.[38;2;13;41;50m.[38;2;15;37;68m.[38;2;5;21;74m [38;2;0;0;38m [38;2;53;98;228m:[38;2;138;171;237mk[38;2;97;127;232ml[38;2;72;132;252ml[38;2;51;114;226m:[38;2;8;106;235m;[38;2;3;149;251mc[38;2;3;121;249m:[38;2;0;124;250m:[38;2;4;108;239m;[38;2;1;90;236m,[38;2;29;87;235m,[38;2;118;139;192mo[38;2;5;20;125m [38;2;0;6;38m [38;2;0;2;19m [38;2;2;6;14m [38;2;45;62;113m.[38;2;175;186;207mO[38;2;6;13;18m [38;2;9;15;38m [38;2;8;14;35m [38;2;38;54;121m.[38;2;117;132;177ml[38;2;7;33;168m.[38;2;41;134;245mc[38;2;70;232;255mO[38;2;85;209;255mk[38;2;96;221;255mO[38;2;101;216;255mO[38;2;46;204;255mx[38;2;68;142;225ml[38;2;3;6;145m [38;2;0;7;82m [38;2;14;28;63m [38;2;12;55;95m.[38;2;11;46;68m.[38;2;12;24;26m [38;2;8;56;69m.[38;2;21;56;70m.[38;2;0;0;1m [38;2;22;50;57m.[38;2;34;67;79m.[38;2;56;98;109m,[38;2;8;41;50m.[38;2;7;47;47m.[0m
[0m[38;2;26;53;53m.[38;2;9;50;55m.[38;2;10;44;47m.[38;2;6;16;21m [38;2;5;36;47m [38;2;84;152;161ml[38;2;39;91;92m'[38;2;2;12;20m [38;2;10;48;66m.[38;2;7;43;56m.[38;2;10;50;62m.[38;2;6;31;39m [38;2;1;12;13m [38;2;2;8;12m [38;2;13;32;44m [38;2;65;94;141m;[38;2;132;172;204mx[38;2;121;147;163mo[38;2;78;95;96m;[38;2;15;40;50m.[38;2;9;36;48m.[38;2;14;58;69m.[38;2;13;36;36m.[38;2;15;35;35m.[38;2;20;42;37m.[38;2;22;36;33m.[38;2;0;9;8m [38;2;31;73;83m.[38;2;19;57;70m.[38;2;17;49;73m.[38;2;17;42;68m.[38;2;34;62;113m.[38;2;29;53;115m.[38;2;36;68;165m'[38;2;53;115;252mc[38;2;155;224;255mK[38;2;84;214;255mO[38;2;113;220;255m0[38;2;20;242;255mk[38;2;76;244;255m0[38;2;139;255;255mX[38;2;133;255;255mX[38;2;147;255;255mX[38;2;146;255;255mX[38;2;44;236;255mO[38;2;25;187;255md[38;2;132;170;241mx[38;2;41;109;211m:[38;2;40;81;146m,[38;2;81;135;171ml[38;2;42;75;97m'[38;2;6;20;49m [38;2;178;195;237m0[38;2;9;14;36m [38;2;57;102;141m;[38;2;49;85;111m,[38;2;54;75;160m,[38;2;117;149;216md[38;2;45;138;254ml[38;2;57;220;255mk[38;2;123;255;255mX[38;2;238;255;255mM[38;2;236;255;255mM[38;2;184;255;255mN[38;2;34;228;255mk[38;2;74;206;255mk[38;2;7;14;178m.[38;2;0;6;98m [38;2;12;27;82m [38;2;10;55;103m.[38;2;13;44;64m.[38;2;13;30;29m [38;2;10;51;71m.[38;2;14;53;65m.[38;2;0;1;0m [38;2;15;43;47m.[38;2;72;120;137m:[38;2;16;45;51m.[38;2;11;49;56m.[38;2;13;52;60m.[0m
[0m[38;2;22;42;50m.[38;2;33;76;94m'[38;2;47;105;103m;[38;2;5;14;18m [38;2;5;36;49m [38;2;80;150;162ml[38;2;37;94;88m,[38;2;12;22;25m [38;2;45;88;89m'[38;2;46;83;95m'[38;2;45;94;107m,[38;2;45;114;112m;[38;2;36;85;79m'[38;2;20;54;66m.[38;2;26;67;73m.[38;2;26;50;52m.[38;2;4;16;32m [38;2;36;74;102m'[38;2;81;109;146m:[38;2;99;133;159ml[38;2;93;128;156mc[38;2;74;109;132m:[38;2;99;124;137mc[38;2;94;140;152ml[38;2;112;147;155mo[38;2;116;149;156mo[38;2;107;124;129mc[38;2;118;139;157mo[38;2;123;146;165mo[38;2;112;139;156ml[38;2;124;140;166mo[38;2;112;145;180mo[38;2;57;107;180m:[38;2;53;90;196m;[38;2;58;144;255ml[38;2;134;238;255mK[38;2;90;242;255m0[38;2;255;255;255mM[38;2;21;255;255mO[38;2;81;255;255mK[38;2;254;255;255mM[38;2;220;255;255mW[38;2;227;255;255mW[38;2;231;255;255mW[38;2;70;255;255m0[38;2;8;221;255mx[38;2;120;159;252mx[38;2;61;141;247ml[38;2;20;63;148m.[38;2;77;148;202ml[38;2;53;100;126m;[38;2;1;11;56m [38;2;175;197;239m0[38;2;19;33;49m.[38;2;9;52;93m.[38;2;35;65;89m.[38;2;62;84;158m,[38;2;109;135;208mo[38;2;18;84;246m,[38;2;76;229;255mO[38;2;118;254;255mK[38;2;225;255;255mW[38;2;226;255;255mW[38;2;45;251;255mO[38;2;4;138;255mc[38;2;47;129;249mc[38;2;36;53;158m.[38;2;0;6;67m [38;2;12;33;78m.[38;2;18;55;90m.[38;2;9;38;50m.[38;2;13;32;33m [38;2;13;46;62m.[38;2;13;50;64m.[38;2;0;4;1m [38;2;27;59;59m.[38;2;65;105;112m;[38;2;7;29;35m [38;2;22;50;56m.[38;2;13;51;59m.[0m
[0m[38;2;40;71;86m.[38;2;88;169;184md[38;2;18;51;44m.[38;2;5;20;22m [38;2;5;34;49m [38;2;82;159;163mo[38;2;35;85;86m'[38;2;26;45;61m.[38;2;85;183;192md[38;2;76;152;151ml[38;2;64;150;152ml[38;2;65;158;173ml[38;2;74;167;156mo[38;2;15;49;51m.[38;2;4;43;58m.[38;2;6;47;53m.[38;2;0;19;30m [38;2;11;52;58m.[38;2;8;46;54m.[38;2;7;37;49m.[38;2;21;54;80m.[38;2;29;58;91m.[38;2;59;103;149m;[38;2;43;106;138m;[38;2;45;77;116m'[38;2;37;85;115m'[38;2;35;64;83m.[38;2;21;61;97m.[38;2;10;42;75m.[38;2;4;37;53m [38;2;21;48;70m.[38;2;74;156;177mo[38;2;60;144;174ml[38;2;52;107;193m:[38;2;84;156;255md[38;2;142;226;255mK[38;2;84;242;255m0[38;2;254;255;255mM[38;2;87;255;255mK[38;2;7;255;255mO[38;2;254;255;255mM[38;2;206;255;255mW[38;2;209;255;255mW[38;2;230;255;255mW[38;2;38;255;255mO[38;2;14;216;255mx[38;2;125;147;242md[38;2;9;49;212m.[38;2;58;129;190mc[38;2;19;46;101m.[38;2;44;73;96m'[38;2;3;5;38m [38;2;176;197;244m0[38;2;22;31;44m.[38;2;9;37;69m.[38;2;9;25;53m [38;2;43;58;114m.[38;2;106;121;169ml[38;2;84;115;195mc[38;2;54;116;242mc[38;2;35;167;251mo[38;2;52;174;255md[38;2;68;214;255mk[38;2;14;140;254mc[38;2;0;33;186m.[38;2;62;101;181m;[38;2;39;62;115m.[38;2;0;6;30m [38;2;12;31;49m [38;2;21;58;92m.[38;2;11;36;56m.[38;2;23;33;34m.[38;2;1;37;42m [38;2;22;52;61m.[38;2;0;0;1m [38;2;80;138;145mc[38;2;12;45;52m.[38;2;13;48;50m.[38;2;26;42;53m.[38;2;17;47;53m.[0m
[0m[38;2;87;157;142mo[38;2;23;75;81m.[38;2;2;20;18m [38;2;6;20;30m [38;2;5;35;48m [38;2;80;151;165ml[38;2;40;90;85m'[38;2;23;43;58m.[38;2;81;172;180md[38;2;66;148;147ml[38;2;61;147;151ml[38;2;65;147;155ml[38;2;72;153;149ml[38;2;65;143;143mc[38;2;11;47;56m.[38;2;6;45;50m.[38;2;0;24;37m [38;2;9;51;59m.[38;2;8;48;58m.[38;2;5;48;58m.[38;2;5;48;56m.[38;2;5;36;47m [38;2;59;114;122m:[38;2;84;176;168md[38;2;29;68;69m.[38;2;5;47;53m.[38;2;0;27;29m [38;2;6;51;63m.[38;2;6;50;64m.[38;2;9;51;66m.[38;2;6;48;70m.[38;2;29;72;111m.[38;2;64;127;170mc[38;2;34;76;157m'[38;2;93;163;252md[38;2;131;194;254mO[38;2;63;196;255mx[38;2;192;245;255mN[38;2;54;246;255mO[38;2;16;239;255mk[38;2;153;243;255mX[38;2;124;255;255mX[38;2;110;253;255mK[38;2;109;247;255mK[38;2;9;200;255md[38;2;41;191;255md[38;2;122;150;223md[38;2;17;65;183m'[38;2;29;78;134m'[38;2;35;71;126m'[38;2;62;107;127m;[38;2;0;3;22m [38;2;164;184;222mO[38;2;34;50;75m.[38;2;10;56;75m.[38;2;19;55;77m.[38;2;18;32;63m.[38;2;99;117;138mc[38;2;118;150;204md[38;2;8;28;91m.[38;2;13;36;121m.[38;2;24;53;165m.[38;2;96;139;187ml[38;2;6;13;89m [38;2;1;3;43m [38;2;123;142;163mo[38;2;13;21;39m [38;2;3;1;7m [38;2;9;35;45m [38;2;19;56;80m.[38;2;12;34;50m.[38;2;20;32;36m.[38;2;8;36;42m [38;2;16;53;55m.[38;2;19;33;26m [38;2;54;107;111m;[38;2;8;43;46m.[38;2;22;49;57m.[38;2;21;43;49m.[38;2;21;48;52m.[0m
[0m[38;2;37;76;67m.[38;2;7;44;60m.[38;2;5;28;22m [38;2;6;17;22m [38;2;3;34;49m [38;2;81;152;169ml[38;2;34;77;57m.[38;2;24;43;58m.[38;2;83;166;173mo[38;2;63;149;146ml[38;2;58;145;154mc[38;2;64;144;151mc[38;2;69;147;143ml[38;2;64;143;133mc[38;2;55;118;123m:[38;2;12;46;52m.[38;2;0;22;29m [38;2;13;48;64m.[38;2;5;49;61m.[38;2;6;44;55m.[38;2;5;45;51m.[38;2;6;42;52m.[38;2;5;30;29m [38;2;44;95;93m,[38;2;64;116;118m:[38;2;21;54;54m.[38;2;19;46;45m.[38;2;7;32;36m [38;2;16;50;55m.[38;2;20;53;55m.[38;2;22;54;69m.[38;2;21;53;66m.[38;2;30;66;91m.[38;2;12;28;73m [38;2;126;172;234mx[38;2;133;142;211md[38;2;6;57;187m.[38;2;49;175;252md[38;2;40;162;252mo[38;2;62;148;250mo[38;2;1;89;235m,[38;2;19;130;243m:[38;2;14;125;245m:[38;2;22;112;235m:[38;2;1;54;212m.[38;2;81;146;250mo[38;2;128;137;177mo[38;2;16;50;121m.[38;2;20;65;116m.[38;2;11;65;96m.[38;2;28;66;98m.[38;2;0;4;12m [38;2;157;174;203mk[38;2;67;84;105m,[38;2;7;30;41m [38;2;15;37;48m.[38;2;0;11;25m [38;2;115;149;191mo[38;2;112;152;186mo[38;2;14;17;19m [38;2;13;16;25m [38;2;99;121;140mc[38;2;23;32;51m.[38;2;1;0;4m [38;2;14;24;37m [38;2;136;164;181mx[38;2;1;0;0m [38;2;1;4;3m [38;2;15;36;33m.[38;2;17;50;71m.[38;2;8;34;35m [38;2;13;30;30m [38;2;9;42;46m.[38;2;17;44;47m.[38;2;13;29;23m [38;2;12;44;48m.[38;2;11;36;49m.[38;2;13;41;43m.[38;2;24;46;59m.[38;2;6;35;38m [0m
[0m[38;2;19;49;51m.[38;2;5;52;63m.[38;2;3;33;24m [38;2;9;16;19m [38;2;8;36;49m [38;2;78;142;171ml[38;2;33;77;61m.[38;2;18;32;46m.[38;2;57;120;134m:[38;2;47;103;94m,[38;2;41;103;104m,[38;2;48;98;96m,[38;2;52;98;103m,[38;2;64;119;117m:[38;2;40;85;88m'[38;2;41;76;80m'[38;2;38;75;71m.[38;2;4;13;17m [38;2;9;45;49m.[38;2;6;34;50m [38;2;12;44;46m.[38;2;7;44;49m.[38;2;26;56;56m.[38;2;19;61;60m.[38;2;23;61;62m.[38;2;22;65;77m.[38;2;52;107;107m;[38;2;2;23;18m [38;2;12;55;62m.[38;2;8;50;62m.[38;2;6;48;63m.[38;2;7;47;63m.[38;2;5;46;67m.[38;2;0;17;35m [38;2;133;163;234mx[38;2;115;125;144ml[38;2;0;0;24m [38;2;63;122;177mc[38;2;68;125;232mc[38;2;59;99;196m;[38;2;4;41;127m.[38;2;22;72;168m'[38;2;19;67;157m.[38;2;14;53;138m.[38;2;0;21;92m [38;2;98;149;227mo[38;2;125;131;133ml[38;2;4;26;48m [38;2;6;20;46m [38;2;5;23;40m [38;2;4;15;36m [38;2;0;0;4m [38;2;126;164;192md[38;2;97;114;131mc[38;2;5;32;53m [38;2;20;61;89m.[38;2;1;21;49m [38;2;108;136;158ml[38;2;102;134;148ml[38;2;82;96;96m;[38;2;65;64;72m'[38;2;131;162;195mx[38;2;27;28;29m [38;2;21;27;37m [38;2;130;141;158mo[38;2;31;39;43m.[38;2;0;6;3m [38;2;2;5;4m [38;2;15;38;35m.[38;2;9;52;74m.[38;2;14;32;32m [38;2;17;33;35m [38;2;12;37;41m.[38;2;12;31;33m [38;2;7;21;17m [38;2;13;48;48m.[38;2;8;39;48m.[38;2;9;33;36m [38;2;20;40;46m.[38;2;43;84;84m'[0m
[0m[38;2;18;45;45m.[38;2;7;41;52m.[38;2;2;34;31m [38;2;5;37;41m [38;2;4;29;43m [38;2;69;136;169mc[38;2;46;99;77m,[38;2;1;3;7m [38;2;8;30;40m [38;2;6;35;42m [38;2;7;55;53m.[38;2;20;58;55m.[38;2;25;64;76m.[38;2;27;76;83m.[38;2;25;69;81m.[38;2;38;85;104m'[38;2;97;186;179mx[38;2;0;5;9m [38;2;9;50;61m.[38;2;5;47;59m.[38;2;5;49;55m.[38;2;2;48;59m.[38;2;4;50;54m.[38;2;9;49;60m.[38;2;7;49;56m.[38;2;7;48;64m.[38;2;10;55;65m.[38;2;23;41;46m.[38;2;11;48;64m.[38;2;4;38;53m.[38;2;48;64;69m.[38;2;62;72;64m'[38;2;95;99;76m;[38;2;110;105;75m:[38;2;190;182;139mk[38;2;199;199;128mO[38;2;204;197;101mO[38;2;193;183;113mk[38;2;168;167;115mx[38;2;121;122;117mc[38;2;102;100;77m;[38;2;124;106;88m:[38;2;147;128;100ml[38;2;101;91;82m;[38;2;51;45;39m.[38;2;119;134;162ml[38;2;80;99;109m;[38;2;9;27;45m [38;2;2;10;29m [38;2;0;7;23m [38;2;0;7;21m [38;2;0;0;13m [38;2;111;145;194mo[38;2;107;129;150ml[38;2;9;35;127m.[38;2;26;73;149m'[38;2;5;42;129m.[38;2;21;45;83m.[38;2;155;174;197mk[38;2;68;72;77m'[38;2;37;44;49m.[38;2;146;162;174mx[38;2;95;100;104m:[38;2;129;150;174md[38;2;27;27;29m [38;2;1;5;2m [38;2;2;9;4m [38;2;0;3;6m [38;2;17;39;32m.[38;2;15;49;74m.[38;2;18;40;45m.[38;2;10;22;22m [38;2;16;24;25m [38;2;9;22;28m [38;2;15;32;35m [38;2;18;40;46m.[38;2;52;91;94m,[38;2;64;102;111m;[38;2;71;117;127m:[38;2;58;99;104m;[0m
[0m[38;2;24;50;56m.[38;2;10;50;67m.[38;2;5;49;54m.[38;2;4;46;58m.[38;2;4;27;43m [38;2;68;122;161mc[38;2;55;107;105m;[38;2;0;10;16m [38;2;4;46;56m.[38;2;3;46;55m.[38;2;4;46;52m.[38;2;4;43;56m.[38;2;4;46;54m.[38;2;4;48;54m.[38;2;3;48;53m.[38;2;5;38;49m.[38;2;54;112;124m;[38;2;3;11;15m [38;2;6;52;55m.[38;2;6;48;60m.[38;2;3;49;58m.[38;2;6;49;61m.[38;2;5;48;64m.[38;2;9;47;69m.[38;2;5;49;63m.[38;2;5;51;68m.[38;2;4;46;57m.[38;2;36;55;69m.[38;2;64;65;77m'[38;2;178;158;93md[38;2;245;215;123mK[38;2;235;219;96mK[38;2;230;206;107m0[38;2;233;208;82m0[38;2;225;181;74mO[38;2;195;176;87mk[38;2;250;230;98mX[38;2;255;243;103mN[38;2;255;239;91mN[38;2;255;239;99mN[38;2;255;241;96mN[38;2;243;210;92mK[38;2;242;201;93m0[38;2;230;199;112m0[38;2;238;190;110m0[38;2;209;176;92mk[38;2;172;132;80mo[38;2;152;133;68ml[38;2;121;88;59m;[38;2;102;102;68m;[38;2;102;101;67m;[38;2;100;84;54m,[38;2;119;135;200mo[38;2;92;160;237md[38;2;85;159;251md[38;2;111;190;255mk[38;2;0;137;252m:[38;2;28;70;177m'[38;2;69;107;186m:[38;2;93;101;130m:[38;2;105;125;143mc[38;2;107;126;140ml[38;2;48;79;95m'[38;2;77;103;150m:[38;2;0;0;0m [38;2;4;11;3m [38;2;2;12;0m [38;2;2;2;4m [38;2;18;41;31m.[38;2;10;53;64m.[38;2;17;49;57m.[38;2;15;45;43m.[38;2;5;29;32m [38;2;23;57;59m.[38;2;43;66;69m.[38;2;45;86;85m'[38;2;42;75;82m'[38;2;15;42;52m.[38;2;7;39;45m.[38;2;9;39;53m.[0m
[0m[38;2;21;51;55m.[38;2;5;48;63m.[38;2;0;46;51m.[38;2;2;46;51m.[38;2;4;29;46m [38;2;63;115;160m:[38;2;54;117;115m;[38;2;0;5;15m [38;2;2;45;55m.[38;2;0;43;57m.[38;2;4;44;55m.[38;2;2;44;53m.[38;2;2;47;52m.[38;2;0;47;51m.[38;2;4;46;55m.[38;2;4;48;53m.[38;2;4;40;51m.[38;2;6;18;21m [38;2;5;55;67m.[38;2;6;52;64m.[38;2;5;47;51m.[38;2;5;37;47m [38;2;2;35;44m [38;2;4;28;37m [38;2;2;22;30m [38;2;14;24;25m [38;2;77;80;67m,[38;2;153;130;72ml[38;2;219;192;90mO[38;2;208;157;45mx[38;2;158;98;30m:[38;2;147;102;31m:[38;2;154;109;35mc[38;2;140;101;30m:[38;2;170;127;48ml[38;2;138;102;50m:[38;2;137;95;40m:[38;2;181;143;61mo[38;2;219;179;71mk[38;2;232;198;69m0[38;2;244;220;79mK[38;2;255;240;101mN[38;2;255;237;93mX[38;2;255;230;93mX[38;2;255;243;96mN[38;2;255;244;106mN[38;2;255;242;99mN[38;2;255;236;110mN[38;2;248;212;95mK[38;2;255;227;99mX[38;2;255;251;138mW[38;2;255;249;125mN[38;2;255;244;202mW[38;2;149;209;255m0[38;2;221;253;255mW[38;2;229;255;255mW[38;2;1;178;255mo[38;2;4;61;218m.[38;2;109;152;222md[38;2;10;14;41m [38;2;26;48;69m.[38;2;90;116;147mc[38;2;7;30;36m [38;2;65;101;143m;[38;2;0;3;1m [38;2;0;11;4m [38;2;0;11;3m [38;2;0;5;1m [38;2;22;41;34m.[38;2;17;51;66m.[38;2;15;46;60m.[38;2;7;24;25m [38;2;16;30;34m [38;2;23;42;52m.[38;2;11;38;47m.[38;2;11;48;59m.[38;2;13;43;55m.[38;2;13;46;59m.[38;2;20;48;56m.[38;2;13;36;45m.[0m
[0m[38;2;19;51;61m.[38;2;3;44;61m.[38;2;5;43;55m.[38;2;0;45;49m.[38;2;1;28;41m [38;2;63;118;167m:[38;2;60;132;119m:[38;2;0;11;19m [38;2;4;47;63m.[38;2;4;46;63m.[38;2;4;51;55m.[38;2;4;49;57m.[38;2;7;42;55m.[38;2;0;34;45m [38;2;4;36;40m [38;2;3;31;32m [38;2;6;30;36m [38;2;2;13;9m [38;2;2;16;19m [38;2;0;12;10m [38;2;14;21;22m [38;2;51;51;51m..[38;2;51;52;51m.[38;2;51;51;51m.[38;2;123;104;87m:[38;2;185;143;70md[38;2;168;117;32ml[38;2;141;99;25m:[38;2;133;92;33m;[38;2;63;59;28m.[38;2;4;15;23m [38;2;3;9;11m [38;2;97;88;63m;[38;2;205;155;61mx[38;2;212;159;53mx[38;2;154;104;34mc[38;2;131;93;34m;[38;2;89;72;52m'[38;2;74;54;21m.[38;2;103;79;25m,[38;2;172;132;57mo[38;2;175;124;45ml[38;2;220;165;70mk[38;2;255;247;112mN[38;2;255;243;108mN[38;2;255;239;104mN[38;2;255;236;99mN[38;2;255;240;112mN[38;2;255;241;121mN[38;2;255;234;108mX[38;2;255;244;120mN[38;2;255;242;138mN[38;2;255;248;166mW[38;2;255;224;170mN[38;2;255;249;212mW[38;2;167;175;187mk[38;2;109;107;128m:[38;2;102;111;150mc[38;2;7;23;40m [38;2;9;16;35m [38;2;152;172;177mx[38;2;9;22;25m [38;2;67;89;142m;[38;2;1;5;0m [38;2;6;9;3m [38;2;0;11;5m [38;2;0;5;0m [38;2;17;44;32m.[38;2;16;53;68m.[38;2;13;28;35m [38;2;22;30;33m [38;2;4;23;29m [38;2;6;24;22m [38;2;6;27;30m [38;2;11;34;39m [38;2;15;42;51m.[38;2;13;39;54m.[38;2;17;47;57m.[38;2;10;28;45m [0m
[0m[38;2;20;55;61m.[38;2;5;49;59m.[38;2;1;39;50m [38;2;4;40;61m.[38;2;3;30;37m [38;2;57;105;151m;[38;2;56;132;126m:[38;2;0;14;14m [38;2;3;27;33m [38;2;2;22;25m [38;2;0;17;18m [38;2;2;15;11m [38;2;0;7;5m [38;2;0;2;2m [38;2;0;6;0m [38;2;0;4;0m [38;2;2;25;35m [38;2;6;29;41m [38;2;4;31;44m [38;2;6;18;20m [38;2;104;119;130mc[38;2;215;225;228mX[38;2;198;221;222mK[38;2;206;219;225mX[38;2;203;223;227mX[38;2;190;213;222mK[38;2;77;95;117m;[38;2;45;74;82m'[38;2;11;30;33m [38;2;30;64;70m.[38;2;54;82;100m,[38;2;84;128;155mc[38;2;108;121;126mc[38;2;160;139;70mo[38;2;196;129;25mo[38;2;199;141;37md[38;2;73;51;21m.[38;2;74;120;163mc[38;2;105;116;129mc[38;2;68;73;48m'[38;2;194;147;106md[38;2;89;55;26m.[38;2;175;122;44ml[38;2;253;213;92mK[38;2;255;238;90mX[38;2;255;237;91mX[38;2;255;235;93mX[38;2;255;238;86mX[38;2;255;237;96mN[38;2;255;240;99mN[38;2;255;240;96mN[38;2;255;240;106mN[38;2;255;239;98mN[38;2;255;239;92mN[38;2;255;229;101mX[38;2;248;188;79m0[38;2;255;247;97mN[38;2;255;249;94mN[38;2;239;204;96m0[38;2;26;21;27m [38;2;2;10;22m [38;2;157;189;199mO[38;2;19;34;38m.[38;2;77;108;136m:[38;2;0;4;2m [38;2;3;8;6m [38;2;1;8;7m [38;2;0;5;4m [38;2;16;51;43m.[38;2;15;52;61m.[38;2;1;5;6m [38;2;17;49;43m.[38;2;15;50;67m.[38;2;13;45;49m.[38;2;10;26;35m [38;2;3;16;18m [38;2;8;27;32m [38;2;10;35;46m.[38;2;24;47;51m.[38;2;22;40;43m.[0m
[0m[38;2;12;29;35m [38;2;6;24;33m [38;2;11;22;19m [38;2;2;9;34m [38;2;13;35;55m.[38;2;51;86;141m,[38;2;66;150;142ml[38;2;0;10;3m [38;2;0;8;5m [38;2;13;18;22m [38;2;7;16;25m [38;2;13;30;29m [38;2;0;8;0m [38;2;3;6;3m [38;2;0;8;2m [38;2;2;6;0m [38;2;12;33;43m [38;2;9;47;60m.[38;2;7;49;60m.[38;2;7;34;40m [38;2;8;21;27m [38;2;29;54;66m.[38;2;19;50;49m.[38;2;17;47;63m.[38;2;24;51;59m.[38;2;13;56;83m.[38;2;108;99;81m:[38;2;178;132;64mo[38;2;139;94;56m:[38;2;91;90;52m,[38;2;55;44;76m.[38;2;60;105;139m;[38;2;114;157;199md[38;2;80;112;195mc[38;2;95;82;47m,[38;2;139;120;124ml[38;2;83;91;90m;[38;2;141;179;221mk[38;2;114;126;126ml[38;2;179;149;72md[38;2;228;138;18md[38;2;163;99;21m:[38;2;142;92;24m:[38;2;249;201;87m0[38;2;255;241;100mN[38;2;255;232;93mX[38;2;255;230;84mX[38;2;255;234;83mX[38;2;255;235;104mX[38;2;255;241;94mN[38;2;255;238;92mN[38;2;255;236;86mX[38;2;255;236;93mX[38;2;255;233;84mX[38;2;255;239;93mN[38;2;248;196;74m0[38;2;255;230;86mX[38;2;255;234;89mX[38;2;255;252;125mW[38;2;120;102;64m:[38;2;0;8;14m [38;2;152;189;199mk[38;2;51;63;79m.[38;2;77;97;112m;[38;2;3;8;2m [38;2;2;11;9m [38;2;14;10;3m [38;2;2;10;3m [38;2;30;54;52m.[38;2;12;38;53m.[38;2;6;7;1m [38;2;20;48;53m.[38;2;15;38;43m.[38;2;16;47;63m.[38;2;23;53;69m.[38;2;25;53;63m.[38;2;2;11;14m [38;2;0;6;9m [38;2;5;16;18m [38;2;0;6;6m [0m
