[0m[38;2;25;56;41m.[38;2;9;51;51m.[38;2;13;46;40m.[38;2;1;17;6m [38;2;7;40;48m.[38;2;2;30;38m [38;2;83;161;149mo[38;2;18;41;38m.[38;2;0;7;1m [38;2;4;11;0m [38;2;3;15;7m [38;2;8;20;15m [38;2;8;27;22m [38;2;3;15;26m [38;2;118;170;200mx[38;2;109;114;126mc[38;2;2;11;16m [38;2;15;50;60m.[38;2;11;52;77m.[38;2;10;50;92m.[38;2;10;50;95m.[38;2;16;57;108m.[38;2;11;55;122m.[38;2;15;58;153m.[38;2;9;70;172m.[38;2;15;72;195m'[38;2;77;187;250mx[38;2;17;91;236m,[38;2;21;168;255mo[38;2;66;180;255md[38;2;69;220;255mk[38;2;94;249;255mK[38;2;100;255;255mK[38;2;128;255;255mX[38;2;89;255;255mK[38;2;153;255;255mX[38;2;21;224;255mx[38;2;72;183;255mx[38;2;56;127;221mc[38;2;11;54;164m.[38;2;8;55;133m.[38;2;26;61;187m'[38;2;146;167;221mx[38;2;7;52;201m.[38;2;18;137;255mc[38;2;121;255;255mX[38;2;108;232;255m0[38;2;86;255;255mK[38;2;120;255;255mX[38;2;92;229;255mO[38;2;51;186;255md[38;2;16;150;253ml[38;2;3;92;243m,[38;2;10;88;239m,[38;2;0;71;231m'[38;2;11;53;190m.[38;2;23;58;174m.[38;2;1;18;81m [38;2;69;113;191m:[38;2;14;38;76m.[38;2;10;32;68m.[38;2;7;34;60m.[38;2;12;34;54m.[38;2;13;53;70m.[38;2;0;40;52m.[38;2;19;46;59m.[38;2;1;31;42m [38;2;13;47;66m.[38;2;10;54;59m.[38;2;13;57;63m.[38;2;3;33;39m [38;2;20;50;56m.[38;2;16;49;43m.[38;2;2;3;3m [38;2;11;31;27m [38;2;8;44;45m.[38;2;11;45;52m.[38;2;8;41;32m.[38;2;19;48;52m.[38;2;3;52;49m.[0m
[0m[38;2;23;53;46m.[38;2;11;47;51m.[38;2;8;33;31m [38;2;0;14;11m [38;2;4;40;43m.[38;2;2;29;38m [38;2;82;158;155mo[38;2;11;30;24m [38;2;0;6;5m [38;2;0;8;0m [38;2;0;4;0m [38;2;0;5;0m [38;2;0;3;0m [38;2;24;42;59m.[38;2;203;230;248mX[38;2;13;15;16m [38;2;3;13;15m [38;2;3;21;16m [38;2;3;24;27m [38;2;4;29;45m [38;2;6;38;50m.[38;2;7;40;70m.[38;2;12;46;86m.[38;2;14;52;110m.[38;2;7;55;117m.[38;2;14;50;145m.[38;2;40;97;179m;[38;2;20;35;138m.[38;2;20;66;193m'[38;2;8;72;211m'[38;2;8;84;231m,[38;2;16;108;241m;[38;2;15;147;253mc[38;2;44;166;255mo[38;2;54;188;255md[38;2;95;241;255m0[38;2;24;190;255md[38;2;73;174;252md[38;2;82;168;237md[38;2;20;53;163m.[38;2;1;29;109m.[38;2;33;70;197m'[38;2;140;155;212mx[38;2;6;53;215m.[38;2;11;154;255ml[38;2;122;253;255mK[38;2;125;233;255mK[38;2;68;255;255m0[38;2;132;255;255mX[38;2;121;255;255mX[38;2;126;255;255mX[38;2;95;255;255mK[38;2;75;241;255m0[38;2;81;220;255mO[38;2;44;180;255md[38;2;8;134;252m:[38;2;6;81;239m,[38;2;2;22;150m.[38;2;88;147;230mo[38;2;14;39;105m.[38;2;7;31;74m.[38;2;6;36;68m.[38;2;53;79;93m'[38;2;54;65;72m.[38;2;58;79;87m'[38;2;61;76;85m'[38;2;50;70;72m'[38;2;35;64;71m.[38;2;17;48;61m.[38;2;9;48;58m.[38;2;0;24;26m [38;2;7;47;55m.[38;2;7;34;36m [38;2;0;5;3m [38;2;3;35;32m [38;2;9;38;40m.[38;2;12;35;41m [38;2;9;36;41m [38;2;13;46;50m.[38;2;9;43;43m.[0m
[0m[38;2;28;54;51m.[38;2;9;49;55m.[38;2;9;38;35m.[38;2;2;15;18m [38;2;2;43;48m.[38;2;5;27;41m [38;2;87;158;156mo[38;2;3;18;27m [38;2;4;27;29m [38;2;6;26;27m [38;2;4;21;25m [38;2;15;26;33m [38;2;0;1;7m [38;2;149;178;204mk[38;2;103;114;134mc[38;2;7;26;41m [38;2;4;35;44m [38;2;0;2;0m [38;2;0;5;3m [38;2;0;5;7m [38;2;2;5;10m [38;2;3;2;10m [38;2;5;7;20m [38;2;8;17;34m [38;2;5;24;45m [38;2;12;29;71m [38;2;14;42;97m.[38;2;5;16;62m [38;2;18;56;135m.[38;2;17;56;157m.[38;2;16;64;171m.[38;2;19;56;181m.[38;2;13;62;192m.[38;2;18;60;199m.[38;2;7;57;209m.[38;2;53;143;223ml[38;2;34;73;175m'[38;2;28;67;191m'[38;2;43;102;185m;[38;2;41;87;175m,[38;2;16;36;99m.[38;2;43;90;198m;[38;2;106;129;194ml[38;2;7;54;230m.[38;2;8;157;255ml[38;2;128;255;255mX[38;2;129;242;255mK[38;2;83;255;255mK[38;2;100;255;255mK[38;2;111;255;255mK[38;2;101;255;255mK[38;2;91;255;255mK[38;2;101;255;255mK[38;2;103;255;255mK[38;2;133;255;255mX[38;2;114;255;255mK[38;2;8;155;255ml[38;2;16;69;233m'[38;2;126;182;254mk[38;2;8;30;97m.[38;2;15;33;85m.[38;2;9;27;68m [38;2;68;95;105m;[38;2;69;92;106m;[38;2;73;96;112m;[38;2;70;86;106m,[38;2;74;94;93m;[38;2;51;77;86m'[38;2;84;103;119m:[38;2;60;79;106m,[38;2;1;29;33m [38;2;11;26;26m [38;2;5;15;19m [38;2;8;41;40m.[38;2;13;53;59m.[38;2;13;29;31m [38;2;26;48;50m.[38;2;12;31;29m [38;2;10;43;51m.[38;2;8;42;52m.[0m
[0m[38;2;29;57;53m.[38;2;13;50;50m.[38;2;11;40;38m.[38;2;10;16;18m [38;2;8;46;53m.[38;2;4;31;38m [38;2;77;162;161mo[38;2;12;30;46m [38;2;1;10;5m [38;2;6;45;51m.[38;2;3;13;17m [38;2;19;29;28m [38;2;80;102;134m:[38;2;205;217;222mK[38;2;4;14;26m [38;2;5;45;64m.[38;2;3;31;42m [38;2;11;37;52m.[38;2;9;40;71m.[38;2;7;27;44m [38;2;6;13;19m [38;2;44;51;57m.[38;2;38;52;58m.[38;2;38;49;61m.[38;2;45;51;55m.[38;2;43;49;57m.[38;2;40;53;71m.[38;2;40;42;68m.[38;2;21;31;88m.[38;2;35;51;105m.[38;2;32;39;92m.[38;2;12;27;100m.[38;2;12;32;113m.[38;2;18;40;141m.[38;2;14;44;143m.[38;2;26;72;155m'[38;2;27;47;104m.[38;2;19;54;148m.[38;2;18;64;144m.[38;2;13;56;129m.[38;2;0;17;78m [38;2;78;123;215mc[38;2;86;126;170mc[38;2;40;95;222m;[38;2;45;152;253ml[38;2;66;173;252md[38;2;153;252;255mX[38;2;86;254;255mK[38;2;101;255;255mK[38;2;95;255;255mK[38;2;94;255;255mK[38;2;95;255;255mK[38;2;99;255;255mK[38;2;76;255;255m0[38;2;105;255;255mK[38;2;133;255;255mX[38;2;1;162;255ml[38;2;46;149;254ml[38;2;121;165;251mx[38;2;0;21;87m [38;2;20;41;93m.[38;2;12;45;91m.[38;2;9;37;67m.[38;2;4;31;66m [38;2;14;45;81m.[38;2;6;41;62m.[38;2;5;42;56m.[38;2;9;44;54m.[38;2;6;31;46m [38;2;109;124;157ml[38;2;23;30;43m.[38;2;7;19;25m [38;2;11;47;63m.[38;2;8;59;70m.[38;2;8;41;51m.[38;2;6;2;5m [38;2;48;71;66m.[38;2;30;60;57m.[38;2;12;46;46m.[38;2;7;39;52m.[0m
[0m[38;2;30;51;48m.[38;2;8;49;60m.[38;2;12;30;30m [38;2;8;18;25m [38;2;11;44;56m.[38;2;4;31;38m [38;2;81;160;166mo[38;2;15;44;44m.[38;2;13;32;49m [38;2;4;17;17m [38;2;11;21;25m [38;2;23;37;73m.[38;2;213;238;254mN[38;2;52;63;72m.[38;2;2;36;50m [38;2;6;42;59m.[38;2;5;27;35m [38;2;8;49;78m.[38;2;16;52;89m.[38;2;5;17;33m [38;2;66;94;97m,[38;2;160;209;212m0[38;2;153;192;213mO[38;2;150;193;207mO[38;2;151;190;207mO[38;2;161;184;213mO[38;2;130;169;201mx[38;2;146;146;204md[38;2;97;130;197ml[38;2;122;169;203mx[38;2;116;128;193ml[38;2;118;136;161ml[38;2;64;78;135m,[38;2;84;96;132m;[38;2;26;29;76m.[38;2;3;11;71m [38;2;0;9;61m [38;2;9;33;111m.[38;2;9;34;96m.[38;2;8;35;96m.[38;2;0;24;100m [38;2;116;174;247mx[38;2;52;80;147m,[38;2;11;52;147m.[38;2;67;126;230mc[38;2;8;36;176m.[38;2;209;252;255mW[38;2;6;107;238m;[38;2;37;173;255mo[38;2;55;194;255mx[38;2;58;240;255mO[38;2;85;237;255m0[38;2;111;255;255mK[38;2;112;255;255mK[38;2;83;255;255mK[38;2;124;255;255mX[38;2;0;154;255mc[38;2;10;79;251m,[38;2;131;162;244mx[38;2;9;30;89m.[38;2;57;100;151m;[38;2;15;50;99m.[38;2;16;47;86m.[38;2;58;96;136m;[38;2;10;42;65m.[38;2;7;31;42m [38;2;2;38;52m [38;2;4;34;44m [38;2;9;35;44m [38;2;47;61;92m.[38;2;74;89;122m;[38;2;7;48;54m.[38;2;9;51;72m.[38;2;11;42;46m.[38;2;34;48;45m.[38;2;36;62;65m.[38;2;21;55;62m.[38;2;10;44;62m.[38;2;11;47;59m.[38;2;13;39;49m.[0m
[0m[38;2;23;50;52m.[38;2;8;49;64m.[38;2;7;33;25m [38;2;7;23;28m [38;2;7;45;55m.[38;2;6;28;34m [38;2;86;163;168mo[38;2;4;21;18m [38;2;37;73;82m.[38;2;36;62;78m.[38;2;16;34;48m.[38;2;126;158;208md[38;2;119;133;148ml[38;2;22;44;53m.[38;2;23;56;70m.[38;2;33;68;80m.[38;2;5;16;36m [38;2;17;51;75m.[38;2;5;45;74m.[38;2;4;30;54m [38;2;7;17;23m [38;2;24;50;65m.[38;2;11;31;57m [38;2;11;33;72m.[38;2;9;27;80m [38;2;12;32;98m.[38;2;9;24;125m.[38;2;20;49;179m.[38;2;14;53;185m.[38;2;9;37;178m.[38;2;22;50;192m.[38;2;17;65;209m'[38;2;44;65;195m'[38;2;106;128;218ml[38;2;171;205;239m0[38;2;89;98;149m:[38;2;3;12;87m [38;2;4;20;106m [38;2;0;18;69m [38;2;0;6;29m [38;2;7;40;107m.[38;2;153;194;255mO[38;2;9;17;43m [38;2;4;14;69m [38;2;19;33;94m.[38;2;18;39;147m.[38;2;232;255;255mW[38;2;2;23;116m [38;2;18;63;209m'[38;2;14;68;222m'[38;2;22;121;240m:[38;2;6;96;245m,[38;2;15;143;251mc[38;2;46;172;255mo[38;2;45;188;255md[38;2;79;210;255mk[38;2;5;91;248m,[38;2;14;65;208m'[38;2;117;152;232md[38;2;17;37;88m.[38;2;57;88;128m,[38;2;52;117;143m:[38;2;4;39;70m.[38;2;28;65;107m.[38;2;8;46;68m.[38;2;8;30;31m [38;2;5;35;49m [38;2;14;49;60m.[38;2;2;23;36m [38;2;44;65;100m.[38;2;70;89;123m;[38;2;10;45;56m.[38;2;14;38;49m.[38;2;36;52;56m.[38;2;35;61;61m.[38;2;9;45;56m.[38;2;8;48;60m.[38;2;5;48;59m.[38;2;7;49;52m.[38;2;7;41;49m.[0m
[0m[38;2;26;50;52m.[38;2;8;50;60m.[38;2;6;24;32m [38;2;5;21;23m [38;2;3;48;60m.[38;2;4;30;37m [38;2;87;169;173md[38;2;0;4;10m [38;2;9;45;58m.[38;2;6;34;40m [38;2;28;55;119m.[38;2;183;204;221m0[38;2;3;12;11m [38;2;59;119;125m:[38;2;65;130;151mc[38;2;84;144;169ml[38;2;19;34;55m.[38;2;55;91;112m,[38;2;27;63;87m.[38;2;34;64;94m.[38;2;30;65;105m.[38;2;37;65;110m.[38;2;29;52;81m.[38;2;26;53;101m.[38;2;19;42;127m.[38;2;16;44;169m.[38;2;0;40;200m.[38;2;4;133;255m:[38;2;5;152;255mc[38;2;4;121;250m:[38;2;3;138;255mc[38;2;2;128;254m:[38;2;11;120;251m:[38;2;0;43;218m.[38;2;27;84;245m,[38;2;199;230;255mX[38;2;55;72;189m,[38;2;13;67;198m'[38;2;6;28;113m.[38;2;9;22;88m [38;2;8;53;150m.[38;2;158;227;255mK[38;2;1;8;29m [38;2;18;54;117m.[38;2;2;14;64m [38;2;9;51;170m.[38;2;227;243;255mW[38;2;0;2;11m [38;2;0;10;68m [38;2;2;17;79m [38;2;1;23;96m [38;2;9;23;121m.[38;2;12;38;141m.[38;2;11;51;167m.[38;2;9;48;180m.[38;2;11;62;189m.[38;2;7;23;131m.[38;2;31;71;138m'[38;2;85;133;193ml[38;2;25;49;93m.[38;2;48;76;101m'[38;2;54;125;155m:[38;2;3;37;64m.[38;2;9;43;71m.[38;2;5;36;42m [38;2;0;5;4m [38;2;4;15;15m [38;2;10;29;30m [38;2;4;26;32m [38;2;42;74;111m'[38;2;76;96;127m;[38;2;5;13;14m [38;2;25;50;55m.[38;2;10;38;44m.[38;2;7;41;51m.[38;2;7;43;51m.[38;2;8;49;57m.[38;2;7;42;53m.[38;2;7;44;49m.[38;2;11;48;50m.[0m
[0m[38;2;27;53;51m.[38;2;6;48;63m.[38;2;6;30;28m [38;2;0;21;25m [38;2;8;47;53m.[38;2;1;34;38m [38;2;90;163;183mo[38;2;0;4;8m [38;2;11;48;53m.[38;2;5;20;37m [38;2;111;146;216mo[38;2;76;96;98m;[38;2;1;31;38m [38;2;18;52;69m.[38;2;84;160;174mo[38;2;80;146;167ml[38;2;16;38;46m.[38;2;57;109;132m;[38;2;6;40;73m.[38;2;14;49;87m.[38;2;9;49;99m.[38;2;9;42;99m.[38;2;16;52;130m.[38;2;65;152;227mo[38;2;72;156;243mo[38;2;71;183;255mx[38;2;16;179;255mo[38;2;113;249;255mK[38;2;128;251;255mX[38;2;128;255;255mX[38;2;95;249;255mK[38;2;81;249;255m0[38;2;70;239;255mO[38;2;49;204;255mx[38;2;19;169;255mo[38;2;98;221;255mO[38;2;109;147;245md[38;2;13;75;229m'[38;2;7;32;151m.[38;2;10;28;113m.[38;2;36;88;226m;[38;2;185;225;244mX[38;2;2;13;46m [38;2;23;60;132m.[38;2;2;18;61m [38;2;7;32;123m.[38;2;223;250;255mW[38;2;0;6;10m [38;2;1;23;42m [38;2;13;35;91m.[38;2;5;36;71m.[38;2;7;22;60m [38;2;0;12;39m [38;2;0;7;34m [38;2;0;3;29m [38;2;0;13;38m [38;2;1;6;31m [38;2;6;18;34m [38;2;97;124;172mc[38;2;9;30;65m [38;2;19;32;47m.[38;2;12;46;62m.[38;2;14;54;86m.[38;2;20;54;92m.[38;2;3;19;23m [38;2;0;8;2m [38;2;0;9;1m [38;2;0;7;0m [38;2;1;4;0m [38;2;72;93;124m;[38;2;47;59;93m.[38;2;21;37;41m.[38;2;10;52;61m.[38;2;12;48;56m.[38;2;7;37;51m.[38;2;16;44;51m.[38;2;10;40;47m.[38;2;12;46;56m.[38;2;11;48;53m.[38;2;12;48;54m.[0m
[0m[38;2;22;52;53m.[38;2;9;51;59m.[38;2;12;29;28m [38;2;7;22;31m [38;2;9;48;56m.[38;2;4;28;48m [38;2;92;172;165md[38;2;2;5;10m [38;2;9;47;48m.[38;2;24;40;74m.[38;2;156;188;242mO[38;2;2;19;19m [38;2;6;50;51m.[38;2;4;29;45m [38;2;60;126;134m:[38;2;74;150;158ml[38;2;15;27;36m [38;2;98;176;186md[38;2;7;33;67m.[38;2;11;48;92m.[38;2;10;51;101m.[38;2;15;56;125m.[38;2;6;46;132m.[38;2;50;113;221m:[38;2;78;177;255md[38;2;83;198;255mk[38;2;6;224;255mx[38;2;164;255;255mN[38;2;180;255;255mN[38;2;184;255;255mN[38;2;173;255;255mN[38;2;170;255;255mN[38;2;179;255;255mN[38;2;173;255;255mN[38;2;207;255;255mW[38;2;79;253;255m0[38;2;79;183;255mx[38;2;13;100;253m;[38;2;34;89;221m;[38;2;9;28;149m.[38;2;62;134;246ml[38;2;157;171;208mk[38;2;13;26;74m [38;2;24;56;104m.[38;2;9;25;53m [38;2;6;29;91m.[38;2;201;233;255mX[38;2;0;1;5m [38;2;14;32;56m.[38;2;11;52;103m.[38;2;5;32;67m [38;2;11;32;58m [38;2;21;37;51m.[38;2;109;127;141ml[38;2;95;122;124mc[38;2;93;119;123mc[38;2;80;105;109m;[38;2;54;69;75m'[38;2;95;119;126mc[38;2;37;52;64m.[38;2;46;56;74m.[38;2;26;30;35m.[38;2;1;13;20m [38;2;10;25;43m [38;2;2;10;18m [38;2;0;6;14m [38;2;0;7;10m [38;2;3;6;5m [38;2;1;3;0m [38;2;109;137;143ml[38;2;21;51;72m.[38;2;12;42;45m.[38;2;10;43;54m.[38;2;10;45;57m.[38;2;17;44;58m.[38;2;11;40;45m.[38;2;11;42;52m.[38;2;8;49;58m.[38;2;9;48;53m.[38;2;11;47;57m.[0m
[0m[38;2;22;45;47m.[38;2;5;40;55m.[38;2;7;27;28m [38;2;2;25;31m [38;2;9;47;52m.[38;2;4;33;38m [38;2;93;162;160mo[38;2;1;15;17m [38;2;6;38;35m [38;2;30;52;106m.[38;2;179;217;242mK[38;2;0;20;19m [38;2;6;49;60m.[38;2;8;46;59m.[38;2;18;53;69m.[38;2;90;169;171md[38;2;22;38;46m.[38;2;95;188;189mx[38;2;43;81;129m'[38;2;6;41;86m.[38;2;10;51;110m.[38;2;21;59;126m.[38;2;14;48;148m.[38;2;22;81;196m,[38;2;87;186;255mx[38;2;75;204;255mk[38;2;1;239;255mk[38;2;207;255;255mW[38;2;199;255;255mW[38;2;185;255;255mN[38;2;183;255;255mN[38;2;176;255;255mN[38;2;172;255;255mN[38;2;167;255;255mN[38;2;207;255;255mW[38;2;115;255;255mK[38;2;75;218;255mk[38;2;46;148;253ml[38;2;14;61;232m'[38;2;6;46;185m.[38;2;154;215;255m0[38;2;118;138;158mo[38;2;52;108;158m;[38;2;79;152;189mo[38;2;2;9;23m [38;2;12;31;106m.[38;2;196;224;244mX[38;2;12;18;29m [38;2;10;40;63m.[38;2;17;49;81m.[38;2;8;24;47m [38;2;14;42;62m.[38;2;8;23;40m [38;2;8;25;43m [38;2;6;14;11m [38;2;1;13;10m [38;2;9;35;53m.[38;2;4;24;58m [38;2;86;114;145m:[38;2;2;25;55m [38;2;7;15;50m [38;2;154;165;205mx[38;2;17;33;72m.[38;2;10;36;99m.[38;2;0;9;36m [38;2;2;9;28m [38;2;2;10;19m [38;2;5;6;9m [38;2;0;0;0m [38;2;138;183;216mk[38;2;4;30;43m [38;2;2;7;4m [38;2;9;55;59m.[38;2;8;48;59m.[38;2;12;55;61m.[38;2;16;54;57m.[38;2;9;36;45m.[38;2;21;54;56m.[38;2;16;39;43m.[38;2;14;47;52m.[0m
[0m[38;2;40;75;73m'[38;2;35;71;80m.[38;2;38;82;77m'[38;2;10;24;31m [38;2;11;51;57m.[38;2;5;35;34m [38;2;87;156;157mo[38;2;5;17;20m [38;2;28;61;57m.[38;2;29;54;111m.[38;2;166;193;207mO[38;2;21;49;45m.[38;2;29;67;79m.[38;2;30;69;85m.[38;2;30;62;70m.[38;2;68;127;130m:[38;2;46;74;78m'[38;2;60;122;127m:[38;2;89;158;185mo[38;2;22;60;95m.[38;2;22;63;109m.[38;2;23;59;122m.[38;2;11;57;144m.[38;2;8;55;192m.[38;2;73;165;251md[38;2;61;216;255mk[38;2;1;244;255mk[38;2;236;255;255mM[38;2;209;255;255mW[38;2;193;255;255mN[38;2;187;255;255mN[38;2;185;255;255mN[38;2;179;255;255mN[38;2;174;255;255mN[38;2;192;255;255mN[38;2;94;254;255mK[38;2;69;208;255mk[38;2;64;191;255mx[38;2;39;104;229m;[38;2;31;78;209m,[38;2;249;255;255mM[38;2;40;65;123m'[38;2;10;44;111m.[38;2;90;170;209md[38;2;0;7;27m [38;2;4;23;80m [38;2;180;204;231m0[38;2;9;22;44m [38;2;9;52;92m.[38;2;10;51;93m.[38;2;3;29;46m [38;2;42;82;98m'[38;2;21;53;88m.[38;2;46;91;113m,[38;2;60;117;141m:[38;2;43;77;87m'[38;2;8;27;59m [38;2;8;39;89m.[38;2;124;158;226md[38;2;15;49;108m.[38;2;6;37;168m.[38;2;82;159;233mo[38;2;44;123;226mc[38;2;16;123;234m:[38;2;1;56;192m.[38;2;0;18;138m [38;2;0;19;75m [38;2;2;10;22m [38;2;42;54;77m.[38;2;92;126;157mc[38;2;5;46;60m.[38;2;5;13;12m [38;2;16;46;60m.[38;2;6;29;42m [38;2;14;45;52m.[38;2;8;35;40m [38;2;10;40;45m.[38;2;19;50;49m.[38;2;28;57;65m.[38;2;26;62;64m.[0m
[0m[38;2;26;53;52m.[38;2;19;48;60m.[38;2;10;54;53m.[38;2;1;25;32m [38;2;8;54;61m.[38;2;5;34;46m [38;2;80;149;153ml[38;2;3;12;15m [38;2;6;39;46m.[38;2;24;43;103m.[38;2;207;237;243mN[38;2;0;12;7m [38;2;6;28;48m [38;2;50;103;111m;[38;2;19;46;69m.[38;2;14;45;59m.[38;2;76;133;168mc[38;2;7;15;25m [38;2;40;85;100m'[38;2;39;84;127m,[38;2;39;85;129m,[38;2;37;76;123m'[38;2;29;89;142m,[38;2;37;89;172m,[38;2;48;104;229m:[38;2;38;132;254mc[38;2;21;219;255mx[38;2;105;232;255m0[38;2;109;251;255mK[38;2;113;255;255mK[38;2;121;255;255mX[38;2;125;255;255mX[38;2;142;255;255mX[38;2;146;255;255mX[38;2;119;254;255mK[38;2;82;238;255m0[38;2;71;186;255mx[38;2;56;174;250md[38;2;55;139;214ml[38;2;106;144;212mo[38;2;195;229;250mX[38;2;0;19;70m [38;2;3;53;115m.[38;2;30;73;127m'[38;2;4;28;51m [38;2;7;27;81m [38;2;167;192;222mO[38;2;6;25;47m [38;2;11;56;85m.[38;2;11;51;89m.[38;2;4;25;41m [38;2;108;169;186md[38;2;13;50;87m.[38;2;4;37;55m.[38;2;57;129;164mc[38;2;67;119;138m:[38;2;13;28;60m [38;2;2;25;100m [38;2;116;168;243mx[38;2;19;71;199m'[38;2;0;144;255mc[38;2;108;255;255mK[38;2;126;251;255mK[38;2;202;255;255mW[38;2;3;221;255mx[38;2;1;75;251m'[38;2;0;18;164m.[38;2;0;2;45m [38;2;138;181;218mk[38;2;16;47;74m.[38;2;11;49;73m.[38;2;4;17;14m [38;2;4;40;56m.[38;2;38;83;102m'[38;2;23;59;115m.[38;2;25;66;100m.[38;2;9;28;47m [38;2;96;102;101m:[38;2;44;67;67m.[38;2;30;77;81m.[0m
[0m[38;2;19;52;53m.[38;2;9;49;60m.[38;2;14;54;53m.[38;2;1;23;33m [38;2;19;52;63m.[38;2;3;33;35m [38;2;90;165;166mo[38;2;3;35;39m [38;2;10;50;54m.[38;2;10;17;48m [38;2;186;220;249mK[38;2;31;48;53m.[38;2;5;38;55m.[38;2;19;58;69m.[38;2;84;144;155ml[38;2;4;26;44m [38;2;64;129;144mc[38;2;3;10;13m [38;2;14;52;74m.[38;2;9;52;84m.[38;2;10;53;92m.[38;2;11;50;93m.[38;2;15;51;109m.[38;2;9;63;116m.[38;2;15;64;163m.[38;2;14;60;204m.[38;2;41;126;233mc[38;2;19;96;245m;[38;2;16;132;251mc[38;2;2;149;255mc[38;2;10;159;255ml[38;2;6;155;255ml[38;2;2;166;255ml[38;2;6;158;255ml[38;2;12;162;254ml[38;2;117;201;255mO[38;2;32;83;228m,[38;2;12;93;196m,[38;2;18;40;147m.[38;2;180;211;249mK[38;2;40;71;146m'[38;2;17;60;105m.[38;2;30;68;125m.[38;2;40;96;131m,[38;2;24;45;59m.[38;2;7;25;80m [38;2;158;179;207mk[38;2;20;51;78m.[38;2;32;75;117m'[38;2;40;81;112m'[38;2;24;47;69m.[38;2;74;126;137mc[38;2;65;125;164mc[38;2;11;41;76m.[38;2;12;40;79m.[38;2;44;92;118m,[38;2;9;27;67m [38;2;20;43;108m.[38;2;118;137;207mo[38;2;5;73;228m'[38;2;48;164;255mo[38;2;69;251;255m0[38;2;188;255;255mN[38;2;219;255;255mW[38;2;0;245;255mk[38;2;2;113;255m;[38;2;0;22;180m.[38;2;40;52;136m.[38;2;106;147;169mo[38;2;6;43;80m.[38;2;10;54;82m.[38;2;1;16;20m [38;2;7;39;45m.[38;2;28;48;61m.[38;2;24;28;50m.[38;2;49;104;114m;[38;2;1;23;38m [38;2;136;146;143mo[38;2;63;100;90m;[38;2;32;74;84m.[0m
[0m[38;2;19;54;54m.[38;2;6;48;60m.[38;2;16;51;56m.[38;2;2;18;21m [38;2;16;52;64m.[38;2;2;33;39m [38;2;82;146;151ml[38;2;3;27;33m [38;2;8;50;58m.[38;2;3;17;33m [38;2;103;138;201mo[38;2;127;147;151mo[38;2;1;26;35m [38;2;5;42;51m.[38;2;45;87;104m,[38;2;53;107;117m;[38;2;61;126;137m:[38;2;4;11;20m [38;2;11;52;74m.[38;2;7;52;69m.[38;2;9;51;79m.[38;2;10;50;88m.[38;2;8;50;91m.[38;2;10;51;100m.[38;2;21;54;128m.[38;2;15;59;140m.[38;2;15;68;150m.[38;2;10;38;140m.[38;2;23;68;195m'[38;2;17;75;196m'[38;2;12;73;201m'[38;2;6;74;199m'[38;2;12;81;211m,[38;2;15;60;199m.[38;2;28;89;232m;[38;2;138;204;255mO[38;2;6;34;141m.[38;2;0;54;133m.[38;2;35;66;172m'[38;2;170;194;216mO[38;2;0;9;51m [38;2;10;52;125m.[38;2;14;58;112m.[38;2;15;75;122m.[38;2;30;62;82m.[38;2;4;23;94m [38;2;156;166;197mx[38;2;4;24;59m [38;2;19;55;96m.[38;2;23;65;102m.[38;2;52;100;127m;[38;2;10;31;45m [38;2;22;64;108m.[38;2;32;67;99m.[38;2;33;65;98m.[38;2;49;95;123m,[38;2;7;17;63m [38;2;105;123;149mc[38;2;51;90;155m,[38;2;38;104;224m;[38;2;34;90;240m;[38;2;67;225;255mO[38;2;119;223;255m0[38;2;133;242;255mK[38;2;2;169;255ml[38;2;0;58;228m.[38;2;4;12;128m [38;2;126;161;203md[38;2;6;24;46m [38;2;15;54;108m.[38;2;16;54;83m.[38;2;5;16;21m [38;2;11;31;38m [38;2;71;88;87m,[38;2;63;76;68m'[38;2;30;34;33m.[38;2;0;1;1m [38;2;136;149;147mo[38;2;36;62;61m.[38;2;27;62;64m.[0m
[0m[38;2;20;47;44m.[38;2;8;44;45m.[38;2;14;43;46m.[38;2;2;14;13m [38;2;9;42;51m.[38;2;53;103;119m;[38;2;61;115;109m;[38;2;0;10;10m [38;2;9;36;43m [38;2;4;24;19m [38;2;30;47;86m.[38;2;158;201;233m0[38;2;25;40;45m.[38;2;5;27;33m [38;2;4;26;28m [38;2;43;94;94m,[38;2;53;96;97m,[38;2;0;4;10m [38;2;5;35;44m [38;2;4;37;40m [38;2;9;35;45m [38;2;7;32;46m [38;2;6;36;48m [38;2;5;35;53m [38;2;9;34;66m.[38;2;10;36;77m.[38;2;9;36;72m.[38;2;2;21;62m [38;2;11;41;98m.[38;2;13;38;103m.[38;2;15;34;103m.[38;2;14;41;108m.[38;2;7;41;119m.[38;2;7;27;92m [38;2;36;73;203m,[38;2;149;223;255mK[38;2;3;16;75m [38;2;2;28;110m.[38;2;137;184;243mk[38;2;84;95;124m;[38;2;5;25;91m [38;2;9;33;102m.[38;2;12;39;100m.[38;2;14;48;92m.[38;2;5;28;51m [38;2;20;43;133m.[38;2;143;157;180md[38;2;4;18;42m [38;2;8;37;67m.[38;2;13;39;70m.[38;2;13;43;70m.[38;2;3;22;37m [38;2;12;36;64m.[38;2;6;36;60m.[38;2;11;37;69m.[38;2;15;43;74m.[38;2;0;8;31m [38;2;143;176;213mk[38;2;7;21;62m [38;2;5;38;115m.[38;2;61;92;188m;[38;2;58;111;183m:[38;2;11;55;179m.[38;2;14;85;204m,[38;2;2;29;159m.[38;2;0;4;74m [38;2;100;128;188ml[38;2;43;56;68m.[38;2;7;22;49m [38;2;11;62;100m.[38;2;14;51;73m.[38;2;6;19;25m [38;2;14;41;61m.[38;2;30;59;62m.[38;2;27;49;56m.[38;2;12;32;40m [38;2;5;19;31m [38;2;87;105;105m:[38;2;24;50;60m.[38;2;29;59;68m.[0m
[0m[38;2;20;51;53m.[38;2;10;47;67m.[38;2;8;35;31m [38;2;1;16;23m [38;2;7;38;45m.[38;2;66;130;131mc[38;2;55;114;125m;[38;2;3;8;11m [38;2;0;8;6m [38;2;8;18;20m [38;2;3;15;16m [38;2;52;91;162m;[38;2;128;163;197md[38;2;25;31;29m.[38;2;0;1;0m [38;2;2;6;0m [38;2;2;3;0m [38;2;3;29;31m [38;2;4;29;31m [38;2;2;15;14m [38;2;22;24;21m [38;2;46;51;52m.[38;2;45;51;51m.[38;2;50;53;51m.[38;2;52;52;58m.[38;2;53;55;64m.[38;2;57;60;70m.[38;2;53;62;77m.[38;2;51;56;72m.[38;2;46;60;84m.[38;2;52;64;78m.[38;2;9;16;46m [38;2;1;11;37m [38;2;0;1;12m [38;2;34;70;169m'[38;2;187;241;255mN[38;2;0;4;39m [38;2;33;74;185m'[38;2;192;218;241mK[38;2;47;60;104m.[38;2;84;96;126m;[38;2;77;92;130m;[38;2;87;100;123m:[38;2;75;100;112m;[38;2;87;106;119m:[38;2;26;48;140m.[38;2;141;152;174md[38;2;73;92;94m,[38;2;41;54;78m.[38;2;17;18;34m [38;2;0;3;14m [38;2;5;21;41m [38;2;10;27;46m [38;2;3;19;37m [38;2;2;2;19m [38;2;0;7;21m [38;2;0;2;15m [38;2;137;188;229mk[38;2;31;35;45m.[38;2;32;33;64m.[38;2;121;154;227md[38;2;59;70;125m'[38;2;48;66;128m'[38;2;24;44;103m.[38;2;0;3;59m [38;2;44;59;110m.[38;2;96;127;162ml[38;2;1;2;10m [38;2;11;25;48m [38;2;11;63;101m.[38;2;16;51;66m.[38;2;14;23;23m [38;2;9;40;49m.[38;2;8;38;41m.[38;2;6;35;36m [38;2;12;56;73m.[38;2;6;38;49m.[38;2;94;151;166mo[38;2;13;54;69m.[38;2;23;54;57m.[0m
[0m[38;2;19;52;56m.[38;2;7;51;65m.[38;2;11;41;35m.[38;2;3;17;20m [38;2;7;38;48m.[38;2;72;127;147mc[38;2;46;108;107m;[38;2;4;15;21m [38;2;0;10;8m [38;2;22;50;53m.[38;2;4;23;29m [38;2;8;25;31m [38;2;50;85;152m,[38;2;137;169;213mx[38;2;63;72;73m'[38;2;0;3;0m [38;2;0;2;0m [38;2;5;60;74m.[38;2;8;55;74m.[38;2;4;20;21m [38;2;90;106;100m:[38;2;160;194;196mO[38;2;150;190;197mk[38;2;147;192;198mk[38;2;159;194;194mO[38;2;146;183;189mk[38;2;142;177;185mx[38;2;130;155;174md[38;2;109;128;146ml[38;2;106;138;143ml[38;2;112;152;172mo[38;2;117;133;167ml[38;2;94;108;149m:[38;2;33;78;144m'[38;2;40;94;200m;[38;2;79;131;227ml[38;2;36;73;170m'[38;2;95;142;237mo[38;2;68;80;156m,[38;2;92;139;230mo[38;2;117;181;245mk[38;2;126;179;243mk[38;2;119;173;241mx[38;2;113;175;235mx[38;2;116;168;231mx[38;2;24;44;159m.[38;2;132;165;204mx[38;2;94;132;157ml[38;2;71;102;168m:[38;2;93;109;144m:[38;2;61;80;122m,[38;2;101;131;160ml[38;2;32;47;64m.[38;2;5;26;40m [38;2;0;4;23m [38;2;0;6;32m [38;2;6;12;50m [38;2;119;160;204md[38;2;96;111;178mc[38;2;64;89;198m;[38;2;128;190;253mk[38;2;55;94;230m;[38;2;41;98;230m;[38;2;53;105;233m:[38;2;82;125;184mc[38;2;123;159;228md[38;2;4;10;59m [38;2;0;10;49m [38;2;14;25;66m [38;2;15;64;100m.[38;2;14;50;72m.[38;2;9;22;26m [38;2;8;55;73m.[38;2;14;58;71m.[38;2;0;0;1m [38;2;18;55;68m.[38;2;5;38;51m.[38;2;90;152;155mo[38;2;7;36;53m.[38;2;17;48;63m.[0m
[0m[38;2;25;50;55m.[38;2;7;50;62m.[38;2;5;39;32m [38;2;11;20;22m [38;2;7;36;45m [38;2;73;141;157ml[38;2;42;98;91m,[38;2;4;16;20m [38;2;1;19;19m [38;2;7;21;22m [38;2;8;40;55m.[38;2;5;30;34m [38;2;6;5;8m [38;2;31;56;110m.[38;2;136;178;222mk[38;2;122;137;146mo[38;2;33;38;39m.[38;2;3;44;42m.[38;2;9;54;64m.[38;2;3;33;36m [38;2;4;13;12m [38;2;13;48;55m.[38;2;7;27;26m [38;2;5;22;20m [38;2;6;24;21m [38;2;5;22;22m [38;2;9;28;34m [38;2;15;41;60m.[38;2;15;46;64m.[38;2;4;38;69m.[38;2;13;44;57m.[38;2;13;33;73m.[38;2;3;22;71m [38;2;0;0;37m [38;2;36;91;223m;[38;2;144;174;242mk[38;2;90;126;233ml[38;2;57;140;255ml[38;2;52;121;233mc[38;2;9;112;244m;[38;2;5;143;252mc[38;2;3;129;251m:[38;2;1;125;252m:[38;2;1;121;247m:[38;2;3;97;240m,[38;2;15;79;237m,[38;2;126;150;201md[38;2;6;28;137m.[38;2;0;3;49m [38;2;0;4;34m [38;2;2;5;23m [38;2;48;69;124m'[38;2;181;185;212mO[38;2;4;13;29m [38;2;8;16;49m [38;2;8;14;34m [38;2;30;47;122m.[38;2;112;134;180ml[38;2;11;37;180m.[38;2;45;133;244mc[38;2;82;230;255mO[38;2;87;215;255mO[38;2;98;226;255mO[38;2;103;220;255mO[38;2;43;206;255mx[38;2;66;134;226ml[38;2;6;15;154m [38;2;0;9;90m [38;2;9;32;73m.[38;2;11;56;121m.[38;2;16;48;73m.[38;2;16;23;30m [38;2;9;57;76m.[38;2;12;60;70m.[38;2;0;1;0m [38;2;20;53;53m.[38;2;30;69;79m.[38;2;52;99;117m;[38;2;10;45;53m.[38;2;8;46;54m.[0m
[0m[38;2;25;53;51m.[38;2;7;50;60m.[38;2;11;43;38m.[38;2;7;18;16m [38;2;5;36;48m [38;2;85;153;163mo[38;2;39;95;88m,[38;2;3;10;16m [38;2;8;46;54m.[38;2;7;45;54m.[38;2;9;53;54m.[38;2;7;32;33m [38;2;3;11;9m [38;2;3;8;10m [38;2;12;26;46m [38;2;60;93;140m;[38;2;139;172;199mx[38;2;122;149;164mo[38;2;79;95;94m;[38;2;15;43;50m.[38;2;10;39;47m.[38;2;17;58;67m.[38;2;14;36;39m.[38;2;15;38;41m.[38;2;20;40;35m.[38;2;23;37;36m.[38;2;0;9;8m [38;2;32;79;81m'[38;2;22;54;77m.[38;2;16;47;82m.[38;2;21;49;84m.[38;2;38;61;125m.[38;2;32;59;122m.[38;2;37;73;174m'[38;2;50;117;250mc[38;2;171;229;255mX[38;2;88;220;255mO[38;2;109;219;255mO[38;2;20;243;255mk[38;2;79;244;255m0[38;2;138;255;255mX[38;2;129;255;255mX[38;2;149;255;255mX[38;2;147;255;255mX[38;2;42;237;255mO[38;2;7;177;255mo[38;2;133;180;244mk[38;2;43;101;215m;[38;2;42;90;164m,[38;2;58;138;186mc[38;2;40;77;106m'[38;2;3;19;57m [38;2;181;201;242m0[38;2;7;17;53m [38;2;48;102;153m;[38;2;47;81;120m'[38;2;50;69;159m'[38;2;115;150;225md[38;2;52;139;254ml[38;2;52;218;255mk[38;2;121;255;255mX[38;2;241;255;255mM[38;2;226;255;255mW[38;2;191;255;255mN[38;2;37;237;255mk[38;2;69;207;255mk[38;2;4;14;187m.[38;2;0;9;107m [38;2;9;33;95m.[38;2;6;59;128m.[38;2;19;44;64m.[38;2;14;30;32m [38;2;12;49;75m.[38;2;4;57;73m.[38;2;0;2;1m [38;2;11;48;49m.[38;2;72;123;135m:[38;2;12;44;55m.[38;2;11;49;55m.[38;2;14;51;67m.[0m
[0m[38;2;21;43;48m.[38;2;29;74;94m.[38;2;47;105;94m,[38;2;2;17;13m [38;2;5;36;51m [38;2;81;152;167ml[38;2;34;94;94m,[38;2;13;22;26m [38;2;48;89;92m,[38;2;45;84;96m'[38;2;45;95;100m,[38;2;47;115;105m;[38;2;40;83;79m'[38;2;26;57;58m.[38;2;28;61;67m.[38;2;27;48;53m.[38;2;5;16;27m [38;2;35;70;97m.[38;2;79;110;145m:[38;2;104;129;163ml[38;2;91;125;160mc[38;2;74;104;131m;[38;2;102;125;144mc[38;2;93;139;149ml[38;2;112;149;153mo[38;2;117;154;160mo[38;2;107;123;129mc[38;2;112;141;157mo[38;2;126;148;163mo[38;2;115;138;161mo[38;2;122;140;176mo[38;2;108;143;191mo[38;2;54;113;196m:[38;2;47;105;218m:[38;2;55;135;254ml[38;2;135;240;255mK[38;2;80;245;255m0[38;2;255;255;255mM[38;2;29;255;255mO[38;2;83;255;255mK[38;2;251;255;255mM[38;2;219;255;255mW[38;2;221;255;255mW[38;2;231;255;255mW[38;2;75;255;255m0[38;2;7;218;255mx[38;2;101;169;254mx[38;2;58;146;249ml[38;2;23;74;167m'[38;2;63;161;197mo[38;2;51;106;136m;[38;2;1;13;58m [38;2;174;200;242m0[38;2;15;31;66m.[38;2;11;55;110m.[38;2;36;60;108m.[38;2;50;75;154m,[38;2;113;144;210mo[38;2;13;82;248m,[38;2;66;231;255mO[38;2;125;255;255mX[38;2;231;255;255mW[38;2;234;255;255mW[38;2;46;253;255mO[38;2;6;136;255mc[38;2;50;144;251ml[38;2;35;56;170m.[38;2;0;7;72m [38;2;16;38;95m.[38;2;8;63;105m.[38;2;16;40;58m.[38;2;13;31;38m [38;2;12;47;66m.[38;2;7;54;61m.[38;2;0;4;1m [38;2;22;65;66m.[38;2;62;107;121m;[38;2;3;31;35m [38;2;19;51;59m.[38;2;18;48;58m.[0m
[0m[38;2;42;70;76m.[38;2;84;173;178md[38;2;21;52;42m.[38;2;7;19;23m [38;2;3;36;49m [38;2;84;158;166mo[38;2;34;87;90m'[38;2;26;44;60m.[38;2;89;174;190md[38;2;75;155;154ml[38;2;66;153;147ml[38;2;67;159;160ml[38;2;76;159;159mo[38;2;20;50;55m.[38;2;6;44;61m.[38;2;11;47;53m.[38;2;0;22;28m [38;2;6;51;54m.[38;2;9;45;55m.[38;2;7;35;40m [38;2;22;51;68m.[38;2;25;58;84m.[38;2;55;106;149m;[38;2;45;104;137m;[38;2;42;76;118m'[38;2;37;83;121m'[38;2;33;63;86m.[38;2;12;65;98m.[38;2;11;43;77m.[38;2;5;38;62m.[38;2;18;44;78m.[38;2;72;159;185mo[38;2;68;149;194ml[38;2;48;112;216m:[38;2;71;151;255mo[38;2;122;229;255m0[38;2;79;245;255m0[38;2;254;255;255mM[38;2;88;255;255mK[38;2;2;255;255mk[38;2;255;255;255mM[38;2;206;255;255mW[38;2;204;255;255mW[38;2;220;255;255mW[38;2;46;255;255m0[38;2;17;227;255mx[38;2;109;155;250md[38;2;9;59;220m.[38;2;58;133;196mc[38;2;18;51;126m.[38;2;44;75;105m'[38;2;0;8;44m [38;2;174;198;248m0[38;2;21;28;56m.[38;2;9;40;83m.[38;2;10;30;65m [38;2;32;56;116m.[38;2;101;127;175ml[38;2;75;115;204mc[38;2;47;126;243mc[38;2;32;173;252mo[38;2;51;177;255md[38;2;70;216;255mk[38;2;8;147;254mc[38;2;1;32;206m.[38;2;60;103;192m:[38;2;40;62;119m.[38;2;1;9;40m [38;2;14;40;68m.[38;2;11;56;106m.[38;2;12;36;63m.[38;2;18;35;42m.[38;2;1;37;47m [38;2;19;54;66m.[38;2;0;0;1m [38;2;82;144;146ml[38;2;14;48;57m.[38;2;9;49;55m.[38;2;24;41;51m.[38;2;15;43;53m.[0m
[0m[38;2;90;156;139mo[38;2;26;75;79m.[38;2;2;20;16m [38;2;6;20;28m [38;2;5;34;51m [38;2;84;153;164mo[38;2;40;93;85m,[38;2;24;42;55m.[38;2;81;164;173mo[38;2;67;151;157ml[38;2;64;149;144ml[38;2;66;142;152mc[38;2;77;150;153ml[38;2;65;142;148mc[38;2;13;45;52m.[38;2;6;49;49m.[38;2;0;23;28m [38;2;8;50;60m.[38;2;9;48;57m.[38;2;7;48;60m.[38;2;8;48;53m.[38;2;5;38;46m.[38;2;55;118;113m;[38;2;89;174;176md[38;2;26;70;71m.[38;2;6;46;51m.[38;2;0;26;29m [38;2;9;50;63m.[38;2;5;50;68m.[38;2;12;50;73m.[38;2;8;45;75m.[38;2;26;75;116m'[38;2;63;124;178mc[38;2;33;83;174m,[38;2;93;170;252md[38;2;131;199;254mO[38;2;61;202;255mx[38;2;189;249;255mN[38;2;56;249;255m0[38;2;4;239;255mk[38;2;153;247;255mX[38;2;139;255;255mX[38;2;107;251;255mK[38;2;103;247;255mK[38;2;18;204;255md[38;2;32;181;255mo[38;2;128;144;228md[38;2;17;59;185m.[38;2;23;68;137m.[38;2;35;71;126m'[38;2;60;106;131m;[38;2;0;2;23m [38;2;158;179;221mk[38;2;36;53;81m.[38;2;9;53;91m.[38;2;13;53;94m.[38;2;14;33;61m.[38;2;91;123;151mc[38;2;115;152;198md[38;2;6;30;104m.[38;2;12;41;140m.[38;2;22;48;177m.[38;2;100;142;201mo[38;2;5;16;108m [38;2;0;1;59m [38;2;115;145;169mo[38;2;11;20;51m [38;2;0;3;11m [38;2;9;34;49m [38;2;15;63;86m.[38;2;8;35;53m [38;2;20;32;36m [38;2;6;35;47m [38;2;15;53;63m.[38;2;19;33;27m [38;2;59;107;114m;[38;2;7;45;52m.[38;2;11;51;61m.[38;2;21;40;50m.[38;2;21;48;56m.[0m
[0m[38;2;37;77;67m.[38;2;7;45;61m.[38;2;5;27;22m [38;2;6;17;23m [38;2;4;35;50m [38;2;83;153;173mo[38;2;30;85;69m'[38;2;23;38;50m.[38;2;83;170;179md[38;2;62;151;156ml[38;2;63;147;144mc[38;2;66;146;141ml[38;2;72;155;148ml[38;2;64;135;141mc[38;2;60;121;124m:[38;2;11;51;53m.[38;2;0;22;26m [38;2;10;48;56m.[38;2;9;49;57m.[38;2;5;44;50m.[38;2;13;39;46m.[38;2;7;42;48m.[38;2;5;31;32m [38;2;49;91;91m,[38;2;60;120;118m:[38;2;24;53;66m.[38;2;22;50;41m.[38;2;7;26;33m [38;2;17;51;53m.[38;2;20;55;64m.[38;2;23;53;75m.[38;2;20;53;73m.[38;2;33;68;93m.[38;2;11;27;96m.[38;2;122;172;231mx[38;2;136;147;214md[38;2;8;55;202m.[38;2;54;184;255md[38;2;35;158;250ml[38;2;53;155;250mo[38;2;1;96;244m,[38;2;15;127;251m:[38;2;10;124;248m:[38;2;15;116;241m:[38;2;4;55;218m.[38;2;66;143;254ml[38;2;128;135;173mo[38;2;6;45;120m.[38;2;17;65;123m.[38;2;8;57;101m.[38;2;27;63;99m.[38;2;0;3;9m [38;2;148;168;209mx[38;2;73;89;115m;[38;2;2;29;47m [38;2;10;33;50m [38;2;1;10;20m [38;2;107;149;187mo[38;2;102;143;186mo[38;2;15;21;27m [38;2;10;15;29m [38;2;89;117;141mc[38;2;26;38;57m.[38;2;1;4;14m [38;2;11;19;33m [38;2;133;171;192mx[38;2;1;1;0m [38;2;2;4;3m [38;2;15;35;40m.[38;2;12;59;79m.[38;2;8;34;41m [38;2;13;29;33m [38;2;8;47;49m.[38;2;15;46;56m.[38;2;12;28;25m [38;2;10;45;55m.[38;2;11;37;49m.[38;2;13;43;49m.[38;2;21;41;55m.[38;2;9;34;42m [0m
[0m[38;2;21;49;51m.[38;2;4;52;65m.[38;2;3;35;23m [38;2;7;17;19m [38;2;10;35;47m [38;2;80;148;176ml[38;2;30;78;71m.[38;2;20;33;42m.[38;2;59;122;136m:[38;2;48;102;99m,[38;2;44;98;103m,[38;2;47;101;96m,[38;2;52;98;102m,[38;2;64;117;118m:[38;2;43;87;83m'[38;2;42;78;80m'[38;2;39;76;69m'[38;2;2;14;15m [38;2;11;38;50m.[38;2;4;37;50m [38;2;3;38;41m [38;2;4;43;46m.[38;2;26;54;60m.[38;2;22;62;63m.[38;2;21;57;61m.[38;2;28;65;79m.[38;2;53;107;104m;[38;2;0;13;9m [38;2;10;57;62m.[38;2;7;49;66m.[38;2;4;47;59m.[38;2;5;48;66m.[38;2;8;46;74m.[38;2;2;16;47m [38;2;127;162;219mx[38;2;124;128;148ml[38;2;0;0;36m [38;2;81;153;194mo[38;2;72;123;231mc[38;2;64;105;208m:[38;2;1;27;148m.[38;2;12;64;169m.[38;2;12;57;152m.[38;2;8;49;131m.[38;2;0;20;104m [38;2;85;153;233mo[38;2;124;128;133ml[38;2;2;22;47m [38;2;4;25;45m [38;2;3;17;39m [38;2;4;13;21m [38;2;0;0;1m [38;2;116;157;189md[38;2;95;115;130mc[38;2;0;23;42m [38;2;22;56;76m.[38;2;2;17;46m [38;2;101;130;151ml[38;2;92;130;143mc[38;2;78;98;101m;[38;2;61;63;80m'[38;2;107;157;198md[38;2;25;30;32m [38;2;19;25;29m [38;2;124;137;159mo[38;2;33;43;44m.[38;2;0;7;0m [38;2;2;6;2m [38;2;18;36;39m.[38;2;9;56;78m.[38;2;14;33;43m [38;2;9;30;31m [38;2;10;35;43m [38;2;10;33;32m [38;2;9;21;17m [38;2;12;50;54m.[38;2;15;38;51m.[38;2;10;32;39m [38;2;17;39;49m.[38;2;43;87;94m'[0m
[0m[38;2;18;42;43m.[38;2;3;44;51m.[38;2;2;34;30m [38;2;6;37;43m [38;2;4;28;42m [38;2;72;139;171ml[38;2;41;97;84m,[38;2;0;3;7m [38;2;9;31;33m [38;2;6;38;41m [38;2;11;51;54m.[38;2;20;62;59m.[38;2;23;62;72m.[38;2;27;74;78m.[38;2;26;69;74m.[38;2;38;83;94m'[38;2;94;182;181md[38;2;0;7;7m [38;2;10;47;59m.[38;2;8;48;55m.[38;2;4;49;57m.[38;2;2;48;57m.[38;2;6;49;52m.[38;2;4;48;55m.[38;2;5;48;57m.[38;2;8;46;58m.[38;2;11;57;63m.[38;2;22;37;42m.[38;2;11;56;57m.[38;2;6;48;62m.[38;2;7;50;62m.[38;2;5;51;66m.[38;2;8;50;70m.[38;2;2;21;41m [38;2;130;159;199md[38;2;121;130;133ml[38;2;0;1;5m [38;2;48;75;97m'[38;2;102;133;189ml[38;2;115;114;136mc[38;2;102;108;106m:[38;2;145;145;106mo[38;2;155;153;101md[38;2;160;152;94md[38;2;153;152;96md[38;2;180;189;138mO[38;2;147;152;107md[38;2;102;103;76m:[38;2;102;94;66m;[38;2;102;88;71m;[38;2;102;99;64m;[38;2;102;102;51m;[38;2;135;163;125md[38;2;116;118;103mc[38;2;56;55;67m.[38;2;105;111;83m:[38;2;99;87;78m;[38;2;43;55;68m.[38;2;131;161;178md[38;2;69;77;77m'[38;2;31;40;49m.[38;2;139;160;180md[38;2;90;99;104m;[38;2;124;151;174md[38;2;27;29;30m [38;2;1;5;1m [38;2;0;7;1m [38;2;0;5;0m [38;2;18;37;30m.[38;2;9;52;78m.[38;2;9;40;49m.[38;2;5;22;17m [38;2;12;24;26m [38;2;9;22;25m [38;2;12;30;35m [38;2;16;37;47m.[38;2;49;88;97m,[38;2;59;108;117m;[38;2;65;120;137m:[38;2;51;99;113m,[0m
[0m[38;2;26;49;54m.[38;2;6;48;64m.[38;2;6;48;54m.[38;2;4;46;58m.[38;2;4;27;44m [38;2;71;125;162mc[38;2;49;103;98m,[38;2;0;10;15m [38;2;1;48;57m.[38;2;5;44;55m.[38;2;0;47;51m.[38;2;2;45;52m.[38;2;3;46;55m.[38;2;5;48;54m.[38;2;4;48;48m.[38;2;1;36;42m [38;2;59;108;120m;[38;2;1;13;13m [38;2;2;53;56m.[38;2;6;48;59m.[38;2;2;49;58m.[38;2;5;49;53m.[38;2;6;47;62m.[38;2;5;48;55m.[38;2;4;48;57m.[38;2;4;49;61m.[38;2;4;52;55m.[38;2;46;64;65m.[38;2;14;50;60m.[38;2;5;38;41m [38;2;5;36;38m [38;2;5;28;32m [38;2;3;19;21m [38;2;0;5;10m [38;2;100;131;161ml[38;2;182;164;126mx[38;2;172;141;67mo[38;2;198;170;77mx[38;2;223;180;77mO[38;2;222;174;72mk[38;2;234;182;72mO[38;2;231;200;77m0[38;2;212;184;81mO[38;2;246;225;113mX[38;2;255;244;113mN[38;2;255;249;112mN[38;2;255;250;114mN[38;2;255;249;118mN[38;2;255;251;112mN[38;2;255;250;124mN[38;2;255;248;119mN[38;2;255;247;101mN[38;2;255;247;113mN[38;2;255;249;112mN[38;2;253;233;108mX[38;2;255;241;107mN[38;2;255;248;120mN[38;2;230;225;109mK[38;2;173;157;93md[38;2;162;152;126md[38;2;161;155;161mx[38;2;112;112;109mc[38;2;34;69;84m.[38;2;69;99;160m;[38;2;0;1;0m [38;2;0;8;0m [38;2;0;4;2m [38;2;0;4;1m [38;2;11;42;30m.[38;2;9;51;63m.[38;2;12;48;61m.[38;2;11;46;47m.[38;2;5;29;33m [38;2;25;55;58m.[38;2;41;66;77m.[38;2;45;86;97m'[38;2;36;72;92m.[38;2;13;46;64m.[38;2;5;39;53m.[38;2;9;41;53m.[0m
[0m[38;2;20;50;52m.[38;2;5;46;60m.[38;2;1;46;53m.[38;2;3;46;54m.[38;2;5;28;43m [38;2;64;116;160m:[38;2;57;118;116m:[38;2;0;5;14m [38;2;3;45;53m.[38;2;2;44;55m.[38;2;4;46;50m.[38;2;0;46;50m.[38;2;0;47;51m.[38;2;0;47;52m.[38;2;2;48;51m.[38;2;3;46;53m.[38;2;9;42;53m.[38;2;1;18;19m [38;2;4;55;56m.[38;2;5;48;56m.[38;2;4;45;50m.[38;2;3;38;43m [38;2;4;34;39m [38;2;1;27;33m [38;2;5;21;25m [38;2;2;19;19m [38;2;1;17;16m [38;2;9;21;19m [38;2;5;23;24m [38;2;0;5;2m [38;2;6;27;21m [38;2;3;20;26m [38;2;47;40;33m.[38;2;126;110;57m:[38;2;207;173;89mk[38;2;203;151;49md[38;2;177;112;25mc[38;2;180;116;32ml[38;2;184;128;44mo[38;2;172;116;36ml[38;2;194;127;35mo[38;2;203;150;54md[38;2;132;85;30m;[38;2;179;105;22mc[38;2;203;134;37mo[38;2;238;162;55mk[38;2;235;177;58mO[38;2;214;176;71mk[38;2;232;172;58mk[38;2;255;248;101mN[38;2;255;245;108mN[38;2;255;244;97mN[38;2;255;243;99mN[38;2;255;244;96mN[38;2;255;246;96mN[38;2;255;244;104mN[38;2;255;242;90mN[38;2;255;239;98mN[38;2;255;242;101mN[38;2;255;228;85mX[38;2;253;233;103mX[38;2;230;215;101mK[38;2;94;88;37m,[38;2;77;100;112m;[38;2;22;11;1m [38;2;0;5;1m [38;2;0;7;0m [38;2;0;5;1m [38;2;15;43;34m.[38;2;11;53;71m.[38;2;13;47;56m.[38;2;9;24;24m [38;2;13;29;35m [38;2;18;46;48m.[38;2;10;37;42m.[38;2;10;47;62m.[38;2;12;43;55m.[38;2;8;49;59m.[38;2;12;47;65m.[38;2;14;34;44m.[0m
[0m[38;2;18;49;58m.[38;2;3;45;62m.[38;2;2;45;52m.[38;2;3;45;53m.[38;2;3;22;39m [38;2;63;113;166m:[38;2;61;134;120mc[38;2;0;11;19m [38;2;4;48;67m.[38;2;5;49;62m.[38;2;3;50;56m.[38;2;4;47;64m.[38;2;7;41;54m.[38;2;0;39;46m [38;2;2;35;42m [38;2;4;29;31m [38;2;5;29;32m [38;2;0;10;9m [38;2;4;18;14m [38;2;1;9;9m [38;2;0;2;1m [38;2;0;3;3m [38;2;0;2;0m [38;2;0;1;0m [38;2;2;1;0m [38;2;1;4;0m [38;2;0;3;0m [38;2;58;79;85m'[38;2;35;64;60m.[38;2;35;34;36m.[38;2;29;43;37m.[38;2;46;50;44m.[38;2;206;165;73mx[38;2;202;151;45md[38;2;169;117;40ml[38;2;136;98;37m:[38;2;95;69;19m'[38;2;114;100;75m:[38;2;211;172;86mk[38;2;204;151;52md[38;2;193;138;61md[38;2;169;124;43ml[38;2;164;119;46ml[38;2;130;112;57mc[38;2;74;69;49m'[38;2;147;129;110ml[38;2;189;125;33mo[38;2;108;61;10m'[38;2;221;131;32md[38;2;252;220;87mK[38;2;255;248;102mN[38;2;255;243;97mN[38;2;255;243;93mN[38;2;255;245;95mN[38;2;255;244;97mN[38;2;255;242;100mN[38;2;255;242;93mN[38;2;255;243;95mN[38;2;255;243;93mN[38;2;255;247;95mN[38;2;244;179;58mO[38;2;254;236;84mX[38;2;255;241;89mN[38;2;255;246;89mN[38;2;213;191;77mO[38;2;56;40;21m.[38;2;0;4;0m [38;2;0;5;0m [38;2;14;44;33m.[38;2;10;57;78m.[38;2;9;28;33m [38;2;23;33;35m.[38;2;5;22;22m [38;2;5;24;24m [38;2;7;25;27m [38;2;12;36;40m [38;2;17;40;52m.[38;2;10;40;56m.[38;2;12;41;58m.[38;2;9;27;49m [0m
[0m[38;2;21;54;62m.[38;2;5;49;59m.[38;2;2;40;54m.[38;2;3;45;56m.[38;2;1;28;41m [38;2;52;99;149m;[38;2;59;135;125mc[38;2;0;13;14m [38;2;3;29;38m [38;2;3;25;24m [38;2;0;18;20m [38;2;0;14;15m [38;2;0;7;4m [38;2;0;5;1m [38;2;0;6;0m [38;2;0;5;0m [38;2;5;24;30m [38;2;6;28;44m [38;2;6;34;42m [38;2;0;13;23m [38;2;148;162;161mx[38;2;148;167;171mx[38;2;140;156;155md[38;2;139;158;155md[38;2;133;153;156md[38;2;143;160;160md[38;2;43;69;67m.[38;2;208;224;235mX[38;2;186;205;201m0[38;2;200;212;212mK[38;2;195;217;225mK[38;2;187;220;227mK[38;2;160;167;180mx[38;2;54;59;64m.[38;2;27;56;55m.[38;2;33;72;72m.[38;2;46;74;88m'[38;2;169;179;181mk[38;2;141;119;84mc[38;2;144;105;39m:[38;2;153;112;34mc[38;2;73;58;33m.[38;2;42;93;94m,[38;2;88;167;153mo[38;2;45;64;75m.[38;2;222;162;69mk[38;2;212;124;12mo[38;2;189;130;38mo[38;2;122;73;21m,[38;2;232;162;51mk[38;2;255;251;111mN[38;2;255;244;93mN[38;2;255;243;91mN[38;2;255;241;96mN[38;2;255;241;91mN[38;2;255;242;89mN[38;2;255;240;90mN[38;2;255;238;92mN[38;2;255;239;83mX[38;2;255;237;83mX[38;2;255;239;96mN[38;2;243;182;58mO[38;2;255;237;92mX[38;2;255;231;77mX[38;2;255;240;81mN[38;2;234;217;102mK[38;2;52;37;15m.[38;2;0;1;1m [38;2;14;47;41m.[38;2;15;54;63m.[38;2;1;6;9m [38;2;18;50;46m.[38;2;12;54;70m.[38;2;10;45;55m.[38;2;8;27;37m [38;2;0;18;17m [38;2;11;24;26m [38;2;13;38;50m.[38;2;19;39;46m.[38;2;22;41;39m.[0m
[0m[38;2;14;32;36m [38;2;5;24;31m [38;2;9;20;25m [38;2;2;13;30m [38;2;11;35;58m.[38;2;52;87;140m,[38;2;68;150;144ml[38;2;0;13;3m [38;2;0;8;6m [38;2;14;20;22m [38;2;6;17;20m [38;2;10;28;27m [38;2;0;9;2m [38;2;4;10;0m [38;2;0;10;2m [38;2;2;5;0m [38;2;9;29;41m [38;2;9;48;64m.[38;2;14;49;57m.[38;2;7;33;38m [38;2;21;35;39m.[38;2;17;43;52m.[38;2;15;40;38m.[38;2;25;57;53m.[38;2;23;53;53m.[38;2;28;54;49m.[38;2;0;5;4m [38;2;30;77;95m'[38;2;27;73;69m.[38;2;56;77;69m'[38;2;49;95;114m,[38;2;39;99;109m,[38;2;100;109;96m:[38;2;113;95;62m;[38;2;137;122;71mc[38;2;90;93;64m;[38;2;41;59;70m.[38;2;88;138;183ml[38;2;107;179;243mx[38;2;69;107;155m:[38;2;53;67;78m'[38;2;0;21;44m [38;2;28;58;63m.[38;2;94;152;135ml[38;2;55;47;55m.[38;2;215;142;38md[38;2;194;119;24ml[38;2;179;120;39ml[38;2;50;23;9m.[38;2;150;77;16m;[38;2;255;231;89mX[38;2;255;242;94mN[38;2;255;239;91mN[38;2;255;238;89mX[38;2;255;238;83mX[38;2;255;238;99mN[38;2;255;237;86mX[38;2;255;238;92mN[38;2;255;238;82mX[38;2;255;236;85mX[38;2;255;234;86mX[38;2;255;236;90mX[38;2;255;233;84mX[38;2;255;226;75mX[38;2;255;227;90mX[38;2;255;242;76mN[38;2;196;172;90mk[38;2;0;0;0m [38;2;11;50;56m.[38;2;16;43;57m.[38;2;3;3;0m [38;2;22;53;58m.[38;2;7;36;53m.[38;2;19;51;70m.[38;2;18;51;72m.[38;2;23;53;68m.[38;2;0;9;10m [38;2;5;9;2m [38;2;3;13;10m [38;2;2;7;2m [0m
