[0m[38;2;28;56;42m.[38;2;9;51;50m.[38;2;11;45;38m.[38;2;1;15;7m [38;2;6;39;49m.[38;2;4;28;36m [38;2;82;158;147mo[38;2;18;41;41m.[38;2;0;5;0m [38;2;4;11;0m [38;2;3;12;5m [38;2;5;19;15m [38;2;8;27;19m [38;2;4;10;20m [38;2;112;169;201md[38;2;108;121;130mc[38;2;2;9;7m [38;2;8;51;55m.[38;2;9;54;71m.[38;2;8;51;86m.[38;2;10;52;86m.[38;2;15;54;105m.[38;2;12;53;125m.[38;2;11;61;148m.[38;2;18;66;181m'[38;2;18;66;198m'[38;2;75;195;250mx[38;2;12;83;233m,[38;2;30;160;254ml[38;2;63;179;255md[38;2;66;219;255mk[38;2;95;249;255mK[38;2;99;255;255mK[38;2;115;255;255mK[38;2;95;255;255mK[38;2;146;255;255mX[38;2;21;223;255mx[38;2;67;182;255md[38;2;58;123;223mc[38;2;5;47;155m.[38;2;18;48;137m.[38;2;30;64;183m'[38;2;155;165;219mx[38;2;9;52;200m.[38;2;0;140;255mc[38;2;115;255;255mK[38;2;82;223;255mO[38;2;127;254;255mX[38;2;103;255;255mK[38;2;92;227;255mO[38;2;52;186;255md[38;2;17;149;253mc[38;2;3;95;241m,[38;2;9;92;238m,[38;2;4;71;226m'[38;2;7;47;186m.[38;2;29;63;168m'[38;2;3;21;84m [38;2;64;104;187m:[38;2;10;37;74m.[38;2;6;33;64m [38;2;10;33;55m [38;2;12;33;48m [38;2;10;48;63m.[38;2;1;41;47m.[38;2;16;46;58m.[38;2;2;30;43m [38;2;21;49;51m.[38;2;9;50;61m.[38;2;13;57;62m.[38;2;3;32;38m [38;2;21;51;56m.[38;2;13;48;44m.[38;2;1;9;0m [38;2;1;31;24m [38;2;7;44;48m.[38;2;13;46;50m.[38;2;8;41;39m.[38;2;20;47;44m.[38;2;1;53;40m.[0m
[0m[38;2;20;55;44m.[38;2;8;51;53m.[38;2;7;34;28m [38;2;0;14;11m [38;2;4;38;45m [38;2;0;28;34m [38;2;83;159;166mo[38;2;11;30;26m [38;2;0;6;3m [38;2;0;6;0m [38;2;0;3;1m [38;2;0;3;0m [38;2;0;2;0m [38;2;22;40;53m.[38;2;200;226;246mX[38;2;13;18;20m [38;2;4;15;14m [38;2;2;18;16m [38;2;4;27;22m [38;2;3;30;38m [38;2;4;38;46m [38;2;8;41;61m.[38;2;14;46;86m.[38;2;14;52;110m.[38;2;5;55;109m.[38;2;13;50;142m.[38;2;34;100;171m;[38;2;17;33;135m.[38;2;22;62;191m'[38;2;7;69;211m'[38;2;10;90;230m,[38;2;19;106;239m;[38;2;18;146;252mc[38;2;43;167;255mo[38;2;54;188;255md[38;2;96;240;255m0[38;2;21;185;253mo[38;2;69;172;253md[38;2;87;170;237md[38;2;16;53;159m.[38;2;7;28;118m.[38;2;31;70;197m'[38;2;142;157;212mx[38;2;7;53;208m.[38;2;13;147;255mc[38;2;124;255;255mX[38;2;115;227;255m0[38;2;72;254;255m0[38;2;129;255;255mX[38;2;119;255;255mK[38;2;121;255;255mX[38;2;87;255;255mK[38;2;74;243;255m0[38;2;79;222;255mO[38;2;45;177;255md[38;2;9;129;251m:[38;2;8;87;239m,[38;2;3;26;148m.[38;2;90;142;227mo[38;2;9;33;84m.[38;2;7;35;65m.[38;2;8;36;75m.[38;2;51;77;98m'[38;2;55;65;69m.[38;2;59;79;88m'[38;2;61;75;83m'[38;2;48;68;70m.[38;2;35;63;66m.[38;2;18;45;62m.[38;2;9;47;57m.[38;2;0;23;25m [38;2;9;46;53m.[38;2;8;34;38m [38;2;0;4;3m [38;2;1;35;33m [38;2;5;36;44m [38;2;8;34;43m [38;2;9;29;35m [38;2;10;45;51m.[38;2;5;44;46m.[0m
[0m[38;2;25;54;50m.[38;2;8;50;54m.[38;2;9;38;33m [38;2;2;15;18m [38;2;3;42;46m.[38;2;4;32;34m [38;2;87;157;159mo[38;2;3;19;27m [38;2;5;26;30m [38;2;6;25;28m [38;2;5;18;25m [38;2;7;27;33m [38;2;0;3;5m [38;2;149;176;200mk[38;2;100;109;132m:[38;2;7;26;39m [38;2;4;33;40m [38;2;0;2;0m [38;2;2;7;2m [38;2;4;5;4m [38;2;2;5;9m [38;2;0;4;9m [38;2;8;7;16m [38;2;10;14;31m [38;2;3;22;46m [38;2;5;28;68m [38;2;10;41;88m.[38;2;5;15;64m [38;2;19;56;137m.[38;2;14;55;154m.[38;2;23;62;166m.[38;2;21;55;172m.[38;2;14;64;191m.[38;2;23;59;201m'[38;2;6;56;204m.[38;2;54;142;222ml[38;2;34;67;169m'[38;2;28;69;183m'[38;2;51;100;176m;[38;2;41;82;167m,[38;2;17;31;117m.[38;2;40;81;199m,[38;2;106;131;193ml[38;2;4;62;232m'[38;2;14;153;255ml[38;2;124;255;255mX[38;2;133;243;255mK[38;2;82;255;255mK[38;2;103;255;255mK[38;2;100;255;255mK[38;2;108;255;255mK[38;2;99;255;255mK[38;2;98;255;255mK[38;2;104;255;255mK[38;2;132;255;255mX[38;2;117;255;255mK[38;2;7;151;255mc[38;2;18;75;228m,[38;2;127;182;255mk[38;2;7;30;93m.[38;2;11;32;77m.[38;2;11;26;65m [38;2;65;96;104m;[38;2;69;92;108m,[38;2;74;96;110m;[38;2;73;92;101m;[38;2;68;94;96m,[38;2;50;77;91m'[38;2;84;101;124m;[38;2;59;83;104m,[38;2;6;29;23m [38;2;9;24;26m [38;2;2;15;17m [38;2;7;39;40m.[38;2;10;51;57m.[38;2;7;30;35m [38;2;18;47;44m.[38;2;13;30;25m [38;2;10;42;49m.[38;2;6;44;53m.[0m
[0m[38;2;28;57;56m.[38;2;13;49;51m.[38;2;11;40;38m.[38;2;8;16;17m [38;2;10;46;51m.[38;2;5;31;38m [38;2;74;161;165mo[38;2;9;32;45m [38;2;2;11;9m [38;2;8;41;48m.[38;2;3;16;18m [38;2;8;32;33m [38;2;81;102;133m:[38;2;207;214;222mK[38;2;4;13;25m [38;2;5;46;63m.[38;2;1;29;50m [38;2;13;37;59m.[38;2;14;39;63m.[38;2;12;25;38m [38;2;8;15;22m [38;2;44;53;56m.[38;2;36;52;57m.[38;2;38;48;62m.[38;2;42;52;58m.[38;2;44;48;54m.[38;2;41;51;70m.[38;2;44;41;60m.[38;2;22;34;88m.[38;2;32;48;99m.[38;2;29;35;81m.[38;2;13;24;92m [38;2;8;28;109m.[38;2;19;33;127m.[38;2;13;46;143m.[38;2;27;65;158m'[38;2;24;48;103m.[38;2;23;57;149m.[38;2;24;58;144m.[38;2;22;54;123m.[38;2;0;7;81m [38;2;68;124;215mc[38;2;98;127;175ml[38;2;41;92;218m;[38;2;49;150;252ml[38;2;69;170;249md[38;2;158;248;255mX[38;2;85;251;255m0[38;2;110;255;255mK[38;2;94;255;255mK[38;2;89;255;255mK[38;2;87;255;255mK[38;2;99;255;255mK[38;2;75;255;255m0[38;2;104;255;255mK[38;2;130;255;255mX[38;2;3;160;255ml[38;2;47;150;253ml[38;2;115;165;251mx[38;2;1;20;86m [38;2;18;38;89m.[38;2;11;38;89m.[38;2;9;41;61m.[38;2;0;32;59m [38;2;15;45;76m.[38;2;9;44;60m.[38;2;5;40;52m.[38;2;12;44;60m.[38;2;7;32;49m [38;2;104;121;153mc[38;2;25;31;42m.[38;2;8;21;24m [38;2;6;46;54m.[38;2;8;58;61m.[38;2;6;41;49m.[38;2;0;3;3m [38;2;48;71;68m'[38;2;30;57;59m.[38;2;13;44;52m.[38;2;6;41;45m.[0m
[0m[38;2;30;51;51m.[38;2;8;49;61m.[38;2;10;34;33m [38;2;5;19;26m [38;2;7;48;59m.[38;2;4;30;36m [38;2;83;159;164mo[38;2;14;43;45m.[38;2;12;33;45m [38;2;4;14;23m [38;2;9;23;25m [38;2;22;35;67m.[38;2;213;236;255mN[38;2;52;63;72m.[38;2;0;39;51m [38;2;4;45;61m.[38;2;2;25;38m [38;2;10;47;69m.[38;2;13;48;84m.[38;2;5;18;33m [38;2;65;92;96m,[38;2;163;209;214m0[38;2;150;191;211mO[38;2;149;188;208mk[38;2;148;191;198mk[38;2;161;184;214mO[38;2;130;167;199mx[38;2;152;145;210md[38;2;96;129;197ml[38;2;118;169;205mx[38;2;112;131;188ml[38;2;117;137;162mo[38;2;59;74;141m,[38;2;84;94;132m;[38;2;24;26;66m.[38;2;4;9;75m [38;2;1;11;57m [38;2;13;30;97m.[38;2;11;36;82m.[38;2;14;34;93m.[38;2;0;14;99m [38;2;120;166;239mx[38;2;52;77;150m,[38;2;15;46;141m.[38;2;73;125;228mc[38;2;7;36;170m.[38;2;209;254;255mW[38;2;5;101;238m;[38;2;41;168;255mo[38;2;46;198;255mx[38;2;63;239;255mO[38;2;76;235;255mO[38;2;110;255;255mK[38;2;103;255;255mK[38;2;91;255;255mK[38;2;124;255;255mX[38;2;4;148;255mc[38;2;11;78;248m,[38;2;132;163;243mx[38;2;6;27;92m [38;2;61;101;146m;[38;2;11;50;96m.[38;2;17;48;82m.[38;2;62;101;135m;[38;2;6;39;56m.[38;2;7;27;41m [38;2;3;36;50m [38;2;4;34;44m [38;2;10;35;44m [38;2;40;53;86m.[38;2;74;94;119m;[38;2;7;47;51m.[38;2;9;50;60m.[38;2;6;45;41m.[38;2;33;48;40m.[38;2;31;61;61m.[38;2;24;52;63m.[38;2;10;42;63m.[38;2;10;48;61m.[38;2;13;40;46m.[0m
[0m[38;2;23;51;50m.[38;2;7;49;56m.[38;2;7;33;26m [38;2;3;23;30m [38;2;5;47;53m.[38;2;2;31;39m [38;2;85;161;159mo[38;2;5;20;21m [38;2;36;76;72m.[38;2;41;66;73m.[38;2;16;32;44m [38;2;131;162;200mx[38;2;120;134;148ml[38;2;21;44;50m.[38;2;22;55;71m.[38;2;31;67;82m.[38;2;6;14;35m [38;2;14;53;70m.[38;2;6;44;68m.[38;2;4;30;51m [38;2;5;17;24m [38;2;18;48;67m.[38;2;11;35;53m.[38;2;14;29;64m [38;2;9;28;74m [38;2;14;32;95m.[38;2;11;26;105m.[38;2;25;55;178m.[38;2;10;48;171m.[38;2;8;32;173m.[38;2;17;56;200m.[38;2;17;62;202m'[38;2;37;65;197m'[38;2;111;128;216ml[38;2;176;207;238m0[38;2;90;100;138m:[38;2;4;19;84m [38;2;4;21;104m [38;2;0;15;66m [38;2;0;5;32m [38;2;11;27;102m.[38;2;154;191;253mO[38;2;8;13;38m [38;2;6;12;58m [38;2;20;37;93m.[38;2;20;42;146m.[38;2;230;255;255mW[38;2;2;23;113m [38;2;24;59;194m'[38;2;9;68;226m'[38;2;27;125;243m:[38;2;3;85;240m,[38;2;27;153;251ml[38;2;43;172;255mo[38;2;61;182;255md[38;2;76;211;255mk[38;2;7;89;241m,[38;2;17;60;204m'[38;2;113;149;220md[38;2;22;37;87m.[38;2;54;86;109m,[38;2;52;117;144m:[38;2;2;39;68m.[38;2;27;68;98m.[38;2;8;44;66m.[38;2;9;30;34m [38;2;6;36;50m [38;2;14;49;60m.[38;2;2;24;33m [38;2;43;62;98m.[38;2;70;91;122m;[38;2;11;49;58m.[38;2;13;36;45m.[38;2;35;53;51m.[38;2;38;61;61m.[38;2;8;44;52m.[38;2;8;48;60m.[38;2;5;48;58m.[38;2;9;46;54m.[38;2;10;39;54m.[0m
[0m[38;2;27;50;51m.[38;2;10;51;60m.[38;2;7;23;31m [38;2;4;21;26m [38;2;3;47;58m.[38;2;5;30;37m [38;2;87;168;173mo[38;2;0;4;10m [38;2;7;47;58m.[38;2;3;36;35m [38;2;28;46;114m.[38;2;182;201;221m0[38;2;5;15;11m [38;2;64;122;129m:[38;2;62;128;153mc[38;2;83;140;163ml[38;2;18;30;50m [38;2;52;84;108m,[38;2;26;64;85m.[38;2;35;65;90m.[38;2;28;62;102m.[38;2;33;63;108m.[38;2;26;48;77m.[38;2;29;51;99m.[38;2;18;40;128m.[38;2;15;45;166m.[38;2;1;41;198m.[38;2;9;132;255m:[38;2;3;141;255mc[38;2;7;132;250m:[38;2;4;134;255m:[38;2;1;123;251m:[38;2;9;118;251m:[38;2;0;43;214m.[38;2;23;84;244m,[38;2;196;233;255mX[38;2;59;65;186m,[38;2;19;64;192m'[38;2;4;24;117m [38;2;9;21;81m [38;2;13;52;164m.[38;2;156;221;255mK[38;2;1;7;25m [38;2;16;51;122m.[38;2;3;14;67m [38;2;11;51;163m.[38;2;229;243;255mW[38;2;0;2;5m [38;2;0;9;61m [38;2;2;18;88m [38;2;2;21;101m [38;2;5;24;123m.[38;2;14;41;144m.[38;2;15;49;165m.[38;2;9;46;178m.[38;2;14;61;185m.[38;2;8;23;119m.[38;2;26;71;144m'[38;2;88;132;181ml[38;2;24;51;96m.[38;2;47;73;101m'[38;2;55;124;155m:[38;2;3;36;64m.[38;2;7;43;68m.[38;2;3;36;41m [38;2;1;5;2m [38;2;5;13;14m [38;2;13;28;28m [38;2;3;27;31m [38;2;43;72;113m'[38;2;78;100;125m;[38;2;6;12;16m [38;2;30;46;55m.[38;2;10;36;42m.[38;2;7;40;52m.[38;2;5;41;48m.[38;2;10;49;55m.[38;2;7;41;52m.[38;2;7;42;53m.[38;2;12;47;56m.[0m
[0m[38;2;24;51;51m.[38;2;10;50;66m.[38;2;6;27;28m [38;2;0;25;24m [38;2;3;46;61m.[38;2;5;32;43m [38;2;90;162;180mo[38;2;0;4;7m [38;2;6;49;54m.[38;2;5;21;30m [38;2;109;144;213mo[38;2;77;92;99m;[38;2;2;31;37m [38;2;20;51;67m.[38;2;83;158;174mo[38;2;78;146;167ml[38;2;15;38;46m.[38;2;57;107;131m;[38;2;6;41;71m.[38;2;14;50;87m.[38;2;8;48;95m.[38;2;7;42;100m.[38;2;16;45;122m.[38;2;75;149;226mo[38;2;78;148;245mo[38;2;66;187;255mx[38;2;17;175;255mo[38;2;110;245;255mK[38;2;127;252;255mX[38;2;120;255;255mK[38;2;96;249;255mK[38;2;82;248;255m0[38;2;68;239;255mO[38;2;48;203;255mx[38;2;25;170;255mo[38;2;101;221;255mO[38;2;104;142;242mo[38;2;17;71;230m'[38;2;10;27;144m.[38;2;11;27;110m.[38;2;38;84;222m,[38;2;181;224;249mK[38;2;2;13;46m [38;2;23;56;129m.[38;2;2;20;62m [38;2;7;32;121m.[38;2;222;250;255mW[38;2;0;4;9m [38;2;0;18;41m [38;2;11;35;86m.[38;2;6;38;66m.[38;2;7;18;60m [38;2;0;14;41m [38;2;0;3;31m [38;2;0;3;18m [38;2;2;13;38m [38;2;1;7;28m [38;2;5;18;30m [38;2;97;123;167mc[38;2;7;32;68m [38;2;17;32;45m [38;2;13;47;60m.[38;2;14;53;83m.[38;2;19;54;94m.[38;2;4;19;23m [38;2;0;7;1m [38;2;0;11;2m [38;2;0;7;0m [38;2;0;4;0m [38;2;77;92;124m;[38;2;48;63;101m.[38;2;18;34;40m.[38;2;10;52;59m.[38;2;9;46;61m.[38;2;6;39;46m.[38;2;13;40;46m.[38;2;10;39;45m.[38;2;10;45;55m.[38;2;12;48;53m.[38;2;11;47;55m.[0m
[0m[38;2;23;52;51m.[38;2;9;51;61m.[38;2;14;29;26m [38;2;7;24;33m [38;2;8;48;60m.[38;2;4;30;46m [38;2;89;175;165md[38;2;1;7;11m [38;2;7;48;49m.[38;2;20;36;70m.[38;2;157;193;242mO[38;2;4;19;20m [38;2;9;49;51m.[38;2;4;28;45m [38;2;62;128;130m:[38;2;76;149;161ml[38;2;15;29;36m [38;2;97;175;185md[38;2;5;31;66m [38;2;11;48;91m.[38;2;11;51;95m.[38;2;18;53;119m.[38;2;8;43;120m.[38;2;56;117;223mc[38;2;87;169;255md[38;2;73;198;255mx[38;2;7;221;255mx[38;2;148;255;255mX[38;2;187;255;255mN[38;2;182;255;255mN[38;2;172;255;255mN[38;2;172;255;255mN[38;2;179;255;255mN[38;2;177;255;255mN[38;2;210;255;255mW[38;2;78;253;255m0[38;2;79;180;255mx[38;2;12;104;253m;[38;2;31;89;223m;[38;2;14;25;144m.[38;2;63;127;242mc[38;2;158;168;214mk[38;2;13;30;69m.[38;2;24;56;103m.[38;2;9;24;53m [38;2;6;29;90m [38;2;199;234;253mX[38;2;0;1;2m [38;2;13;30;48m [38;2;8;52;98m.[38;2;3;31;64m [38;2;10;31;59m [38;2;21;34;44m.[38;2;106;132;133ml[38;2;97;123;121mc[38;2;93;119;126mc[38;2;82;105;112m:[38;2;51;69;73m'[38;2;95;116;123mc[38;2;37;53;64m.[38;2;43;57;70m.[38;2;27;30;32m [38;2;1;13;19m [38;2;7;26;42m [38;2;2;13;15m [38;2;0;5;9m [38;2;0;6;5m [38;2;1;7;5m [38;2;1;2;0m [38;2;106;131;143ml[38;2;18;51;71m.[38;2;11;42;44m.[38;2;7;41;45m.[38;2;11;45;56m.[38;2;6;47;58m.[38;2;11;39;43m.[38;2;15;40;49m.[38;2;9;48;59m.[38;2;12;48;53m.[38;2;11;46;53m.[0m
[0m[38;2;18;48;49m.[38;2;6;39;58m.[38;2;7;26;27m [38;2;2;26;36m [38;2;11;49;55m.[38;2;4;29;43m [38;2;90;161;158mo[38;2;1;15;16m [38;2;6;37;36m [38;2;27;51;108m.[38;2;180;223;240mK[38;2;1;19;21m [38;2;6;48;62m.[38;2;7;45;58m.[38;2;19;54;69m.[38;2;87;163;171mo[38;2;24;38;46m.[38;2;93;186;189mx[38;2;41;79;109m'[38;2;6;46;75m.[38;2;11;49;102m.[38;2;23;57;125m.[38;2;16;50;152m.[38;2;24;78;196m'[38;2;84;180;255mx[38;2;70;201;255mk[38;2;1;233;255mx[38;2;197;255;255mW[38;2;196;255;255mN[38;2;179;255;255mN[38;2;183;255;255mN[38;2;182;255;255mN[38;2;169;255;255mN[38;2;166;255;255mN[38;2;219;255;255mW[38;2;102;255;255mK[38;2;76;217;255mk[38;2;44;147;251ml[38;2;10;62;231m'[38;2;8;44;189m.[38;2;154;208;255m0[38;2;119;137;163mo[38;2;52;109;156m;[38;2;78;150;191ml[38;2;2;8;22m [38;2;13;33;96m.[38;2;194;225;243mX[38;2;11;17;28m [38;2;14;38;68m.[38;2;10;47;76m.[38;2;6;25;42m [38;2;15;44;60m.[38;2;4;21;35m [38;2;8;30;32m [38;2;6;14;10m [38;2;1;12;9m [38;2;8;38;56m.[38;2;6;23;56m [38;2;86;112;142m:[38;2;6;23;46m [38;2;5;15;45m [38;2;157;165;201mx[38;2;24;32;70m.[38;2;12;37;93m.[38;2;2;13;30m [38;2;5;8;17m [38;2;3;6;16m [38;2;6;7;4m [38;2;0;0;0m [38;2;143;176;219mk[38;2;8;30;42m [38;2;4;6;5m [38;2;14;49;57m.[38;2;8;50;56m.[38;2;11;53;57m.[38;2;19;52;56m.[38;2;9;33;47m [38;2;25;54;53m.[38;2;11;40;45m.[38;2;12;48;51m.[0m
[0m[38;2;42;75;73m'[38;2;32;70;80m.[38;2;38;80;74m'[38;2;9;26;32m [38;2;12;50;57m.[38;2;5;33;38m [38;2;84;156;156mo[38;2;4;17;20m [38;2;30;63;64m.[38;2;30;57;107m.[38;2;165;190;207mO[38;2;22;48;45m.[38;2;28;70;74m.[38;2;30;72;78m.[38;2;27;67;69m.[38;2;65;125;130m:[38;2;44;73;73m'[38;2;58;122;121m:[38;2;88;158;178mo[38;2;22;60;93m.[38;2;22;59;106m.[38;2;21;61;118m.[38;2;10;58;143m.[38;2;8;54;189m.[38;2;80;162;250md[38;2;53;210;255mx[38;2;0;243;255mk[38;2;237;255;255mM[38;2;214;255;255mW[38;2;196;255;255mN[38;2;185;255;255mN[38;2;185;255;255mN[38;2;181;255;255mN[38;2;171;255;255mN[38;2;195;255;255mN[38;2;97;252;255mK[38;2;81;210;255mk[38;2;63;187;255mx[38;2;41;104;221m;[38;2;33;69;200m'[38;2;249;255;255mM[38;2;38;69;119m'[38;2;12;39;110m.[38;2;88;168;208md[38;2;0;9;25m [38;2;4;22;80m [38;2;179;203;231m0[38;2;8;22;45m [38;2;11;51;87m.[38;2;10;52;90m.[38;2;6;27;48m [38;2;41;81;100m'[38;2;24;50;83m.[38;2;49;91;106m,[38;2;61;116;142m:[38;2;47;78;83m'[38;2;9;29;51m [38;2;9;33;79m.[38;2;115;163;219md[38;2;16;48;108m.[38;2;9;25;156m.[38;2;75;161;234mo[38;2;39;117;223m:[38;2;22;118;232m:[38;2;0;58;185m.[38;2;1;19;133m [38;2;0;16;75m [38;2;2;11;27m [38;2;41;51;78m.[38;2;98;125;160mc[38;2;8;46;56m.[38;2;2;11;8m [38;2;14;44;55m.[38;2;8;32;39m [38;2;13;45;53m.[38;2;5;34;37m [38;2;10;39;41m.[38;2;19;50;52m.[38;2;29;56;64m.[38;2;26;60;65m.[0m
[0m[38;2;26;51;53m.[38;2;15;48;63m.[38;2;12;53;54m.[38;2;1;23;35m [38;2;7;54;62m.[38;2;5;35;45m [38;2;78;147;152ml[38;2;2;11;16m [38;2;7;43;38m.[38;2;25;45;93m.[38;2;204;236;244mN[38;2;0;10;6m [38;2;2;28;38m [38;2;51;105;107m;[38;2;17;48;59m.[38;2;16;46;59m.[38;2;71;132;160mc[38;2;8;14;16m [38;2;37;85;100m'[38;2;39;83;125m'[38;2;37;85;127m'[38;2;36;77;122m'[38;2;33;83;143m'[38;2;32;89;166m,[38;2;46;97;225m;[38;2;40;145;252ml[38;2;30;217;255mx[38;2;105;229;255m0[38;2;104;248;255mK[38;2;111;255;255mK[38;2;130;255;255mX[38;2;131;255;255mX[38;2;136;255;255mX[38;2;142;255;255mX[38;2;118;254;255mK[38;2;88;234;255m0[38;2;68;192;255mx[38;2;61;168;251md[38;2;54;136;215mc[38;2;107;140;215mo[38;2;194;229;252mX[38;2;1;20;62m [38;2;5;49;118m.[38;2;29;72;125m'[38;2;4;32;45m [38;2;5;25;76m [38;2;166;193;223mO[38;2;8;26;42m [38;2;10;58;84m.[38;2;11;54;87m.[38;2;5;24;41m [38;2;108;167;185md[38;2;13;50;84m.[38;2;6;36;55m.[38;2;57;126;162m:[38;2;69;118;137m:[38;2;14;28;57m [38;2;3;22;89m [38;2;116;172;248mx[38;2;26;73;188m'[38;2;0;131;255m:[38;2;115;254;255mK[38;2;118;251;255mK[38;2;207;255;255mW[38;2;0;216;255md[38;2;0;79;250m'[38;2;3;17;155m [38;2;0;3;43m [38;2;145;175;217mk[38;2;18;47;74m.[38;2;12;49;67m.[38;2;2;16;14m [38;2;7;36;53m.[38;2;37;80;93m'[38;2;21;67;106m.[38;2;26;61;93m.[38;2;9;31;40m [38;2;98;101;100m:[38;2;42;67;64m.[38;2;31;76;80m.[0m
[0m[38;2;19;55;54m.[38;2;9;50;61m.[38;2;14;53;62m.[38;2;1;22;39m [38;2;17;51;60m.[38;2;3;34;36m [38;2;89;164;167mo[38;2;6;34;41m [38;2;6;51;54m.[38;2;8;16;47m [38;2;187;220;250mK[38;2;32;51;53m.[38;2;6;35;50m [38;2;20;60;67m.[38;2;82;144;153ml[38;2;5;25;43m [38;2;60;126;148m:[38;2;1;11;15m [38;2;11;52;72m.[38;2;8;51;73m.[38;2;10;52;95m.[38;2;11;50;91m.[38;2;14;51;99m.[38;2;12;60;114m.[38;2;11;57;147m.[38;2;17;58;199m.[38;2;27;111;227m:[38;2;19;89;239m,[38;2;19;125;251m:[38;2;9;142;255mc[38;2;6;150;254mc[38;2;8;163;253ml[38;2;3;165;255ml[38;2;2;156;255mc[38;2;10;160;254ml[38;2;113;199;255mk[38;2;31;87;227m,[38;2;19;88;192m,[38;2;17;42;151m.[38;2;180;212;248mK[38;2;35;67;142m'[38;2;19;55;111m.[38;2;31;67;127m.[38;2;40;96;126m,[38;2;21;42;58m.[38;2;5;20;68m [38;2;157;182;206mk[38;2;23;51;73m.[38;2;34;75;116m'[38;2;35;81;113m'[38;2;24;45;64m.[38;2;71;129;141mc[38;2;66;122;157m:[38;2;15;42;68m.[38;2;11;40;79m.[38;2;48;82;109m'[38;2;11;27;65m [38;2;21;41;102m.[38;2;123;141;209mo[38;2;12;67;227m'[38;2;36;163;255mo[38;2;81;248;255m0[38;2;176;255;255mN[38;2;221;255;255mW[38;2;0;241;255mk[38;2;0;104;255m;[38;2;0;20;171m.[38;2;34;47;133m.[38;2;112;146;171mo[38;2;10;40;76m.[38;2;15;50;76m.[38;2;3;15;20m [38;2;11;38;43m.[38;2;28;43;53m.[38;2;20;36;44m.[38;2;56;106;114m;[38;2;2;27;29m [38;2;136;147;143mo[38;2;62;100;90m;[38;2;29;72;82m.[0m
[0m[38;2;19;55;53m.[38;2;9;50;59m.[38;2;14;53;54m.[38;2;2;17;21m [38;2;16;53;59m.[38;2;2;32;45m [38;2;81;149;147ml[38;2;4;29;29m [38;2;8;51;57m.[38;2;1;16;32m [38;2;101;140;200mo[38;2;127;146;151mo[38;2;2;26;36m [38;2;4;41;53m.[38;2;44;87;104m,[38;2;55;105;114m;[38;2;59;128;139m:[38;2;4;10;20m [38;2;11;50;71m.[38;2;9;52;67m.[38;2;9;51;79m.[38;2;11;52;83m.[38;2;7;51;85m.[38;2;11;52;97m.[38;2;16;52;118m.[38;2;17;56;134m.[38;2;15;66;140m.[38;2;18;35;126m.[38;2;24;61;191m'[38;2;16;74;189m'[38;2;19;73;197m'[38;2;16;72;201m'[38;2;13;79;201m'[38;2;14;61;193m.[38;2;27;94;232m;[38;2;147;203;254m0[38;2;4;37;144m.[38;2;2;53;145m.[38;2;30;71;181m'[38;2;169;190;213mO[38;2;0;5;47m [38;2;16;47;122m.[38;2;14;57;111m.[38;2;17;73;109m.[38;2;35;64;96m.[38;2;8;27;102m.[38;2;147;167;198mx[38;2;2;27;57m [38;2;19;56;90m.[38;2;23;66;101m.[38;2;57;96;125m;[38;2;15;26;41m [38;2;25;63;102m.[38;2;32;68;97m.[38;2;28;67;98m.[38;2;51;95;119m,[38;2;6;16;55m [38;2;106;119;143mc[38;2;64;90;153m;[38;2;38;102;215m;[38;2;27;84;234m,[38;2;78;224;255mO[38;2;124;217;255m0[38;2;135;242;255mK[38;2;0;173;254ml[38;2;1;52;227m.[38;2;1;11;118m [38;2;122;159;204md[38;2;8;26;45m [38;2;16;59;105m.[38;2;13;54;81m.[38;2;6;17;22m [38;2;8;29;38m [38;2;69;84;78m,[38;2;63;79;76m'[38;2;26;34;32m.[38;2;0;0;1m [38;2;135;146;145mo[38;2;36;62;61m.[38;2;25;61;66m.[0m
[0m[38;2;22;48;50m.[38;2;6;43;49m.[38;2;13;44;48m.[38;2;2;14;12m [38;2;10;42;48m.[38;2;56;103;122m;[38;2;59;113;108m;[38;2;0;8;10m [38;2;5;36;40m [38;2;4;23;23m [38;2;25;46;89m.[38;2;159;202;232m0[38;2;26;38;47m.[38;2;5;28;36m [38;2;3;27;30m [38;2;47;96;96m,[38;2;47;97;94m,[38;2;0;5;11m [38;2;7;38;44m.[38;2;4;36;42m [38;2;7;36;45m [38;2;7;34;45m [38;2;6;37;47m.[38;2;5;37;51m [38;2;10;34;59m.[38;2;8;37;77m.[38;2;7;36;67m.[38;2;2;20;53m [38;2;11;35;87m.[38;2;12;38;92m.[38;2;9;37;96m.[38;2;13;36;107m.[38;2;14;39;123m.[38;2;7;32;102m.[38;2;34;78;200m,[38;2;154;227;255mK[38;2;3;16;76m [38;2;3;23;107m [38;2;128;183;243mk[38;2;84;97;125m;[38;2;4;26;75m [38;2;4;35;100m.[38;2;10;44;98m.[38;2;11;48;90m.[38;2;10;29;56m [38;2;20;45;128m.[38;2;144;161;182mx[38;2;3;22;49m [38;2;11;33;66m.[38;2;9;37;71m.[38;2;15;44;66m.[38;2;3;17;36m [38;2;11;37;64m.[38;2;7;32;58m [38;2;8;38;62m.[38;2;16;42;74m.[38;2;0;9;25m [38;2;144;169;207mx[38;2;9;21;70m [38;2;11;41;112m.[38;2;61;92;178m;[38;2;62;108;184m:[38;2;12;56;181m.[38;2;15;80;195m'[38;2;3;27;156m.[38;2;1;3;81m [38;2;93;125;197ml[38;2;44;61;69m.[38;2;9;21;42m [38;2;12;64;94m.[38;2;15;52;70m.[38;2;3;18;22m [38;2;13;40;52m.[38;2;31;60;53m.[38;2;35;49;54m.[38;2;10;32;35m [38;2;3;22;32m [38;2;85;103;107m;[38;2;24;49;52m.[38;2;35;61;70m.[0m
[0m[38;2;22;50;62m.[38;2;9;46;62m.[38;2;8;36;29m [38;2;1;16;23m [38;2;7;38;44m.[38;2;66;128;132m:[38;2;55;116;122m;[38;2;1;9;9m [38;2;0;7;4m [38;2;7;20;21m [38;2;4;15;16m [38;2;61;92;162m;[38;2;125;158;198md[38;2;27;31;30m.[38;2;0;2;1m [38;2;2;5;0m [38;2;2;3;0m [38;2;3;30;31m [38;2;5;27;31m [38;2;2;12;14m [38;2;19;27;21m [38;2;48;52;51m.[38;2;46;51;51m.[38;2;52;51;51m.[38;2;51;55;57m.[38;2;52;54;63m.[38;2;57;60;65m.[38;2;57;60;73m.[38;2;49;59;71m.[38;2;44;62;86m.[38;2;52;62;78m.[38;2;6;13;62m [38;2;4;10;27m [38;2;0;0;10m [38;2;36;70;178m'[38;2;185;245;255mN[38;2;0;1;55m [38;2;33;74;179m'[38;2;180;220;242mK[38;2;47;58;99m.[38;2;81;94;120m;[38;2;72;89;123m;[38;2;82;102;118m;[38;2;75;101;108m;[38;2;85;104;119m:[38;2;23;45;128m.[38;2;138;152;182md[38;2;83;87;90m,[38;2;44;53;69m.[38;2;15;17;31m [38;2;1;4;3m [38;2;8;22;38m [38;2;7;23;40m [38;2;4;18;35m [38;2;0;2;17m [38;2;5;5;15m [38;2;0;0;16m [38;2;141;184;234mk[38;2;30;35;41m.[38;2;29;33;50m.[38;2;120;153;219md[38;2;57;70;120m'[38;2;51;62;119m'[38;2;22;41;96m.[38;2;3;8;52m [38;2;36;52;106m.[38;2;113;135;167ml[38;2;1;2;5m [38;2;9;25;45m [38;2;10;62;100m.[38;2;18;49;64m.[38;2;10;22;24m [38;2;12;41;47m.[38;2;8;39;44m.[38;2;10;33;36m [38;2;14;53;71m.[38;2;5;39;46m.[38;2;81;151;157ml[38;2;13;56;69m.[38;2;23;53;62m.[0m
[0m[38;2;20;52;58m.[38;2;9;51;63m.[38;2;5;39;32m [38;2;4;17;19m [38;2;7;37;48m.[38;2;69;124;144m:[38;2;52;105;112m;[38;2;3;12;15m [38;2;0;8;10m [38;2;18;50;52m.[38;2;7;27;30m [38;2;6;28;33m [38;2;50;85;153m,[38;2;138;168;213mx[38;2;65;72;74m'[38;2;0;1;0m [38;2;0;2;0m [38;2;5;62;74m.[38;2;11;53;70m.[38;2;2;18;19m [38;2;86;109;102m:[38;2;162;195;199mO[38;2;149;190;196mk[38;2;148;192;197mk[38;2;156;193;193mO[38;2;149;182;186mk[38;2;140;177;185mx[38;2;129;154;170md[38;2;116;128;140ml[38;2;105;139;139ml[38;2;112;153;172mo[38;2;112;135;169ml[38;2;88;110;147m:[38;2;40;79;148m'[38;2;39;95;206m;[38;2;83;137;229ml[38;2;40;74;179m,[38;2;104;144;234mo[38;2;69;83;158m;[38;2;95;133;229ml[38;2;121;182;244mk[38;2;124;174;239mx[38;2;114;176;240mx[38;2;127;172;234mx[38;2;129;167;228mx[38;2;27;40;159m.[38;2;131;157;193md[38;2;103;130;170ml[38;2;77;103;158m:[38;2;91;104;150m:[38;2;59;80;123m,[38;2;109;131;154ml[38;2;32;45;58m.[38;2;10;26;36m [38;2;0;6;18m [38;2;2;5;20m [38;2;5;11;39m [38;2;120;165;208md[38;2;97;110;161mc[38;2;69;89;201m;[38;2;130;190;254mk[38;2;54;93;226m;[38;2;46;90;223m;[38;2;55;108;233m:[38;2;79;118;183mc[38;2;124;161;228mx[38;2;7;14;57m [38;2;0;14;43m [38;2;15;22;64m [38;2;15;65;102m.[38;2;13;47;72m.[38;2;12;20;28m [38;2;10;54;68m.[38;2;14;56;69m.[38;2;0;1;1m [38;2;19;51;60m.[38;2;2;36;53m [38;2;92;152;161mo[38;2;8;36;58m.[38;2;15;49;61m.[0m
[0m[38;2;26;50;55m.[38;2;9;49;63m.[38;2;6;39;35m [38;2;8;22;24m [38;2;7;34;44m [38;2;73;141;156ml[38;2;42;97;92m,[38;2;4;17;19m [38;2;1;20;19m [38;2;4;23;22m [38;2;12;42;57m.[38;2;1;30;32m [38;2;6;4;8m [38;2;32;55;110m.[38;2;135;178;221mk[38;2;121;134;145ml[38;2;33;37;41m.[38;2;2;45;42m.[38;2;9;54;64m.[38;2;3;35;34m [38;2;2;14;15m [38;2;12;49;60m.[38;2;4;26;23m [38;2;7;22;19m [38;2;5;22;23m [38;2;3;23;23m [38;2;9;28;36m [38;2;15;41;57m.[38;2;13;44;69m.[38;2;6;40;68m.[38;2;13;39;55m.[38;2;11;34;82m.[38;2;4;19;70m [38;2;0;0;51m [38;2;39;89;226m;[38;2;145;174;239mk[38;2;89;127;236ml[38;2;57;127;252mc[38;2;51;124;233mc[38;2;6;104;242m;[38;2;5;151;250mc[38;2;4;125;250m:[38;2;1;126;253m:[38;2;0;114;246m;[38;2;1;92;241m,[38;2;22;80;237m,[38;2;128;142;205md[38;2;5;27;135m.[38;2;2;6;47m [38;2;0;4;29m [38;2;1;6;21m [38;2;51;66;111m'[38;2;179;183;211mO[38;2;4;13;23m [38;2;8;18;49m [38;2;7;15;35m [38;2;28;46;115m.[38;2;105;134;173ml[38;2;11;38;171m.[38;2;40;131;242mc[38;2;76;235;255mO[38;2;87;216;255mO[38;2;96;225;255mO[38;2;102;219;255mO[38;2;40;204;255mx[38;2;87;147;231mo[38;2;3;7;149m [38;2;0;8;90m [38;2;11;26;76m [38;2;12;56;109m.[38;2;9;50;70m.[38;2;16;23;30m [38;2;10;57;74m.[38;2;17;58;71m.[38;2;0;0;2m [38;2;24;53;55m.[38;2;30;66;87m.[38;2;54;99;112m,[38;2;8;44;54m.[38;2;9;48;52m.[0m
[0m[38;2;26;53;52m.[38;2;9;50;58m.[38;2;8;47;42m.[38;2;3;18;19m [38;2;5;35;47m [38;2;85;152;162ml[38;2;37;94;88m,[38;2;1;12;18m [38;2;7;46;52m.[38;2;6;45;54m.[38;2;11;51;62m.[38;2;7;30;35m [38;2;3;12;11m [38;2;3;8;10m [38;2;11;28;45m [38;2;60;94;138m;[38;2;137;171;205mx[38;2;120;144;166mo[38;2;79;96;96m;[38;2;16;43;46m.[38;2;7;34;47m [38;2;18;57;77m.[38;2;13;36;32m [38;2;19;34;35m.[38;2;23;43;40m.[38;2;22;38;36m.[38;2;0;9;8m [38;2;32;75;80m.[38;2;21;54;76m.[38;2;16;46;85m.[38;2;19;44;75m.[38;2;34;59;122m.[38;2;29;59;124m.[38;2;43;74;177m,[38;2;49;117;251mc[38;2;159;225;255mK[38;2;80;212;255mk[38;2;110;216;255mO[38;2;23;241;255mk[38;2;83;241;255m0[38;2;142;255;255mX[38;2;131;255;255mX[38;2;147;254;255mX[38;2;147;255;255mX[38;2;39;239;255mO[38;2;9;176;255mo[38;2;129;181;247mk[38;2;38;105;211m;[38;2;37;87;159m,[38;2;71;137;176mc[38;2;40;75;107m'[38;2;4;22;50m [38;2;180;199;235m0[38;2;7;14;48m [38;2;51;102;147m;[38;2;49;88;122m,[38;2;52;70;163m'[38;2;117;151;218md[38;2;37;135;253mc[38;2;50;218;255mk[38;2;116;255;255mK[38;2;242;255;255mM[38;2;232;255;255mW[38;2;189;255;255mN[38;2;25;233;255mk[38;2;76;206;255mk[38;2;3;17;190m.[38;2;0;6;106m [38;2;11;28;90m.[38;2;9;59;124m.[38;2;11;46;63m.[38;2;15;30;29m [38;2;9;51;70m.[38;2;8;54;71m.[38;2;0;1;0m [38;2;18;46;46m.[38;2;71;121;143m:[38;2;17;45;50m.[38;2;11;48;56m.[38;2;15;54;59m.[0m
[0m[38;2;20;43;50m.[38;2;28;76;97m'[38;2;50;105;94m;[38;2;2;16;14m [38;2;5;35;50m [38;2;81;151;163ml[38;2;33;95;95m,[38;2;12;26;27m [38;2;44;89;89m,[38;2;45;83;98m'[38;2;41;96;98m,[38;2;47;113;102m;[38;2;40;84;80m'[38;2;24;55;59m.[38;2;26;64;68m.[38;2;24;50;51m.[38;2;5;16;29m [38;2;34;70;97m.[38;2;80;112;148m:[38;2;104;130;159ml[38;2;84;125;154mc[38;2;74;110;140m:[38;2;98;126;140mc[38;2;99;139;151ml[38;2;113;148;156mo[38;2;116;153;159mo[38;2;107;123;129mc[38;2;115;139;159mo[38;2;124;147;165mo[38;2;113;139;159ml[38;2;125;142;170mo[38;2;111;141;189mo[38;2;57;117;193m:[38;2;52;98;207m;[38;2;56;145;255ml[38;2;136;236;255mK[38;2;75;240;255m0[38;2;255;255;255mM[38;2;42;255;255mO[38;2;77;255;255m0[38;2;255;255;255mM[38;2;219;255;255mW[38;2;220;255;255mW[38;2;233;255;255mW[38;2;74;255;255m0[38;2;9;214;255mx[38;2;92;175;254mx[38;2;61;142;250ml[38;2;20;68;160m'[38;2;72;152;198mo[38;2;54;101;133m;[38;2;2;11;58m [38;2;173;198;238m0[38;2;22;26;66m.[38;2;10;52;105m.[38;2;32;64;100m.[38;2;52;77;157m,[38;2;115;139;207mo[38;2;12;85;247m,[38;2;62;229;255mO[38;2;123;254;255mX[38;2;227;255;255mW[38;2;234;255;255mW[38;2;49;251;255mO[38;2;7;143;255mc[38;2;45;126;248mc[38;2;36;57;169m.[38;2;0;8;77m [38;2;18;34;84m.[38;2;11;58;104m.[38;2;15;38;58m.[38;2;15;31;35m [38;2;14;46;67m.[38;2;11;49;65m.[38;2;0;5;1m [38;2;21;64;64m.[38;2;61;107;115m;[38;2;6;30;36m [38;2;20;49;58m.[38;2;18;49;59m.[0m
[0m[38;2;36;71;79m.[38;2;85;173;184md[38;2;21;53;43m.[38;2;5;21;24m [38;2;3;36;48m [38;2;84;155;167mo[38;2;35;86;88m'[38;2;26;45;55m.[38;2;88;176;184md[38;2;77;152;156ml[38;2;62;156;150ml[38;2;63;160;162ml[38;2;72;163;157mo[38;2;19;51;56m.[38;2;7;42;59m.[38;2;9;46;55m.[38;2;0;23;25m [38;2;6;50;52m.[38;2;11;45;52m.[38;2;8;37;42m [38;2;19;51;77m.[38;2;27;60;93m.[38;2;57;103;146m;[38;2;40;105;140m;[38;2;42;75;118m'[38;2;36;83;120m'[38;2;33;61;86m.[38;2;15;64;98m.[38;2;10;44;78m.[38;2;3;35;53m [38;2;18;46;77m.[38;2;70;158;184mo[38;2;67;152;177ml[38;2;48;106;204m:[38;2;79;156;255mo[38;2;124;230;255m0[38;2;72;240;255m0[38;2;255;255;255mM[38;2;90;255;255mK[38;2;5;255;255mO[38;2;255;255;255mM[38;2;202;255;255mW[38;2;202;255;255mW[38;2;224;255;255mW[38;2;53;255;255m0[38;2;17;222;255mx[38;2;112;152;245md[38;2;10;54;227m.[38;2;64;132;193mc[38;2;19;50;106m.[38;2;45;76;99m'[38;2;1;6;45m [38;2;166;195;251m0[38;2;26;28;48m.[38;2;6;39;84m.[38;2;6;31;60m [38;2;37;56;115m.[38;2;103;122;177ml[38;2;74;109;201m:[38;2;53;120;242mc[38;2;40;170;252mo[38;2;53;178;255md[38;2;77;221;255mO[38;2;11;139;252mc[38;2;2;40;205m.[38;2;59;99;193m;[38;2;35;59;120m.[38;2;0;9;41m [38;2;13;36;62m.[38;2;18;50;102m.[38;2;9;36;60m.[38;2;22;34;35m.[38;2;1;37;45m [38;2;20;53;66m.[38;2;0;1;1m [38;2;81;144;148ml[38;2;17;46;51m.[38;2;10;48;52m.[38;2;25;43;55m.[38;2;15;42;57m.[0m
[0m[38;2;86;158;142mo[38;2;27;76;78m.[38;2;2;21;17m [38;2;6;20;32m [38;2;5;32;51m [38;2;83;150;165ml[38;2;41;90;85m'[38;2;24;42;59m.[38;2;81;166;171mo[38;2;66;148;154ml[38;2;61;148;150ml[38;2;64;147;158ml[38;2;69;154;154ml[38;2;65;143;145mc[38;2;12;48;54m.[38;2;7;46;51m.[38;2;0;25;29m [38;2;11;49;68m.[38;2;9;48;53m.[38;2;7;48;59m.[38;2;7;48;58m.[38;2;5;36;51m [38;2;54;116;122m;[38;2;91;174;180md[38;2;23;67;70m.[38;2;5;47;51m.[38;2;0;23;31m [38;2;7;50;67m.[38;2;6;51;69m.[38;2;7;51;71m.[38;2;6;44;77m.[38;2;27;71;113m.[38;2;64;124;182mc[38;2;29;82;172m,[38;2;84;168;251md[38;2;135;201;254mO[38;2;52;194;255mx[38;2;190;248;255mN[38;2;62;244;255mO[38;2;11;241;255mk[38;2;155;246;255mX[38;2;127;255;255mX[38;2;112;253;255mK[38;2;101;245;255mK[38;2;14;202;255md[38;2;37;181;255md[38;2;132;149;226md[38;2;16;61;181m.[38;2;25;73;134m'[38;2;35;71;131m'[38;2;58;103;133m;[38;2;0;3;28m [38;2;156;178;220mk[38;2;40;57;81m.[38;2;8;55;84m.[38;2;10;56;87m.[38;2;16;32;62m.[38;2;98;121;144mc[38;2;114;145;195mo[38;2;10;28;104m.[38;2;9;36;132m.[38;2;17;44;173m.[38;2;104;144;194mo[38;2;5;15;103m [38;2;1;1;54m [38;2;116;137;162mo[38;2;9;20;46m [38;2;1;3;8m [38;2;16;35;44m.[38;2;20;51;83m.[38;2;5;36;55m [38;2;16;33;33m [38;2;5;38;43m [38;2;16;52;63m.[38;2;20;33;26m [38;2;56;107;111m;[38;2;8;44;48m.[38;2;18;51;57m.[38;2;21;42;53m.[38;2;17;44;54m.[0m
[0m[38;2;37;76;67m.[38;2;7;44;60m.[38;2;5;27;23m [38;2;6;17;23m [38;2;4;34;49m [38;2;80;153;171ml[38;2;35;84;64m'[38;2;24;38;54m.[38;2;82;169;176mo[38;2;62;150;154ml[38;2;61;147;147mc[38;2;65;146;147ml[38;2;69;153;148ml[38;2;58;135;139mc[38;2;60;126;124m:[38;2;12;43;48m.[38;2;0;22;26m [38;2;6;52;64m.[38;2;7;47;52m.[38;2;8;47;55m.[38;2;7;42;48m.[38;2;10;39;50m.[38;2;5;28;37m [38;2;46;92;98m,[38;2;60;117;117m:[38;2;23;56;60m.[38;2;19;48;49m.[38;2;6;29;40m [38;2;15;50;60m.[38;2;18;51;62m.[38;2;21;55;73m.[38;2;21;52;73m.[38;2;32;68;94m.[38;2;12;26;93m.[38;2;125;169;229mx[38;2;134;148;213md[38;2;6;55;195m.[38;2;52;178;253md[38;2;37;154;253ml[38;2;46;152;250ml[38;2;12;93;237m,[38;2;18;128;242m:[38;2;22;133;243mc[38;2;15;112;238m;[38;2;1;45;212m.[38;2;71;146;251mo[38;2;128;134;172mo[38;2;6;46;122m.[38;2;14;62;124m.[38;2;8;57;103m.[38;2;27;61;98m.[38;2;0;6;13m [38;2;140;166;203mx[38;2;77;95;120m;[38;2;5;30;43m [38;2;9;37;51m.[38;2;1;11;20m [38;2;116;150;195md[38;2;106;147;187mo[38;2;13;18;26m [38;2;13;17;31m [38;2;93;118;138mc[38;2;29;38;64m.[38;2;1;3;10m [38;2;10;17;28m [38;2;137;168;187mx[38;2;1;0;1m [38;2;2;3;2m [38;2;17;34;39m.[38;2;13;52;77m.[38;2;12;34;40m [38;2;12;29;34m [38;2;9;44;52m.[38;2;14;46;55m.[38;2;13;28;24m [38;2;11;42;54m.[38;2;12;39;50m.[38;2;12;42;49m.[38;2;21;44;47m.[38;2;7;34;42m [0m
[0m[38;2;20;48;50m.[38;2;4;52;65m.[38;2;3;34;23m [38;2;7;17;19m [38;2;10;36;46m.[38;2;77;147;174ml[38;2;31;74;63m.[38;2;17;33;44m.[38;2;58;121;131m:[38;2;48;101;99m,[38;2;42;99;102m,[38;2;44;98;102m,[38;2;55;101;102m;[38;2;62;118;114m:[38;2;43;83;81m'[38;2;40;76;77m'[38;2;39;75;70m'[38;2;1;13;14m [38;2;8;40;49m.[38;2;4;38;55m.[38;2;8;41;45m.[38;2;6;42;47m.[38;2;26;58;56m.[38;2;19;60;61m.[38;2;21;62;63m.[38;2;20;67;75m.[38;2;50;110;105m;[38;2;1;20;15m [38;2;12;55;69m.[38;2;9;51;65m.[38;2;3;50;62m.[38;2;4;47;63m.[38;2;4;48;77m.[38;2;0;15;45m [38;2;127;158;227mx[38;2;119;128;144ml[38;2;0;1;30m [38;2;67;127;195mc[38;2;65;119;233mc[38;2;52;101;204m;[38;2;4;32;130m.[38;2;10;70;150m.[38;2;20;61;151m.[38;2;14;47;138m.[38;2;1;22;91m [38;2;93;151;236mo[38;2;125;129;133ml[38;2;4;22;58m [38;2;7;22;51m [38;2;3;20;32m [38;2;4;14;25m [38;2;0;0;3m [38;2;119;159;190md[38;2;99;113;133mc[38;2;5;28;44m [38;2;24;58;91m.[38;2;3;21;50m [38;2;103;131;152ml[38;2;100;132;151ml[38;2;76;93;97m;[38;2;62;62;78m'[38;2;120;163;201md[38;2;25;31;33m.[38;2;20;26;35m [38;2;130;140;153mo[38;2;34;44;46m.[38;2;0;5;0m [38;2;2;5;4m [38;2;17;39;36m.[38;2;11;51;74m.[38;2;16;33;37m [38;2;14;30;34m [38;2;12;37;43m.[38;2;11;32;31m [38;2;5;24;19m [38;2;12;47;54m.[38;2;14;39;49m.[38;2;13;30;35m [38;2;18;42;47m.[38;2;42;86;90m'[0m
[0m[38;2;19;43;44m.[38;2;3;43;51m.[38;2;2;33;30m [38;2;6;37;43m [38;2;4;27;42m [38;2;69;138;169mc[38;2;43;99;76m,[38;2;1;3;9m [38;2;11;28;38m [38;2;4;38;40m [38;2;8;50;61m.[38;2;20;58;65m.[38;2;25;66;73m.[38;2;23;74;83m.[38;2;25;69;76m.[38;2;38;85;98m'[38;2;95;185;179mx[38;2;0;6;8m [38;2;8;49;63m.[38;2;5;48;57m.[38;2;5;48;55m.[38;2;2;48;55m.[38;2;9;46;60m.[38;2;9;48;62m.[38;2;7;48;56m.[38;2;8;49;65m.[38;2;11;55;65m.[38;2;23;36;47m.[38;2;7;53;63m.[38;2;4;41;57m.[38;2;38;59;64m.[38;2;54;74;64m'[38;2;83;86;70m,[38;2;110;91;50m;[38;2;181;180;140mk[38;2;199;198;117mO[38;2;196;168;84mx[38;2;180;180;115mk[38;2;168;176;135mk[38;2;124;122;125ml[38;2;106;98;80m;[38;2;147;133;85ml[38;2;147;135;98mo[38;2;102;100;77m;[38;2;55;51;45m.[38;2;113;137;159ml[38;2;83;103;109m;[38;2;13;27;38m [38;2;6;20;34m [38;2;15;27;29m [38;2;7;21;25m [38;2;2;5;8m [38;2;97;134;182ml[38;2;113;128;146ml[38;2;2;29;101m.[38;2;24;60;138m.[38;2;7;30;103m.[38;2;21;45;73m.[38;2;149;173;195mk[38;2;68;74;77m'[38;2;35;42;48m.[38;2;136;161;174md[38;2;92;98;105m;[38;2;126;149;176mo[38;2;26;30;29m [38;2;1;5;2m [38;2;0;7;4m [38;2;0;3;6m [38;2;20;38;30m.[38;2;11;52;70m.[38;2;14;40;48m.[38;2;8;22;20m [38;2;14;21;23m [38;2;12;24;25m [38;2;14;33;30m [38;2;14;38;49m.[38;2;49;94;95m,[38;2;61;108;109m;[38;2;71;122;126m:[38;2;51;97;113m,[0m
[0m[38;2;24;50;54m.[38;2;8;50;66m.[38;2;5;48;53m.[38;2;5;46;59m.[38;2;4;27;43m [38;2;72;123;160mc[38;2;49;103;104m;[38;2;0;11;15m [38;2;5;48;65m.[38;2;6;44;57m.[38;2;2;46;54m.[38;2;2;45;54m.[38;2;3;45;56m.[38;2;6;48;54m.[38;2;0;48;53m.[38;2;2;35;48m [38;2;60;107;119m;[38;2;0;12;14m [38;2;3;52;56m.[38;2;4;47;56m.[38;2;5;49;59m.[38;2;5;48;56m.[38;2;10;46;59m.[38;2;8;47;62m.[38;2;7;50;59m.[38;2;9;50;70m.[38;2;5;50;57m.[38;2;36;58;62m.[38;2;43;64;72m.[38;2;160;134;67mo[38;2;204;175;96mk[38;2;216;181;67mk[38;2;244;206;79m0[38;2;243;199;75m0[38;2;232;183;62mO[38;2;209;182;88mk[38;2;251;228;90mX[38;2;255;242;100mN[38;2;255;229;88mX[38;2;255;237;99mN[38;2;255;242;90mN[38;2;253;222;98mX[38;2;253;220;99mX[38;2;246;218;98mK[38;2;246;209;115mK[38;2;226;183;68mO[38;2;200;159;64mx[38;2;159;141;69mo[38;2;140;109;65mc[38;2;119;110;70m:[38;2;108;114;83m:[38;2;103;96;75m;[38;2;128;150;176md[38;2;105;175;224mx[38;2;88;152;245mo[38;2;107;181;255mx[38;2;11;100;240m;[38;2;24;61;152m.[38;2;61;103;195m:[38;2;92;107;131m:[38;2;102;123;147mc[38;2;108;123;141mc[38;2;51;78;102m'[38;2;77;106;151m:[38;2;0;1;0m [38;2;0;7;0m [38;2;2;8;2m [38;2;2;0;5m [38;2;16;43;29m.[38;2;11;56;58m.[38;2;12;50;62m.[38;2;11;44;44m.[38;2;6;31;35m [38;2;27;58;61m.[38;2;43;68;72m.[38;2;38;81;92m'[38;2;37;76;86m'[38;2;13;46;55m.[38;2;6;40;46m.[38;2;10;38;51m.[0m
[0m[38;2;22;50;53m.[38;2;5;48;59m.[38;2;0;46;52m.[38;2;3;44;53m.[38;2;4;28;43m [38;2;63;115;158m:[38;2;56;118;116m:[38;2;0;5;13m [38;2;2;44;53m.[38;2;3;44;54m.[38;2;4;45;51m.[38;2;2;46;52m.[38;2;2;45;52m.[38;2;0;48;51m.[38;2;0;46;52m.[38;2;4;43;54m.[38;2;9;39;54m.[38;2;2;19;24m [38;2;6;56;62m.[38;2;5;50;56m.[38;2;4;46;50m.[38;2;1;36;45m [38;2;4;34;38m [38;2;2;30;32m [38;2;3;25;23m [38;2;8;23;21m [38;2;76;75;50m'[38;2;140;99;41m:[38;2;192;154;66md[38;2;176;109;24mc[38;2;149;108;39mc[38;2;162;115;38mc[38;2;182;131;51mo[38;2;147;98;21m:[38;2;174;131;43mo[38;2;152;104;52mc[38;2;153;99;32m:[38;2;182;136;56mo[38;2;218;159;61mx[38;2;225;177;57mk[38;2;238;196;51m0[38;2;255;216;80mK[38;2;255;230;91mX[38;2;255;235;91mX[38;2;255;245;93mN[38;2;255;240;90mN[38;2;255;243;98mN[38;2;255;240;99mN[38;2;253;222;96mX[38;2;255;236;96mX[38;2;255;248;133mN[38;2;255;251;139mW[38;2;255;245;149mN[38;2;168;216;239mK[38;2;224;254;255mW[38;2;225;255;255mW[38;2;10;176;255mo[38;2;21;80;195m,[38;2;108;154;203md[38;2;7;17;39m [38;2;25;42;69m.[38;2;92;114;146mc[38;2;7;30;39m [38;2;69;96;143m;[38;2;1;5;0m [38;2;0;6;6m [38;2;0;7;0m [38;2;0;5;1m [38;2;19;38;32m.[38;2;10;53;68m.[38;2;15;48;55m.[38;2;8;22;24m [38;2;13;28;33m [38;2;18;46;49m.[38;2;10;39;50m.[38;2;14;49;60m.[38;2;12;43;57m.[38;2;10;48;61m.[38;2;16;47;55m.[38;2;12;35;46m.[0m
[0m[38;2;20;49;52m.[38;2;4;47;59m.[38;2;2;46;53m.[38;2;3;45;53m.[38;2;3;22;39m [38;2;65;113;165m:[38;2;60;133;120m:[38;2;1;12;20m [38;2;4;48;66m.[38;2;5;49;61m.[38;2;3;51;54m.[38;2;4;48;59m.[38;2;7;43;49m.[38;2;4;35;47m [38;2;4;36;39m [38;2;0;29;31m [38;2;4;26;39m [38;2;0;10;13m [38;2;4;18;18m [38;2;2;12;10m [38;2;7;12;11m [38;2;46;44;48m.[38;2;38;38;41m.[38;2;34;37;39m.[38;2;51;52;51m.[38;2;98;82;68m,[38;2;137;86;27m;[38;2;132;98;30m:[38;2;101;81;30m,[38;2;140;105;39m:[38;2;92;70;30m'[38;2;13;16;24m [38;2;11;20;23m [38;2;85;63;32m'[38;2;171;129;49ml[38;2;198;152;69md[38;2;179;120;33ml[38;2;133;94;37m:[38;2;106;78;40m,[38;2;86;65;35m'[38;2;115;81;33m,[38;2;151;113;45mc[38;2;137;107;52m:[38;2;207;153;69mx[38;2;255;222;81mX[38;2;255;210;67mK[38;2;255;231;82mX[38;2;255;241;91mN[38;2;255;242;105mN[38;2;255;242;107mN[38;2;255;240;111mN[38;2;255;245;122mN[38;2;255;243;127mN[38;2;255;248;155mW[38;2;255;227;159mN[38;2;255;253;213mW[38;2;171;193;167mO[38;2;121;120;115mc[38;2;129;140;133mo[38;2;31;49;58m.[38;2;21;31;32m [38;2;147;164;172mx[38;2;12;21;29m [38;2;64;92;150m;[38;2;0;5;0m [38;2;6;5;4m [38;2;0;6;4m [38;2;0;5;0m [38;2;20;40;32m.[38;2;13;55;72m.[38;2;8;29;31m [38;2;19;34;32m.[38;2;6;20;25m [38;2;4;23;22m [38;2;8;24;29m [38;2;13;32;38m [38;2;13;40;51m.[38;2;7;40;58m.[38;2;14;47;60m.[38;2;8;24;46m [0m
[0m[38;2;21;53;61m.[38;2;5;50;58m.[38;2;2;40;53m.[38;2;3;46;57m.[38;2;2;28;40m [38;2;54;94;152m;[38;2;58;135;125mc[38;2;0;13;14m [38;2;3;27;37m [38;2;3;25;25m [38;2;0;17;19m [38;2;2;14;10m [38;2;0;8;4m [38;2;0;3;2m [38;2;0;7;0m [38;2;0;4;0m [38;2;4;25;34m [38;2;4;28;39m [38;2;5;35;46m [38;2;3;24;22m [38;2;106;122;134mc[38;2;206;213;223mK[38;2;183;206;213m0[38;2;165;201;211mO[38;2;207;221;228mX[38;2;184;207;210m0[38;2;101;116;136mc[38;2;60;100;105m;[38;2;24;52;57m.[38;2;38;80;89m'[38;2;52;82;80m'[38;2;49;96;131m,[38;2;94;112;127m:[38;2;140;119;53mc[38;2;177;123;47ml[38;2;195;141;40md[38;2;88;61;22m'[38;2;82;126;148mc[38;2;105;118;129mc[38;2;64;57;35m.[38;2;159;125;64ml[38;2;66;53;36m.[38;2;156;121;58ml[38;2;244;211;102mK[38;2;255;211;69mK[38;2;255;204;71mK[38;2;255;232;88mX[38;2;255;241;95mN[38;2;255;240;99mN[38;2;255;241;91mN[38;2;255;241;94mN[38;2;255;241;100mN[38;2;255;241;99mN[38;2;255;243;97mN[38;2;255;234;100mX[38;2;251;196;81m0[38;2;255;246;93mN[38;2;255;251;91mN[38;2;248;220;94mK[38;2;52;41;37m.[38;2;16;33;36m [38;2;171;202;204m0[38;2;25;22;25m [38;2;69;101;134m;[38;2;1;5;0m [38;2;2;5;1m [38;2;1;7;1m [38;2;1;5;5m [38;2;20;45;46m.[38;2;16;55;64m.[38;2;1;5;9m [38;2;17;48;45m.[38;2;14;53;72m.[38;2;10;45;57m.[38;2;9;26;37m [38;2;1;15;20m [38;2;6;25;28m [38;2;14;38;43m.[38;2;23;46;48m.[38;2;20;41;41m.[0m
[0m[38;2;14;32;36m [38;2;5;24;30m [38;2;13;21;22m [38;2;2;15;32m [38;2;13;33;42m [38;2;53;80;142m,[38;2;68;151;141ml[38;2;0;13;4m [38;2;0;7;3m [38;2;17;22;19m [38;2;6;18;27m [38;2;15;29;27m [38;2;0;7;2m [38;2;3;6;3m [38;2;0;9;2m [38;2;2;6;0m [38;2;11;33;43m [38;2;10;47;58m.[38;2;13;53;59m.[38;2;11;37;43m.[38;2;10;25;26m [38;2;15;39;60m.[38;2;14;35;42m.[38;2;8;38;50m.[38;2;20;52;71m.[38;2;18;48;59m.[38;2;83;95;70m;[38;2;157;123;69ml[38;2;129;96;80m:[38;2;90;95;68m;[38;2;70;60;47m.[38;2;49;85;119m,[38;2;119;141;195mo[38;2;64;85;132m,[38;2;101;90;73m;[38;2;151;139;124mo[38;2;63;83;113m,[38;2;119;164;201md[38;2;124;128;128ml[38;2;143;121;65mc[38;2;155;100;19m:[38;2;114;85;32m;[38;2;135;96;44m:[38;2;238;187;76mO[38;2;255;219;82mK[38;2;255;189;71m0[38;2;255;225;86mX[38;2;255;240;87mN[38;2;255;239;98mN[38;2;255;242;91mN[38;2;255;240;93mN[38;2;255;237;87mX[38;2;255;237;96mN[38;2;255;238;90mN[38;2;255;239;94mN[38;2;253;204;67m0[38;2;255;236;97mX[38;2;255;238;85mX[38;2;255;251;109mN[38;2;140;106;60mc[38;2;5;25;30m [38;2;173;189;192mO[38;2;65;77;96m,[38;2;65;91;113m,[38;2;2;5;0m [38;2;2;9;8m [38;2;14;10;2m [38;2;3;11;7m [38;2;15;51;57m.[38;2;17;44;53m.[38;2;3;6;0m [38;2;18;48;53m.[38;2;9;36;52m.[38;2;20;49;66m.[38;2;19;51;72m.[38;2;21;54;69m.[38;2;0;8;14m [38;2;3;12;7m [38;2;5;16;16m [38;2;0;7;4m [0m
