[0m[38;2;20;52;46m.[38;2;11;48;42m.[38;2;14;43;33m.[38;2;1;14;9m [38;2;8;41;44m.[38;2;7;28;31m [38;2;80;149;148ml[38;2;17;42;35m.[38;2;1;4;1m [38;2;3;10;1m [38;2;6;9;9m [38;2;5;22;11m [38;2;5;26;25m [38;2;5;12;17m [38;2;130;169;195mx[38;2;97;111;124m:[38;2;3;9;12m [38;2;9;48;65m.[38;2;13;47;74m.[38;2;10;49;77m.[38;2;12;50;97m.[38;2;12;54;105m.[38;2;8;57;126m.[38;2;20;53;142m.[38;2;18;65;161m.[38;2;8;65;192m.[38;2;65;179;241md[38;2;16;79;233m,[38;2;41;147;251ml[38;2;53;179;255md[38;2;73;213;255mk[38;2;61;244;255mO[38;2;90;255;255mK[38;2;101;255;255mK[38;2;86;255;255mK[38;2;143;255;255mX[38;2;24;215;255mx[38;2;67;170;255md[38;2;53;124;223mc[38;2;8;51;138m.[38;2;17;34;113m.[38;2;23;64;168m.[38;2;152;163;215mx[38;2;4;52;183m.[38;2;6;128;254m:[38;2;100;255;255mK[38;2;121;207;255mO[38;2;94;244;255m0[38;2;104;252;255mK[38;2;77;219;255mO[38;2;47;182;255md[38;2;14;150;254mc[38;2;7;86;237m,[38;2;6;82;226m,[38;2;13;65;223m'[38;2;5;51;168m.[38;2;20;56;154m.[38;2;4;20;68m [38;2;60;109;177m:[38;2;12;34;66m.[38;2;4;28;54m [38;2;12;35;46m.[38;2;13;35;50m.[38;2;12;51;69m.[38;2;7;44;54m.[38;2;18;40;57m.[38;2;6;37;42m [38;2;16;52;58m.[38;2;9;48;57m.[38;2;18;55;63m.[38;2;5;29;39m [38;2;14;48;56m.[38;2;11;47;48m.[38;2;1;3;1m [38;2;13;34;31m [38;2;7;42;44m.[38;2;14;40;41m.[38;2;10;37;31m [38;2;18;46;45m.[38;2;6;47;40m.[0m
[0m[38;2;26;47;46m.[38;2;11;43;45m.[38;2;8;37;27m [38;2;0;14;12m [38;2;5;37;42m [38;2;2;32;30m [38;2;75;147;151ml[38;2;10;30;25m [38;2;0;5;4m [38;2;0;8;0m [38;2;0;2;1m [38;2;0;1;0m [38;2;0;3;0m [38;2;24;41;58m.[38;2;197;226;238mX[38;2;11;14;19m [38;2;4;11;12m [38;2;1;18;18m [38;2;4;22;26m [38;2;3;26;38m [38;2;3;30;52m [38;2;7;36;69m.[38;2;10;43;81m.[38;2;11;48;95m.[38;2;10;50;113m.[38;2;14;47;119m.[38;2;37;92;157m,[38;2;21;34;131m.[38;2;15;60;182m.[38;2;12;67;200m'[38;2;11;77;221m'[38;2;10;104;240m;[38;2;15;123;247m:[38;2;30;159;255ml[38;2;50;185;255md[38;2;89;232;255m0[38;2;13;176;252mo[38;2;63;147;252mo[38;2;84;160;231md[38;2;14;59;131m.[38;2;2;26;113m [38;2;32;64;193m'[38;2;133;156;206md[38;2;11;52;203m.[38;2;8;139;255mc[38;2;112;255;255mK[38;2;103;206;255mO[38;2;73;248;255m0[38;2;110;255;255mK[38;2;110;255;255mK[38;2;133;255;255mX[38;2;76;255;255m0[38;2;66;237;255mO[38;2;70;212;255mk[38;2;44;171;255mo[38;2;14;117;246m:[38;2;6;71;225m'[38;2;4;25;141m.[38;2;81;143;223mo[38;2;10;38;83m.[38;2;8;28;75m [38;2;8;37;55m.[38;2;55;77;92m'[38;2;56;62;65m.[38;2;58;76;83m'[38;2;54;66;78m'[38;2;49;66;77m.[38;2;31;62;68m.[38;2;14;53;61m.[38;2;10;45;58m.[38;2;0;25;26m [38;2;14;44;48m.[38;2;12;33;37m [38;2;0;4;2m [38;2;12;35;35m [38;2;6;31;35m [38;2;8;34;39m [38;2;7;37;33m [38;2;10;40;48m.[38;2;9;41;42m.[0m
[0m[38;2;21;49;51m.[38;2;16;42;52m.[38;2;14;34;33m [38;2;3;11;13m [38;2;10;39;51m.[38;2;2;29;35m [38;2;80;148;147ml[38;2;2;22;24m [38;2;2;26;23m [38;2;6;21;24m [38;2;7;20;19m [38;2;7;26;32m [38;2;0;1;5m [38;2;145;177;196mk[38;2;96;112;124m:[38;2;3;23;35m [38;2;6;30;37m [38;2;0;3;0m [38;2;0;4;0m [38;2;0;4;3m [38;2;1;3;6m [38;2;1;1;11m [38;2;3;7;17m [38;2;6;14;25m [38;2;6;22;47m [38;2;14;26;72m [38;2;12;40;88m.[38;2;5;17;64m [38;2;23;50;127m.[38;2;15;60;132m.[38;2;22;58;155m.[38;2;12;61;165m.[38;2;14;59;176m.[38;2;11;63;182m.[38;2;9;51;201m.[38;2;46;132;220mc[38;2;36;62;164m'[38;2;28;59;172m.[38;2;41;96;178m;[38;2;35;87;155m,[38;2;17;34;104m.[38;2;37;84;190m,[38;2;101;133;184ml[38;2;11;51;205m.[38;2;10;138;255mc[38;2;132;255;255mX[38;2;106;219;255mO[38;2;77;249;255m0[38;2;91;255;255mK[38;2;99;255;255mK[38;2;97;255;255mK[38;2;98;255;255mK[38;2;91;255;255mK[38;2;94;255;255mK[38;2;122;255;255mX[38;2;123;255;255mX[38;2;8;129;255m:[38;2;21;70;210m'[38;2;109;172;251mx[38;2;7;32;70m.[38;2;9;29;89m.[38;2;5;28;53m [38;2;66;93;105m,[38;2;69;92;103m,[38;2;72;95;108m;[38;2;70;88;102m,[38;2;72;92;98m,[38;2;45;75;87m'[38;2;83;103;112m;[38;2;56;81;110m,[38;2;4;25;26m [38;2;9;24;26m [38;2;4;15;14m [38;2;7;34;43m [38;2;13;50;59m.[38;2;12;30;33m [38;2;21;45;49m.[38;2;8;31;22m [38;2;11;42;50m.[38;2;10;41;49m.[0m
[0m[38;2;18;54;54m.[38;2;17;46;57m.[38;2;8;38;33m [38;2;5;14;19m [38;2;18;41;49m.[38;2;2;24;41m [38;2;80;147;148ml[38;2;13;36;46m.[38;2;1;6;6m [38;2;10;34;43m [38;2;1;18;16m [38;2;12;26;29m [38;2;78;97;130m;[38;2;201;217;229mK[38;2;3;14;25m [38;2;9;43;57m.[38;2;7;29;47m [38;2;7;35;53m [38;2;6;37;59m.[38;2;12;24;42m [38;2;9;15;17m [38;2;42;50;54m.[38;2;40;46;59m.[38;2;37;42;55m.[38;2;40;43;61m.[38;2;42;46;68m.[38;2;37;46;64m.[38;2;37;42;74m.[38;2;23;33;69m.[38;2;34;47;100m.[38;2;25;36;90m.[38;2;8;27;90m [38;2;9;34;102m.[38;2;17;36;123m.[38;2;16;42;137m.[38;2;20;67;154m.[38;2;24;49;103m.[38;2;18;52;134m.[38;2;16;54;127m.[38;2;7;56;105m.[38;2;1;8;64m [38;2;76;118;209mc[38;2;86;114;172mc[38;2;38;86;201m,[38;2;39;143;251ml[38;2;63;168;244md[38;2;152;238;255mK[38;2;78;249;255m0[38;2;94;255;255mK[38;2;83;255;255mK[38;2;76;255;255m0[38;2;95;255;255mK[38;2;82;255;255mK[38;2;66;255;255m0[38;2;89;255;255mK[38;2;119;255;255mK[38;2;4;140;255mc[38;2;59;141;250ml[38;2;105;163;243md[38;2;4;23;72m [38;2;15;37;87m.[38;2;6;43;74m.[38;2;6;35;77m.[38;2;4;31;61m [38;2;21;45;72m.[38;2;14;34;57m.[38;2;11;42;49m.[38;2;13;48;59m.[38;2;11;29;40m [38;2;107;119;150mc[38;2;23;31;46m.[38;2;11;23;24m [38;2;15;43;57m.[38;2;13;55;58m.[38;2;10;37;43m.[38;2;1;3;5m [38;2;47;70;60m.[38;2;28;55;53m.[38;2;23;41;42m.[38;2;9;39;46m.[0m
[0m[38;2;22;50;51m.[38;2;11;45;53m.[38;2;9;34;28m [38;2;8;18;19m [38;2;12;42;47m.[38;2;3;26;41m [38;2;81;152;158ml[38;2;18;35;42m.[38;2;10;37;41m.[38;2;3;18;25m [38;2;6;23;25m [38;2;21;36;63m.[38;2;214;231;251mN[38;2;51;60;71m.[38;2;3;36;49m [38;2;10;45;67m.[38;2;4;24;31m [38;2;8;42;69m.[38;2;14;50;86m.[38;2;6;16;26m [38;2;68;87;86m,[38;2;160;198;210mO[38;2;151;180;204mk[38;2;136;175;198mx[38;2;141;173;206mx[38;2;143;176;212mk[38;2;129;157;194md[38;2;145;148;197md[38;2;96;125;175ml[38;2;107;152;207mo[38;2;107;133;177ml[38;2;117;135;160ml[38;2;51;78;135m,[38;2;85;93;132m;[38;2;24;27;73m.[38;2;1;12;65m [38;2;0;10;65m [38;2;9;29;88m.[38;2;10;34;104m.[38;2;14;32;76m.[38;2;4;15;101m [38;2;114;158;236md[38;2;57;77;143m,[38;2;8;44;142m.[38;2;64;119;228mc[38;2;8;35;164m.[38;2;204;254;255mW[38;2;0;91;230m,[38;2;36;165;255mo[38;2;49;200;255mx[38;2;63;227;255mO[38;2;76;235;255mO[38;2;87;255;255mK[38;2;92;255;255mK[38;2;85;255;255mK[38;2;118;255;255mK[38;2;1;134;255m:[38;2;16;77;239m,[38;2;115;162;236md[38;2;11;33;97m.[38;2;51;93;137m,[38;2;25;53;95m.[38;2;16;40;87m.[38;2;52;97;117m,[38;2;20;42;58m.[38;2;10;23;36m [38;2;16;38;49m.[38;2;13;40;48m.[38;2;15;35;45m.[38;2;40;49;85m.[38;2;75;94;116m;[38;2;14;42;54m.[38;2;20;47;70m.[38;2;18;41;45m.[38;2;30;42;44m.[38;2;42;59;55m.[38;2;26;53;56m.[38;2;16;44;58m.[38;2;17;46;52m.[38;2;14;37;38m.[0m
[0m[38;2;20;49;55m.[38;2;13;44;64m.[38;2;6;28;35m [38;2;6;21;17m [38;2;9;43;50m.[38;2;3;27;31m [38;2;83;153;158ml[38;2;8;15;17m [38;2;33;74;78m.[38;2;34;63;77m.[38;2;20;28;49m [38;2;127;159;192md[38;2;118;128;149ml[38;2;23;42;51m.[38;2;22;52;64m.[38;2;29;61;83m.[38;2;3;15;26m [38;2;13;48;71m.[38;2;8;40;78m.[38;2;10;28;51m [38;2;4;15;25m [38;2;21;47;62m.[38;2;12;31;69m.[38;2;13;28;54m [38;2;12;29;69m [38;2;13;31;98m.[38;2;13;29;106m.[38;2;31;55;163m.[38;2;15;56;153m.[38;2;11;30;147m.[38;2;16;47;176m.[38;2;21;59;197m.[38;2;27;65;182m'[38;2;103;127;204ml[38;2;183;206;238mK[38;2;93;100;142m:[38;2;4;11;84m [38;2;1;19;97m [38;2;0;17;71m [38;2;1;6;28m [38;2;10;21;112m [38;2;142;184;249mk[38;2;7;15;42m [38;2;2;14;56m [38;2;20;35;100m.[38;2;10;40;147m.[38;2;205;255;255mW[38;2;7;14;110m [38;2;17;56;189m.[38;2;15;66;222m'[38;2;30;109;230m:[38;2;2;77;233m'[38;2;17;143;251mc[38;2;36;167;255mo[38;2;51;183;255md[38;2;86;205;255mk[38;2;6;76;243m'[38;2;14;58;189m.[38;2;110;151;214md[38;2;20;39;100m.[38;2;55;83;115m,[38;2;57;106;149m;[38;2;8;32;72m.[38;2;31;69;98m.[38;2;14;45;64m.[38;2;12;27;31m [38;2;11;32;52m [38;2;18;43;60m.[38;2;2;17;21m [38;2;30;42;90m.[38;2;62;74;121m,[38;2;32;36;31m.[38;2;58;72;61m'[38;2;64;55;44m.[38;2;58;57;57m.[38;2;55;53;45m.[38;2;57;65;54m.[38;2;42;51;54m.[38;2;3;32;42m [38;2;10;39;51m.[0m
[0m[38;2;26;48;51m.[38;2;12;50;55m.[38;2;5;23;27m [38;2;8;21;20m [38;2;8;43;51m.[38;2;4;28;36m [38;2;88;152;166mo[38;2;0;3;5m [38;2;10;42;53m.[38;2;6;33;37m [38;2;31;47;110m.[38;2;176;199;219m0[38;2;5;7;15m [38;2;53;116;126m;[38;2;63;122;139m:[38;2;70;130;159mc[38;2;14;37;33m.[38;2;52;80;109m'[38;2;28;57;87m.[38;2;36;59;98m.[38;2;28;59;90m.[38;2;30;63;106m.[38;2;23;48;92m.[38;2;21;51;99m.[38;2;21;38;113m.[38;2;14;34;163m.[38;2;1;42;191m.[38;2;11;118;250m:[38;2;6;139;255mc[38;2;2;121;245m:[38;2;7;110;249m;[38;2;4;115;244m;[38;2;5;107;246m;[38;2;0;41;208m.[38;2;28;75;237m,[38;2;189;225;255mX[38;2;42;76;172m,[38;2;12;60;185m.[38;2;6;23;112m [38;2;8;18;82m [38;2;23;44;146m.[38;2;153;211;255m0[38;2;3;7;24m [38;2;13;48;105m.[38;2;6;11;63m [38;2;16;47;145m.[38;2;210;249;255mW[38;2;0;0;10m [38;2;1;8;53m [38;2;4;14;76m [38;2;1;19;90m [38;2;7;24;117m.[38;2;10;44;141m.[38;2;8;48;167m.[38;2;8;50;165m.[38;2;8;59;173m.[38;2;8;28;121m.[38;2;32;66;121m.[38;2;91;116;174mc[38;2;30;45;95m.[38;2;49;73;92m'[38;2;60;112;138m:[38;2;8;22;59m [38;2;87;88;79m,[38;2;103;109;79m:[38;2;102;102;67m;[38;2;118;111;75m:[38;2;154;141;93mo[38;2;155;148;84mo[38;2;184;157;82md[38;2;208;192;117mO[38;2;231;204;80m0[38;2;255;237;111mN[38;2;248;220;94mK[38;2;232;196;76m0[38;2;254;214;84mK[38;2;255;230;95mX[38;2;241;212;81mK[38;2;149;119;44mc[38;2;131;124;66mc[0m
[0m[38;2;25;46;49m.[38;2;9;43;61m.[38;2;6;27;24m [38;2;5;23;25m [38;2;8;45;44m.[38;2;1;28;37m [38;2;89;160;162mo[38;2;0;4;4m [38;2;8;44;58m.[38;2;6;24;43m [38;2;102;141;201mo[38;2;77;87;99m,[38;2;4;29;40m [38;2;21;47;61m.[38;2;72;150;163ml[38;2;77;137;179ml[38;2;15;33;36m [38;2;56;101;132m;[38;2;5;39;77m.[38;2;13;45;91m.[38;2;12;43;97m.[38;2;8;43;96m.[38;2;7;52;109m.[38;2;68;144;210ml[38;2;71;146;230ml[38;2;68;163;251mo[38;2;17;157;255ml[38;2;112;239;255mK[38;2;121;246;255mK[38;2;119;250;255mK[38;2;90;241;255m0[38;2;87;240;255m0[38;2;62;224;255mk[38;2;47;192;255md[38;2;27;156;255ml[38;2;101;216;255mO[38;2;116;144;230md[38;2;8;58;218m.[38;2;6;28;143m.[38;2;9;22;109m [38;2;44;89;189m;[38;2;167;220;250mK[38;2;0;11;46m [38;2;26;59;121m.[38;2;3;19;62m [38;2;9;31;111m.[38;2;194;243;255mN[38;2;1;3;10m [38;2;2;20;41m [38;2;15;32;89m.[38;2;9;31;73m [38;2;6;21;61m [38;2;0;9;45m [38;2;1;6;31m [38;2;1;1;32m [38;2;3;13;38m [38;2;1;7;24m [38;2;6;19;38m [38;2;96;116;166mc[38;2;8;26;51m [38;2;42;52;65m.[38;2;119;112;89mc[38;2;203;186;127mO[38;2;228;191;90mO[38;2;214;184;81mO[38;2;239;206;81m0[38;2;251;231;100mX[38;2;255;240;116mN[38;2;255;236;112mN[38;2;255;236;96mX[38;2;255;227;100mX[38;2;255;222;87mX[38;2;255;223;85mX[38;2;255;221;83mX[38;2;255;223;82mX[38;2;255;223;84mX[38;2;255;224;81mX[38;2;255;225;79mX[38;2;255;232;82mX[38;2;255;232;88mX[0m
[0m[38;2;27;51;49m.[38;2;15;44;56m.[38;2;8;27;24m [38;2;10;25;28m [38;2;7;45;51m.[38;2;2;25;38m [38;2;87;159;162mo[38;2;0;6;10m [38;2;13;44;52m.[38;2;23;38;68m.[38;2;138;186;236mk[38;2;5;18;17m [38;2;9;44;57m.[38;2;2;29;37m [38;2;57;115;126m:[38;2;69;141;153mc[38;2;17;24;31m [38;2;89;164;187mo[38;2;7;33;66m.[38;2;6;44;76m.[38;2;12;50;101m.[38;2;7;57;111m.[38;2;10;39;122m.[38;2;43;112;203m:[38;2;75;161;249md[38;2;63;180;255md[38;2;2;203;255md[38;2;148;255;255mX[38;2;170;255;255mN[38;2;170;255;255mN[38;2;160;255;255mN[38;2;164;255;255mN[38;2;170;255;255mN[38;2;169;255;255mN[38;2;208;255;255mW[38;2;70;248;255m0[38;2;89;180;254mx[38;2;11;83;241m,[38;2;28;88;210m,[38;2;5;29;130m.[38;2;66;132;235ml[38;2;155;178;207mk[38;2;10;23;59m [38;2;21;51;104m.[38;2;9;21;50m [38;2;7;30;89m.[38;2;183;223;253mK[38;2;0;2;3m [38;2;8;28;60m [38;2;20;51;97m.[38;2;8;31;59m [38;2;11;34;53m.[38;2;20;32;44m.[38;2;101;130;136ml[38;2;93;117;127mc[38;2;93;115;118m:[38;2;85;103;106m;[38;2;40;63;72m.[38;2;121;119;128mc[38;2;176;161;97mx[38;2;209;176;106mk[38;2;207;173;69mk[38;2;182;145;57md[38;2;178;130;36mo[38;2;110;85;38m,[38;2;165;98;28m:[38;2;174;117;42ml[38;2;183;130;50mo[38;2;181;145;63md[38;2;125;90;42m;[38;2;238;192;80m0[38;2;255;233;93mX[38;2;255;223;81mX[38;2;255;224;81mX[38;2;255;225;81mX[38;2;255;224;80mX[38;2;255;224;79mX[38;2;255;225;79mX[38;2;255;224;79mX[38;2;255;221;77mX[0m
[0m[38;2;22;39;42m.[38;2;14;36;51m.[38;2;8;21;21m [38;2;7;25;25m [38;2;8;45;50m.[38;2;1;29;35m [38;2;91;151;156mo[38;2;0;13;15m [38;2;6;37;36m [38;2;30;51;100m.[38;2;151;208;239m0[38;2;1;20;17m [38;2;8;45;51m.[38;2;6;43;52m.[38;2;20;49;64m.[38;2;84;145;167ml[38;2;21;34;40m.[38;2;84;167;172mo[38;2;41;78;110m'[38;2;4;40;77m.[38;2;23;48;103m.[38;2;13;54;130m.[38;2;17;53;124m.[38;2;26;72;183m'[38;2;71;180;254md[38;2;56;190;255mx[38;2;0;215;255md[38;2;183;255;255mN[38;2;173;255;255mN[38;2;169;255;255mN[38;2;169;255;255mN[38;2;162;255;255mN[38;2;152;255;255mX[38;2;153;255;255mX[38;2;205;255;255mW[38;2;101;251;255mK[38;2;52;211;255mk[38;2;40;125;248mc[38;2;15;61;208m'[38;2;5;42;157m.[38;2;142;198;252mO[38;2;122;138;157mo[38;2;49;103;152m;[38;2;80;140;180ml[38;2;2;4;24m [38;2;10;34;89m.[38;2;176;222;247mK[38;2;8;17;25m [38;2;12;34;72m.[38;2;12;49;80m.[38;2;8;24;40m [38;2;16;45;57m.[38;2;9;20;37m [38;2;10;29;34m [38;2;4;13;14m [38;2;1;10;15m [38;2;23;30;43m.[38;2;118;97;74m:[38;2;250;240;156mN[38;2;223;180;61mk[38;2;146;87;22m;[38;2;167;120;57ml[38;2;190;131;46mo[38;2;196;128;38mo[38;2;201;142;43md[38;2;126;94;41m;[38;2;156;108;42mc[38;2;186;127;44mo[38;2;189;126;39mo[38;2;81;61;34m.[38;2;209;171;83mk[38;2;255;242;94mN[38;2;255;224;82mX[38;2;255;226;79mX[38;2;255;224;79mX[38;2;255;223;79mX[38;2;255;224;79mX[38;2;255;224;79mX[38;2;255;225;79mX[38;2;255;221;78mX[0m
[0m[38;2;37;73;67m.[38;2;31;68;74m.[38;2;37;71;74m.[38;2;11;26;27m [38;2;9;47;50m.[38;2;2;32;36m [38;2;85;146;158ml[38;2;4;17;20m [38;2;25;59;59m.[38;2;30;51;102m.[38;2;158;187;206mO[38;2;26;45;49m.[38;2;27;61;71m.[38;2;26;65;76m.[38;2;28;60;68m.[38;2;64;114;125m:[38;2;38;62;67m.[38;2;54;110;118m;[38;2;80;143;169ml[38;2;25;52;95m.[38;2;21;55;101m.[38;2;17;57;121m.[38;2;8;51;129m.[38;2;15;52;168m.[38;2;57;159;247mo[38;2;68;195;255mx[38;2;0;220;255mx[38;2;215;255;255mW[38;2;194;255;255mN[38;2;180;255;255mN[38;2;172;255;255mN[38;2;172;255;255mN[38;2;165;255;255mN[38;2;150;255;255mX[38;2;187;255;255mN[38;2;72;243;255m0[38;2;81;192;255mx[38;2;63;172;252md[38;2;38;96;209m;[38;2;26;68;187m'[38;2;246;255;255mM[38;2;39;68;119m'[38;2;8;39;103m.[38;2;77;154;194mo[38;2;0;11;26m [38;2;4;29;85m [38;2;150;192;222mO[38;2;0;20;27m [38;2;9;35;81m.[38;2;7;35;67m.[38;2;7;20;39m [38;2;31;61;91m.[38;2;19;49;80m.[38;2;53;89;98m,[38;2;73;111;121m:[38;2;76;70;74m'[38;2;202;187;143mO[38;2;193;167;72mx[38;2;163;139;73mo[38;2;117;91;56m;[38;2;125;108;78m:[38;2;130;98;72m:[38;2;143;107;97mc[38;2;115;95;85m:[38;2;60;43;36m.[38;2;40;31;37m.[38;2;242;185;78mO[38;2;199;131;39mo[38;2;114;95;49m;[38;2;54;49;31m.[38;2;89;62;35m'[38;2;255;247;113mN[38;2;255;224;83mX[38;2;255;225;82mX[38;2;255;223;81mX[38;2;255;222;81mX[38;2;255;222;80mX[38;2;255;223;79mX[38;2;255;224;79mX[38;2;255;224;80mX[0m
[0m[38;2;19;52;52m.[38;2;13;46;56m.[38;2;14;44;53m.[38;2;3;19;32m [38;2;12;46;50m.[38;2;4;32;35m [38;2;81;139;151ml[38;2;0;9;19m [38;2;6;40;46m.[38;2;26;39;79m.[38;2;199;236;241mX[38;2;0;10;10m [38;2;1;31;41m [38;2;52;99;107m,[38;2;18;50;58m.[38;2;16;44;58m.[38;2;64;121;140m:[38;2;4;14;27m [38;2;35;77;94m'[38;2;34;84;106m'[38;2;38;76;115m'[38;2;38;75;135m'[38;2;37;83;128m'[38;2;34;73;162m'[38;2;38;109;209m:[38;2;42;129;245mc[38;2;31;196;255md[38;2;105;219;255mO[38;2;98;246;255m0[38;2;104;248;255mK[38;2;129;254;255mX[38;2;119;255;255mK[38;2;124;255;255mX[38;2;125;252;255mX[38;2;128;247;255mK[38;2;78;223;255mO[38;2;68;164;255md[38;2;58;159;240mo[38;2;55;128;207mc[38;2;102;128;204ml[38;2;194;233;249mX[38;2;0;22;58m [38;2;5;48;106m.[38;2;33;72;124m'[38;2;3;23;45m [38;2;7;28;80m [38;2;134;160;191md[38;2;59;68;83m'[38;2;65;72;90m'[38;2;101;110;122m:[38;2;99;109;119m:[38;2;103;150;172mo[38;2;86;121;149mc[38;2;89;110;122m:[38;2;146;184;192mk[38;2;139;184;194mk[38;2;122;162;176md[38;2;50;95;109m,[38;2;74;113;128m:[38;2;89;96;129m;[38;2;74;94;146m;[38;2;25;57;184m.[38;2;51;157;244mo[38;2;115;214;255mO[38;2;27;131;212m:[38;2;60;114;170m:[38;2;148;132;140mo[38;2;197;145;68md[38;2;112;77;34m,[38;2;108;80;39m,[38;2;220;202;120m0[38;2;255;237;93mX[38;2;255;224;85mX[38;2;255;224;86mX[38;2;255;225;83mX[38;2;255;224;85mX[38;2;255;224;81mX[38;2;255;225;80mX[38;2;255;225;80mX[38;2;255;226;79mX[0m
[0m[38;2;20;51;51m.[38;2;11;46;56m.[38;2;11;47;57m.[38;2;1;24;34m [38;2;11;48;53m.[38;2;4;29;38m [38;2;85;150;152ml[38;2;10;32;45m [38;2;10;47;49m.[38;2;7;19;39m [38;2;187;214;245mK[38;2;30;42;51m.[38;2;5;34;43m [38;2;22;62;69m.[38;2;76;135;142mc[38;2;6;24;41m [38;2;66;117;131m:[38;2;1;12;14m [38;2;17;47;81m.[38;2;13;48;80m.[38;2;14;47;90m.[38;2;14;48;87m.[38;2;10;54;110m.[38;2;19;50;124m.[38;2;9;57;142m.[38;2;19;62;188m'[38;2;38;110;221m:[38;2;23;84;223m,[38;2;11;128;246m:[38;2;3;131;250m:[38;2;6;150;250mc[38;2;4;149;255mc[38;2;4;147;254mc[38;2;9;154;251ml[38;2;10;139;252mc[38;2;122;191;254mk[38;2;26;72;205m'[38;2;14;79;175m'[38;2;12;42;132m.[38;2;182;208;243mK[38;2;36;65;123m.[38;2;16;47;95m.[38;2;25;67;107m.[38;2;34;88;120m'[38;2;21;40;61m.[38;2;8;29;82m [38;2;149;172;209mk[38;2;24;49;66m.[38;2;29;59;95m.[38;2;30;66;92m.[38;2;20;36;54m.[38;2;48;104;111m;[38;2;53;107;136m;[38;2;12;29;54m [38;2;15;49;72m.[38;2;27;64;89m.[38;2;8;17;40m [38;2;144;121;76ml[38;2;213;165;87mk[38;2;197;149;76md[38;2;249;238;183mN[38;2;215;203;226mK[38;2;196;250;255mN[38;2;244;251;255mM[38;2;102;185;250mx[38;2;115;147;190mo[38;2;169;183;193mO[38;2;158;146;115md[38;2;183;148;80md[38;2;255;238;120mN[38;2;255;232;94mX[38;2;255;223;89mX[38;2;255;223;95mX[38;2;255;222;91mX[38;2;255;225;91mX[38;2;255;224;82mX[38;2;255;224;93mX[38;2;255;221;82mX[38;2;255;221;82mX[38;2;255;224;81mX[0m
[0m[38;2;18;52;59m.[38;2;8;47;54m.[38;2;5;54;53m.[38;2;0;19;17m [38;2;12;47;60m.[38;2;4;26;34m [38;2;76;137;149mc[38;2;9;32;39m [38;2;9;45;54m.[38;2;3;21;28m [38;2;100;132;184ml[38;2;121;140;146mo[38;2;7;28;34m [38;2;7;37;55m.[38;2;45;85;96m'[38;2;52;100;109m,[38;2;62;117;130m:[38;2;5;13;20m [38;2;15;47;80m.[38;2;7;46;77m.[38;2;14;48;78m.[38;2;10;45;90m.[38;2;18;47;100m.[38;2;15;50;100m.[38;2;8;53;110m.[38;2;15;56;124m.[38;2;10;70;146m.[38;2;14;33;124m.[38;2;15;68;168m.[38;2;7;68;185m.[38;2;14;69;187m'[38;2;5;70;198m'[38;2;11;71;188m'[38;2;8;58;181m.[38;2;29;81;209m,[38;2;133;195;250mO[38;2;6;30;111m.[38;2;4;41;122m.[38;2;28;67;171m'[38;2;176;192;218mO[38;2;0;2;44m [38;2;4;51;114m.[38;2;13;56;112m.[38;2;14;59;112m.[38;2;30;62;85m.[38;2;12;21;87m [38;2;143;165;198mx[38;2;9;27;50m [38;2;13;50;96m.[38;2;18;59;95m.[38;2;59;84;130m,[38;2;10;28;46m [38;2;24;61;99m.[38;2;25;62;100m.[38;2;26;65;91m.[38;2;46;82;117m'[38;2;2;18;45m [38;2;99;103;109m:[38;2;118;101;84m:[38;2;123;98;69m:[38;2;183;146;87md[38;2;192;167;110mk[38;2;215;192;155m0[38;2;244;229;182mN[38;2;255;233;176mN[38;2;255;236;133mN[38;2;255;235;109mN[38;2;254;226;101mX[38;2;255;225;103mX[38;2;255;226;99mX[38;2;255;222;98mX[38;2;255;218;87mK[38;2;255;218;86mK[38;2;255;220;88mX[38;2;255;224;92mX[38;2;255;220;80mX[38;2;255;223;91mX[38;2;255;218;89mX[38;2;255;218;92mX[38;2;255;222;97mX[0m
[0m[38;2;23;44;48m.[38;2;7;41;49m.[38;2;11;43;55m.[38;2;1;11;11m [38;2;6;41;51m.[38;2;52;103;107m;[38;2;51;107;105m;[38;2;1;10;15m [38;2;9;31;39m [38;2;4;22;21m [38;2;27;41;74m.[38;2;159;197;226mO[38;2;21;36;38m.[38;2;2;27;30m [38;2;3;26;33m [38;2;47;87;98m,[38;2;51;88;88m,[38;2;0;4;5m [38;2;9;32;41m [38;2;5;34;41m [38;2;11;32;45m [38;2;5;36;52m [38;2;12;33;56m [38;2;10;31;57m [38;2;5;34;54m [38;2;5;38;77m.[38;2;7;32;81m.[38;2;3;17;50m [38;2;6;46;84m.[38;2;6;39;96m.[38;2;13;36;97m.[38;2;5;41;102m.[38;2;8;38;104m.[38;2;6;29;82m [38;2;35;73;179m'[38;2;150;212;254m0[38;2;3;15;51m [38;2;3;26;87m [38;2;132;178;235mk[38;2;83;95;125m;[38;2;0;18;72m [38;2;7;35;93m.[38;2;14;41;91m.[38;2;7;47;90m.[38;2;11;30;57m [38;2;24;34;124m.[38;2;136;158;180md[38;2;6;20;40m [38;2;6;31;63m [38;2;7;36;69m.[38;2;18;38;70m.[38;2;5;18;41m [38;2;10;36;67m.[38;2;5;36;59m.[38;2;7;36;58m.[38;2;12;39;68m.[38;2;0;12;29m [38;2;142;171;198mx[38;2;4;19;60m [38;2;10;26;67m [38;2;109;102;111m:[38;2;112;97;73m:[38;2;122;97;71m:[38;2;141;111;61mc[38;2;172;131;92mo[38;2;215;188;108mO[38;2;217;185;99mO[38;2;203;149;50md[38;2;223;194;103m0[38;2;248;210;84mK[38;2;255;226;119mX[38;2;255;226;99mX[38;2;255;223;93mX[38;2;255;224;93mX[38;2;255;224;88mX[38;2;255;225;93mX[38;2;255;228;94mX[38;2;255;223;95mX[38;2;243;208;86mK[38;2;235;206;71m0[0m
[0m[38;2;23;47;56m.[38;2;12;43;63m.[38;2;10;34;33m [38;2;1;18;19m [38;2;9;36;54m.[38;2;68;119;123m:[38;2;51;104;114m;[38;2;3;7;12m [38;2;1;6;3m [38;2;7;18;17m [38;2;3;14;13m [38;2;56;89;155m,[38;2;124;161;186md[38;2;22;32;28m [38;2;0;1;0m [38;2;0;4;1m [38;2;0;5;0m [38;2;9;22;29m [38;2;6;28;35m [38;2;5;13;11m [38;2;5;15;18m [38;2;4;18;22m [38;2;4;11;15m [38;2;0;6;8m [38;2;1;2;13m [38;2;0;4;19m [38;2;1;10;22m [38;2;9;25;57m [38;2;9;30;55m [38;2;3;19;53m [38;2;3;12;49m [38;2;4;18;61m [38;2;9;21;57m [38;2;0;5;23m [38;2;34;74;184m'[38;2;173;239;255mX[38;2;0;2;47m [38;2;27;76;184m'[38;2;180;219;245mK[38;2;43;57;108m.[38;2;66;91;120m,[38;2;69;85;124m,[38;2;76;94;124m;[38;2;78;90;117m;[38;2;85;98;127m;[38;2;24;39;124m.[38;2;136;152;177md[38;2;70;84;91m,[38;2;38;46;67m.[38;2;7;16;36m [38;2;0;4;14m [38;2;9;21;34m [38;2;4;21;40m [38;2;1;15;29m [38;2;0;2;14m [38;2;1;6;19m [38;2;0;1;24m [38;2;132;174;226mx[38;2;26;30;41m.[38;2;26;34;52m.[38;2;127;153;198md[38;2;48;61;114m.[38;2;48;57;102m.[38;2;22;35;72m.[38;2;9;5;30m [38;2;75;79;114m,[38;2;99;98;118m:[38;2;137;119;91mc[38;2;144;104;56mc[38;2;180;137;58mo[38;2;208;154;69mx[38;2;204;157;67mx[38;2;207;163;64mx[38;2;202;156;71mx[38;2;200;157;50mx[38;2;200;152;54md[38;2;185;138;45mo[38;2;177;133;48mo[38;2;168;113;32mc[38;2;160;114;41mc[0m
[0m[38;2;16;47;52m.[38;2;8;45;55m.[38;2;10;35;32m [38;2;2;15;17m [38;2;7;35;59m.[38;2;69;129;136mc[38;2;42;100;101m,[38;2;5;16;21m [38;2;1;8;7m [38;2;14;50;46m.[38;2;4;26;29m [38;2;9;25;35m [38;2;55;89;144m,[38;2;133;167;205mx[38;2;61;68;73m'[38;2;0;1;1m [38;2;0;1;0m [38;2;18;52;73m.[38;2;11;55;79m.[38;2;3;18;21m [38;2;11;46;54m.[38;2;1;31;38m [38;2;1;16;24m [38;2;0;6;4m [38;2;0;3;12m [38;2;0;5;10m [38;2;1;12;27m [38;2;7;52;87m.[38;2;11;52;98m.[38;2;1;17;44m [38;2;8;30;58m [38;2;3;23;70m [38;2;11;30;82m.[38;2;0;4;30m [38;2;38;95;221m;[38;2;173;206;243m0[38;2;13;39;136m.[38;2;129;182;248mk[38;2;64;86;175m;[38;2;82;140;229ml[38;2;104;172;242mx[38;2;111;170;242mx[38;2;114;177;235mx[38;2;111;172;234mx[38;2;123;157;229md[38;2;24;45;150m.[38;2;128;162;202md[38;2;92;128;171ml[38;2;69;96;143m;[38;2;79;103;150m:[38;2;57;84;122m,[38;2;99;131;160ml[38;2;33;44;58m.[38;2;5;22;36m [38;2;0;0;14m [38;2;0;14;34m [38;2;3;10;44m [38;2;121;162;201md[38;2;93;102;140m:[38;2;64;85;167m;[38;2;122;178;243mk[38;2;58;85;205m;[38;2;49;84;207m;[38;2;51;91;221m;[38;2;85;120;165mc[38;2;95;143;217mo[38;2;61;90;156m;[38;2;92;127;186ml[38;2;6;22;28m [38;2;36;61;79m.[38;2;67;69;63m'[38;2;86;71;39m'[38;2;101;80;50m,[38;2;93;91;66m;[38;2;92;67;23m'[38;2;105;84;38m,[38;2;112;87;40m;[38;2;131;103;49m:[38;2;142;100;38m:[38;2;132;95;47m:[0m
[0m[38;2;23;47;56m.[38;2;8;45;56m.[38;2;5;35;30m [38;2;4;21;23m [38;2;6;33;44m [38;2;69;128;145mc[38;2;43;92;96m,[38;2;5;15;17m [38;2;5;14;17m [38;2;8;23;22m [38;2;11;41;51m.[38;2;5;31;35m [38;2;4;4;6m [38;2;31;55;104m.[38;2;131;172;215mx[38;2;120;135;141ml[38;2;33;36;36m.[38;2;6;36;54m.[38;2;6;54;67m.[38;2;2;33;32m [38;2;6;24;30m [38;2;11;45;56m.[38;2;1;15;16m [38;2;0;6;2m [38;2;0;1;4m [38;2;0;5;6m [38;2;0;13;25m [38;2;12;46;83m.[38;2;11;47;93m.[38;2;5;41;76m.[38;2;11;28;69m [38;2;16;51;108m.[38;2;4;33;94m.[38;2;0;1;62m [38;2;45;106;248m:[38;2;159;191;246mO[38;2;90;139;236mo[38;2;89;174;255mx[38;2;9;120;238m:[38;2;8;137;246mc[38;2;5;149;253mc[38;2;4;134;252m:[38;2;1;131;252m:[38;2;3;117;244m;[38;2;2;95;242m,[38;2;19;79;234m,[38;2;118;141;204mo[38;2;4;33;135m.[38;2;0;7;67m [38;2;0;3;36m [38;2;2;7;23m [38;2;37;66;119m.[38;2;167;179;217mk[38;2;4;10;18m [38;2;7;14;36m [38;2;7;13;44m [38;2;29;43;101m.[38;2;98;133;185ml[38;2;12;35;127m.[38;2;44;116;235m:[38;2;78;231;255mO[38;2;79;198;255mk[38;2;98;213;255mO[38;2;102;197;255mk[38;2;46;201;255mx[38;2;64;121;204mc[38;2;95;147;236mo[38;2;80;99;140m;[38;2;6;21;43m [38;2;14;51;100m.[38;2;8;44;70m.[38;2;7;24;26m [38;2;12;49;74m.[38;2;13;49;57m.[38;2;0;0;3m [38;2;10;45;48m.[38;2;23;54;70m.[38;2;46;92;105m,[38;2;5;30;42m [38;2;14;36;51m.[0m
[0m[38;2;27;50;59m.[38;2;8;46;61m.[38;2;7;42;44m.[38;2;2;17;15m [38;2;5;33;50m [38;2;78;142;152ml[38;2;38;84;85m'[38;2;5;12;13m [38;2;16;42;59m.[38;2;8;39;50m.[38;2;5;45;58m.[38;2;4;34;41m [38;2;5;13;11m [38;2;1;7;8m [38;2;11;26;39m [38;2;61;87;131m,[38;2;130;163;203mx[38;2;116;146;158mo[38;2;80;91;97m;[38;2;18;43;54m.[38;2;5;40;45m.[38;2;13;59;65m.[38;2;13;35;44m.[38;2;15;37;39m.[38;2;20;38;39m.[38;2;20;34;33m.[38;2;0;8;20m [38;2;34;71;91m.[38;2;22;50;81m.[38;2;16;42;77m.[38;2;18;50;98m.[38;2;37;72;131m'[38;2;29;53;129m.[38;2;36;71;185m'[38;2;44;127;254mc[38;2;165;227;255mK[38;2;72;219;255mk[38;2;95;242;255m0[38;2;103;249;255mK[38;2;121;252;255mK[38;2;121;255;255mX[38;2;136;253;255mX[38;2;145;252;255mX[38;2;146;251;255mX[38;2;44;230;255mk[38;2;13;167;255ml[38;2;122;173;242mx[38;2;38;104;214m;[38;2;28;85;167m,[38;2;56;130;170mc[38;2;41;75;109m'[38;2;1;19;63m [38;2;166;183;244mO[38;2;5;9;35m [38;2;48;100;157m;[38;2;44;81;101m'[38;2;42;68;150m'[38;2;109;151;213md[38;2;50;125;250mc[38;2;49;207;255mx[38;2;114;255;255mK[38;2;219;255;255mW[38;2;219;255;255mW[38;2;186;255;255mN[38;2;26;227;255mk[38;2;22;135;255mc[38;2;178;218;255mK[38;2;49;66;107m'[38;2;8;26;56m [38;2;12;55;106m.[38;2;7;43;62m.[38;2;10;26;31m [38;2;8;46;66m.[38;2;13;50;59m.[38;2;0;2;0m [38;2;12;40;44m.[38;2;66;111;121m:[38;2;10;43;57m.[38;2;11;43;58m.[38;2;17;43;60m.[0m
[0m[38;2;18;42;53m.[38;2;28;68;90m.[38;2;52;104;99m;[38;2;4;15;17m [38;2;1;34;48m [38;2;77;142;151ml[38;2;37;89;89m'[38;2;12;19;20m [38;2;40;85;92m'[38;2;39;79;87m'[38;2;45;84;86m'[38;2;48;104;112m;[38;2;39;72;82m.[38;2;22;53;57m.[38;2;25;61;66m.[38;2;20;48;53m.[38;2;7;18;25m [38;2;28;69;94m.[38;2;83;105;146m:[38;2;100;129;163ml[38;2;86;122;150mc[38;2;71;106;135m;[38;2;98;127;136mc[38;2;95;134;145ml[38;2;106;144;159mo[38;2;107;150;155mo[38;2;101;122;131mc[38;2;115;138;156ml[38;2;115;145;159mo[38;2;115;131;162ml[38;2;118;144;178mo[38;2;111;144;196mo[38;2;53;106;203m:[38;2;42;98;219m;[38;2;48;159;255mo[38;2;136;229;255mK[38;2;74;240;255m0[38;2;209;255;255mW[38;2;177;255;255mN[38;2;186;255;255mN[38;2;194;255;255mN[38;2;198;255;255mW[38;2;202;255;255mW[38;2;222;255;255mW[38;2;60;255;255m0[38;2;5;199;255md[38;2;121;171;253mx[38;2;53;142;244ml[38;2;19;67;163m'[38;2;66;151;193ml[38;2;53;101;139m;[38;2;0;12;52m [38;2;172;190;244mO[38;2;18;29;64m.[38;2;11;56;112m.[38;2;37;57;100m.[38;2;46;68;141m'[38;2;103;140;204mo[38;2;10;65;225m'[38;2;72;222;255mO[38;2;111;248;255mK[38;2;207;255;255mW[38;2;231;255;255mW[38;2;37;250;255mO[38;2;3;118;253m:[38;2;35;94;240m;[38;2;210;220;247mX[38;2;0;0;29m [38;2;12;29;57m [38;2;6;57;88m.[38;2;10;43;57m.[38;2;15;27;35m [38;2;7;49;63m.[38;2;12;48;62m.[38;2;0;3;1m [38;2;19;58;69m.[38;2;60;103;114m;[38;2;2;29;36m [38;2;19;42;50m.[38;2;12;50;59m.[0m
[0m[38;2;40;68;79m.[38;2;78;159;179mo[38;2;24;51;42m.[38;2;5;20;22m [38;2;6;39;52m.[38;2;79;143;150ml[38;2;37;82;84m'[38;2;25;39;48m.[38;2;84;174;175md[38;2;60;145;143mc[38;2;62;139;136mc[38;2;63;149;137ml[38;2;70;144;144ml[38;2;17;49;59m.[38;2;7;47;59m.[38;2;5;44;53m.[38;2;1;22;23m [38;2;5;53;56m.[38;2;6;42;54m.[38;2;5;36;43m [38;2;17;54;70m.[38;2;26;52;86m.[38;2;45;110;144m;[38;2;40;93;141m,[38;2;34;70;111m'[38;2;35;85;119m'[38;2;32;62;89m.[38;2;21;65;97m.[38;2;10;41;77m.[38;2;6;29;66m [38;2;15;42;88m.[38;2;71;145;187ml[38;2;69;153;192ml[38;2;51;112;223m:[38;2;51;157;252mo[38;2;114;222;255m0[38;2;65;237;255mO[38;2;208;255;255mW[38;2;169;255;255mN[38;2;173;255;255mN[38;2;174;255;255mN[38;2;181;255;255mN[38;2;195;255;255mN[38;2;212;255;255mW[38;2;46;250;255mO[38;2;20;208;255mx[38;2;105;159;250md[38;2;10;62;221m'[38;2;60;127;202mc[38;2;13;53;120m.[38;2;40;71;108m'[38;2;1;8;48m [38;2;163;189;238mO[38;2;20;36;72m.[38;2;14;36;92m.[38;2;9;27;59m [38;2;34;51;112m.[38;2;92;128;175ml[38;2;65;108;178m:[38;2;54;113;232m:[38;2;35;160;248ml[38;2;50;170;251mo[38;2;69;217;255mk[38;2;21;140;243mc[38;2;0;21;164m.[38;2;129;155;229md[38;2;115;126;149ml[38;2;0;1;8m [38;2;13;32;55m [38;2;7;61;81m.[38;2;7;39;55m.[38;2;15;31;29m [38;2;3;34;46m [38;2;16;49;61m.[38;2;0;0;0m [38;2;70;129;133mc[38;2;12;42;55m.[38;2;10;43;56m.[38;2;19;35;41m.[38;2;11;44;56m.[0m
[0m[38;2;80;144;138ml[38;2;23;72;81m.[38;2;5;15;17m [38;2;6;20;26m [38;2;4;42;55m.[38;2;76;146;151ml[38;2;41;89;86m'[38;2;23;36;50m.[38;2;74;160;155mo[38;2;59;137;131mc[38;2;65;134;145mc[38;2;60;137;138mc[38;2;58;148;143mc[38;2;65;130;125mc[38;2;12;47;59m.[38;2;7;46;52m.[38;2;0;21;26m [38;2;6;46;57m.[38;2;6;48;62m.[38;2;6;46;58m.[38;2;7;47;61m.[38;2;4;35;44m [38;2;49;110;122m;[38;2;77;167;164mo[38;2;26;66;73m.[38;2;5;46;60m.[38;2;0;23;38m [38;2;9;54;70m.[38;2;8;49;81m.[38;2;7;48;86m.[38;2;6;39;90m.[38;2;32;77;126m'[38;2;60;133;182mc[38;2;25;81;182m,[38;2;80;154;250mo[38;2;122;204;255mO[38;2;55;200;255mx[38;2;165;249;255mX[38;2;115;253;255mK[38;2;119;255;255mX[38;2;107;255;255mK[38;2;110;255;255mK[38;2;110;254;255mK[38;2;97;244;255m0[38;2;14;197;255md[38;2;37;188;255md[38;2;123;149;222md[38;2;19;52;192m.[38;2;20;70;145m.[38;2;32;65;119m.[38;2;55;106;141m;[38;2;1;2;31m [38;2;155;178;215mk[38;2;33;58;95m.[38;2;16;43;91m.[38;2;13;54;94m.[38;2;12;29;63m [38;2;81;122;159mc[38;2;113;139;193mo[38;2;6;26;90m [38;2;11;38;138m.[38;2;16;39;147m.[38;2;89;139;197ml[38;2;4;14;85m [38;2;0;2;42m [38;2;207;239;254mN[38;2;24;34;69m.[38;2;0;1;1m [38;2;15;32;44m [38;2;8;56;89m.[38;2;8;34;48m [38;2;15;31;35m [38;2;1;38;42m [38;2;13;48;63m.[38;2;17;29;22m [38;2;53;103;108m;[38;2;5;43;58m.[38;2;13;46;58m.[38;2;20;43;48m.[38;2;13;44;59m.[0m
[0m[38;2;35;72;64m.[38;2;5;41;56m.[38;2;4;26;25m [38;2;7;15;20m [38;2;3;35;48m [38;2;75;145;168ml[38;2;35;78;66m.[38;2;24;35;50m.[38;2;74;158;161ml[38;2;56;136;131mc[38;2;59;136;138mc[38;2;59;131;135mc[38;2;54;153;148ml[38;2;57;131;129m:[38;2;63;113;118m:[38;2;8;46;50m.[38;2;0;18;24m [38;2;7;46;59m.[38;2;7;45;55m.[38;2;4;44;50m.[38;2;8;42;52m.[38;2;5;39;51m.[38;2;10;23;38m [38;2;44;91;98m,[38;2;57;107;103m;[38;2;24;51;65m.[38;2;22;43;49m.[38;2;9;29;36m [38;2;18;48;63m.[38;2;15;53;70m.[38;2;19;52;77m.[38;2;23;47;84m.[38;2;30;65;107m.[38;2;8;31;107m.[38;2;99;167;240md[38;2;125;154;222md[38;2;9;74;221m'[38;2;39;201;255mx[38;2;6;145;246mc[38;2;10;163;253ml[38;2;15;145;252mc[38;2;12;142;251mc[38;2;7;130;249m:[38;2;8;113;248m;[38;2;1;59;225m.[38;2;70;142;242ml[38;2;124;139;192mo[38;2;2;41;148m.[38;2;8;60;137m.[38;2;12;58;128m.[38;2;20;63;112m.[38;2;0;5;31m [38;2;132;161;213mx[38;2;64;93;116m;[38;2;4;28;51m [38;2;8;31;57m [38;2;1;7;25m [38;2;92;137;193ml[38;2;105;134;192ml[38;2;12;16;28m [38;2;10;16;40m [38;2;90;117;135mc[38;2;24;38;66m.[38;2;0;3;11m [38;2;31;47;90m.[38;2;227;247;252mW[38;2;0;0;0m [38;2;1;0;0m [38;2;11;30;33m [38;2;4;62;79m.[38;2;8;31;44m [38;2;7;26;27m [38;2;7;40;45m.[38;2;11;45;53m.[38;2;15;26;24m [38;2;7;44;51m.[38;2;7;39;54m.[38;2;8;39;49m.[38;2;19;45;52m.[38;2;13;36;45m.[0m
[0m[38;2;19;49;48m.[38;2;7;48;57m.[38;2;8;30;23m [38;2;7;15;18m [38;2;6;33;48m [38;2;71;138;158mc[38;2;29;74;60m.[38;2;20;30;37m [38;2;59;111;120m;[38;2;42;92;91m,[38;2;40;91;90m,[38;2;43;93;95m,[38;2;46;100;100m,[38;2;58;110;110m;[38;2;43;84;79m'[38;2;43;78;74m'[38;2;36;69;67m.[38;2;4;12;18m [38;2;10;41;46m.[38;2;6;36;47m [38;2;7;41;49m.[38;2;11;41;47m.[38;2;21;55;62m.[38;2;18;52;68m.[38;2;21;56;59m.[38;2;21;63;73m.[38;2;53;101;109m;[38;2;0;20;17m [38;2;14;55;70m.[38;2;8;54;70m.[38;2;6;51;75m.[38;2;6;47;78m.[38;2;9;48;98m.[38;2;5;17;63m [38;2;111;164;226md[38;2;117;128;155ml[38;2;1;3;77m [38;2;94;181;237mx[38;2;32;83;185m,[38;2;15;67;179m'[38;2;15;71;203m'[38;2;19;73;188m'[38;2;12;66;179m.[38;2;11;62;164m.[38;2;5;18;127m [38;2;91;150;226mo[38;2;119;130;147ml[38;2;2;21;64m [38;2;5;25;85m [38;2;6;17;73m [38;2;4;17;55m [38;2;0;1;28m [38;2;107;146;208mo[38;2;87;121;139mc[38;2;8;21;64m [38;2;16;56;116m.[38;2;3;25;65m [38;2;88;119;157mc[38;2;93;128;164mc[38;2;70;88;102m,[38;2;46;62;79m.[38;2;115;163;198md[38;2;20;28;37m [38;2;0;3;19m [38;2;116;140;170mo[38;2;139;155;168md[38;2;0;0;0m [38;2;1;2;1m [38;2;8;30;34m [38;2;6;55;69m.[38;2;13;29;42m [38;2;8;31;29m [38;2;1;38;45m [38;2;7;27;37m [38;2;7;18;17m [38;2;10;44;48m.[38;2;12;38;50m.[38;2;6;33;40m [38;2;16;40;47m.[38;2;41;80;82m'[0m
[0m[38;2;17;39;41m.[38;2;10;38;55m.[38;2;4;33;31m [38;2;7;34;44m [38;2;4;31;44m [38;2;66;125;146m:[38;2;40;91;79m'[38;2;1;3;5m [38;2;8;32;41m [38;2;4;35;41m [38;2;13;47;55m.[38;2;20;56;60m.[38;2;21;62;77m.[38;2;25;70;69m.[38;2;25;65;69m.[38;2;41;80;94m'[38;2;91;170;161md[38;2;0;3;8m [38;2;10;45;61m.[38;2;7;45;55m.[38;2;8;44;54m.[38;2;7;45;54m.[38;2;7;45;54m.[38;2;9;45;58m.[38;2;7;44;58m.[38;2;7;48;57m.[38;2;13;57;62m.[38;2;22;39;50m.[38;2;10;54;63m.[38;2;8;49;64m.[38;2;8;48;69m.[38;2;8;48;72m.[38;2;8;48;83m.[38;2;5;22;56m [38;2;108;160;203md[38;2;117;130;141ml[38;2;0;3;23m [38;2;57;117;137m:[38;2;43;85;111m,[38;2;9;29;80m [38;2;6;24;90m [38;2;4;19;83m [38;2;3;15;61m [38;2;0;12;61m [38;2;0;4;56m [38;2;117;164;224mx[38;2;89;122;135mc[38;2;9;29;97m.[38;2;0;19;90m [38;2;1;18;95m [38;2;1;15;99m [38;2;0;2;86m [38;2;66;128;235mc[38;2;98;126;184ml[38;2;6;34;169m.[38;2;16;68;182m'[38;2;7;45;147m.[38;2;17;32;116m.[38;2;133;166;205mx[38;2;73;75;77m'[38;2;23;33;47m.[38;2;133;163;180md[38;2;89;101;111m;[38;2;52;77;122m'[38;2;194;216;240mK[38;2;33;45;61m.[38;2;1;2;1m [38;2;1;4;1m [38;2;9;32;38m [38;2;6;55;68m.[38;2;13;41;55m.[38;2;7;22;19m [38;2;14;24;26m [38;2;3;25;29m [38;2;8;28;33m [38;2;10;36;43m.[38;2;43;82;87m'[38;2;54;101;105m;[38;2;65;112;126m:[38;2;51;94;113m,[0m
[0m[38;2;20;48;51m.[38;2;9;46;61m.[38;2;9;45;55m.[38;2;6;43;57m.[38;2;4;29;34m [38;2;63;116;142m:[38;2;50;103;93m,[38;2;0;10;16m [38;2;10;44;64m.[38;2;6;43;55m.[38;2;5;43;53m.[38;2;6;43;49m.[38;2;4;43;50m.[38;2;6;43;50m.[38;2;7;43;48m.[38;2;4;35;44m [38;2;58;107;106m;[38;2;3;12;12m [38;2;6;44;53m.[38;2;7;45;54m.[38;2;7;44;56m.[38;2;7;44;58m.[38;2;7;46;50m.[38;2;7;46;54m.[38;2;9;46;54m.[38;2;12;47;60m.[38;2;7;51;53m.[38;2;44;67;72m.[38;2;15;49;61m.[38;2;4;37;49m [38;2;6;28;41m [38;2;5;29;35m [38;2;4;19;27m [38;2;1;8;10m [38;2;102;144;196mo[38;2;129;135;139mo[38;2;1;15;29m [38;2;4;23;46m [38;2;3;15;29m [38;2;2;21;57m [38;2;24;60;124m.[38;2;2;27;59m [38;2;0;9;41m [38;2;0;9;62m [38;2;1;8;69m [38;2;142;174;241mk[38;2;59;86;153m,[38;2;8;57;186m.[38;2;1;41;194m.[38;2;1;59;211m.[38;2;1;75;220m'[38;2;0;67;221m'[38;2;35;171;255mo[38;2;88;174;246md[38;2;82;167;254md[38;2;103;193;255mk[38;2;2;141;254mc[38;2;22;79;199m,[38;2;49;102;204m;[38;2;90;106;146m:[38;2;92;114;160mc[38;2;95;122;157mc[38;2;43;68;80m.[38;2;53;74;137m'[38;2;181;193;199mO[38;2;0;0;0m [38;2;0;5;1m [38;2;0;4;0m [38;2;13;34;38m [38;2;6;50;63m.[38;2;11;52;68m.[38;2;7;43;52m.[38;2;5;26;32m [38;2;20;56;62m.[38;2;28;64;68m.[38;2;41;81;83m'[38;2;33;72;85m.[38;2;13;45;58m.[38;2;4;39;51m.[38;2;5;38;52m.[0m
[0m[38;2;20;46;52m.[38;2;8;46;59m.[38;2;5;44;55m.[38;2;5;43;56m.[38;2;3;28;34m [38;2;57;103;143m;[38;2;51;117;106m;[38;2;0;8;11m [38;2;10;43;57m.[38;2;2;43;54m.[38;2;6;43;54m.[38;2;6;43;49m.[38;2;6;43;48m.[38;2;6;43;50m.[38;2;6;43;48m.[38;2;6;43;47m.[38;2;8;47;51m.[38;2;4;17;24m [38;2;6;52;60m.[38;2;8;47;54m.[38;2;9;40;50m.[38;2;5;36;49m [38;2;6;32;38m [38;2;5;29;29m [38;2;4;26;25m [38;2;5;19;21m [38;2;3;17;13m [38;2;9;21;21m [38;2;4;25;25m [38;2;0;6;4m [38;2;14;26;26m [38;2;12;27;37m [38;2;6;19;18m [38;2;0;0;0m [38;2;91;133;181ml[38;2;132;147;149mo[38;2;4;28;46m [38;2;4;33;51m [38;2;4;12;23m [38;2;4;31;60m [38;2;16;69;118m.[38;2;5;28;60m [38;2;0;7;34m [38;2;0;15;80m [38;2;10;26;138m.[38;2;149;187;253mO[38;2;25;119;241m:[38;2;31;161;255ml[38;2;58;181;255md[38;2;83;207;255mk[38;2;118;230;255m0[38;2;77;239;255m0[38;2;92;248;255m0[38;2;19;245;255mk[38;2;195;255;255mN[38;2;202;255;255mW[38;2;0;213;255md[38;2;4;85;249m,[38;2;80;148;243mo[38;2;9;23;76m [38;2;25;54;107m.[38;2;70;109;151m:[38;2;5;14;27m [38;2;150;190;223mO[38;2;65;79;102m,[38;2;0;1;2m [38;2;0;5;0m [38;2;0;4;1m [38;2;12;39;39m.[38;2;9;46;66m.[38;2;9;48;59m.[38;2;4;22;31m [38;2;3;25;33m [38;2;14;45;53m.[38;2;6;35;46m [38;2;6;45;56m.[38;2;9;46;57m.[38;2;7;45;57m.[38;2;9;47;60m.[38;2;6;37;51m.[0m
[0m[38;2;22;46;53m.[38;2;7;43;58m.[38;2;6;44;53m.[38;2;6;43;51m.[38;2;4;24;39m [38;2;65;105;157m:[38;2;51;124;110m:[38;2;0;10;16m [38;2;4;44;56m.[38;2;4;46;56m.[38;2;5;47;55m.[38;2;6;44;55m.[38;2;4;40;44m.[38;2;6;39;44m.[38;2;4;32;32m [38;2;3;32;30m [38;2;3;25;34m [38;2;1;8;9m [38;2;1;18;15m [38;2;2;13;12m [38;2;26;30;28m [38;2;51;51;51m..[38;2;51;52;51m.[38;2;51;52;49m.[38;2;51;52;51m.[38;2;45;45;39m.[38;2;47;67;74m.[38;2;31;55;55m.[38;2;33;32;27m.[38;2;16;31;28m [38;2;10;27;40m [38;2;7;17;19m [38;2;0;1;0m [38;2;58;93;148m;[38;2;176;195;207mO[38;2;1;16;22m [38;2;10;39;63m.[38;2;15;30;47m [38;2;13;38;65m.[38;2;12;41;78m.[38;2;12;26;70m [38;2;21;47;87m.[38;2;29;70;130m'[38;2;16;51;209m.[38;2;145;221;255m0[38;2;84;228;255mO[38;2;134;255;255mX[38;2;153;255;255mX[38;2;152;255;255mX[38;2;170;255;255mN[38;2;83;255;255mK[38;2;76;246;255m0[38;2;12;240;255mk[38;2;174;255;255mN[38;2;167;255;255mN[38;2;0;199;255md[38;2;3;73;242m'[38;2;69;127;227mc[38;2;12;23;85m [38;2;5;22;63m [38;2;131;170;185mx[38;2;24;46;76m.[38;2;179;209;231m0[38;2;0;1;10m [38;2;0;4;0m [38;2;0;4;1m [38;2;0;4;0m [38;2;10;40;41m.[38;2;8;56;80m.[38;2;6;27;33m [38;2;11;33;37m [38;2;5;21;26m [38;2;4;24;25m [38;2;3;24;29m [38;2;6;32;40m [38;2;7;39;50m.[38;2;7;35;49m [38;2;8;42;54m.[38;2;5;31;37m [0m
[0m[38;2;21;51;65m.[38;2;5;43;53m.[38;2;4;40;49m.[38;2;7;42;52m.[38;2;4;29;43m [38;2;57;89;139m,[38;2;55;132;114m:[38;2;0;10;10m [38;2;3;22;28m [38;2;1;21;21m [38;2;1;18;16m [38;2;1;14;12m [38;2;0;4;3m [38;2;0;1;0m [38;2;0;3;0m [38;2;0;6;1m [38;2;2;23;31m [38;2;6;28;41m [38;2;14;31;34m [38;2;0;6;2m [38;2;144;162;172mx[38;2;185;223;226mK[38;2;185;219;220mK[38;2;186;225;221mK[38;2;186;221;219mK[38;2;190;223;221mK[38;2;174;193;193mO[38;2;133;145;145mo[38;2;152;173;166mx[38;2;132;154;148md[38;2;93;115;125m:[38;2;123;148;159mo[38;2;101;107;108m:[38;2;19;25;22m [38;2;21;35;66m.[38;2;226;250;255mW[38;2;20;35;35m.[38;2;16;42;52m.[38;2;8;41;54m.[38;2;4;39;63m.[38;2;6;42;74m.[38;2;8;36;87m.[38;2;66;146;178ml[38;2;76;163;202mo[38;2;25;69;229m'[38;2;128;229;255m0[38;2;96;255;255mK[38;2;101;255;255mK[38;2;113;255;255mK[38;2;122;255;255mX[38;2;145;255;255mX[38;2;104;255;255mK[38;2;61;239;255mO[38;2;22;200;255md[38;2;108;218;255mO[38;2;70;192;255mx[38;2;0;110;249m;[38;2;6;62;216m.[38;2;39;80;167m,[38;2;37;63;130m.[38;2;0;9;38m [38;2;119;151;191md[38;2;89;105;132m:[38;2;124;134;140ml[38;2;0;0;0m [38;2;1;6;0m [38;2;0;6;1m [38;2;0;4;1m [38;2;14;40;44m.[38;2;8;54;76m.[38;2;0;6;14m [38;2;11;44;50m.[38;2;12;47;67m.[38;2;7;45;52m.[38;2;7;26;37m [38;2;2;13;17m [38;2;4;23;25m [38;2;7;33;40m [38;2;23;43;47m.[38;2;20;35;32m.[0m
[0m[38;2;11;34;36m [38;2;5;24;26m [38;2;8;21;19m [38;2;2;12;24m [38;2;10;37;49m.[38;2;52;80;126m,[38;2;64;138;137mc[38;2;2;10;2m [38;2;0;7;1m [38;2;11;21;19m [38;2;6;17;18m [38;2;7;24;21m [38;2;0;8;0m [38;2;0;5;0m [38;2;1;6;0m [38;2;0;4;0m [38;2;13;30;37m [38;2;9;44;67m.[38;2;16;46;50m.[38;2;4;16;14m [38;2;14;27;27m [38;2;29;48;50m.[38;2;24;44;37m.[38;2;27;51;44m.[38;2;22;50;47m.[38;2;30;59;57m.[38;2;21;36;39m.[38;2;25;41;37m.[38;2;34;54;54m.[38;2;19;43;35m.[38;2;5;16;31m [38;2;44;89;139m,[38;2;122;143;195mo[38;2;176;191;203mO[38;2;17;23;36m [38;2;195;220;244mX[38;2;84;134;143mc[38;2;66;115;124m:[38;2;21;53;58m.[38;2;31;72;92m.[38;2;15;44;69m.[38;2;11;41;87m.[38;2;18;69;117m.[38;2;72;139;213ml[38;2;32;82;223m,[38;2;121;203;255mO[38;2;98;255;255mK[38;2;91;255;255mK[38;2;87;255;255mK[38;2;100;255;255mK[38;2;118;255;255mK[38;2;44;205;255mx[38;2;45;206;255mx[38;2;30;93;240m;[38;2;11;80;231m,[38;2;8;56;222m.[38;2;8;44;172m.[38;2;9;54;128m.[38;2;14;49;111m.[38;2;73;90;150m;[38;2;0;3;18m [38;2;112;152;198md[38;2;148;158;182mx[38;2;65;91;119m,[38;2;2;3;3m [38;2;5;5;6m [38;2;1;8;2m [38;2;2;4;2m [38;2;19;46;48m.[38;2;6;43;51m.[38;2;0;8;6m [38;2;19;43;57m.[38;2;15;29;48m [38;2;9;51;57m.[38;2;14;50;68m.[38;2;17;51;61m.[38;2;0;7;13m [38;2;2;6;5m [38;2;6;16;10m [38;2;0;6;9m [0m
