[0m[38;2;18;49;44m.[38;2;8;46;50m.[38;2;10;38;33m.[38;2;1;15;5m [38;2;8;33;49m [38;2;2;27;36m [38;2;76;147;141ml[38;2;15;41;32m.[38;2;3;2;0m [38;2;0;11;0m [38;2;2;15;6m [38;2;5;18;13m [38;2;9;23;25m [38;2;5;12;20m [38;2;111;164;193md[38;2;105;109;124m:[38;2;2;8;7m [38;2;13;46;51m.[38;2;5;48;61m.[38;2;9;46;50m.[38;2;8;47;56m.[38;2;10;45;59m.[38;2;11;45;59m.[38;2;9;49;62m.[38;2;8;47;58m.[38;2;7;33;41m [38;2;80;165;175mo[38;2;16;29;37m [38;2;38;78;84m'[38;2;46;104;105m,[38;2;45;86;106m,[38;2;23;60;62m.[38;2;8;53;62m.[38;2;11;44;60m.[38;2;6;34;50m [38;2;63;111;128m:[38;2;38;63;65m.[38;2;73;160;175mo[38;2;61;107;131m;[38;2;10;42;47m.[38;2;7;35;44m [38;2;30;50;114m.[38;2;136;156;159md[38;2;9;43;51m.[38;2;0;21;30m [38;2;14;38;101m.[38;2;186;234;255mX[38;2;38;87;116m,[38;2;52;95;141m;[38;2;32;70;130m'[38;2;11;32;168m.[38;2;26;108;223m;[38;2;5;60;203m.[38;2;9;56;197m.[38;2;9;57;183m.[38;2;5;49;168m.[38;2;26;53;140m.[38;2;1;14;66m [38;2;56;100;185m;[38;2;8;37;70m.[38;2;6;28;54m [38;2;7;36;45m [38;2;12;33;48m [38;2;9;45;67m.[38;2;3;40;49m.[38;2;13;40;52m.[38;2;2;31;46m [38;2;5;45;50m.[38;2;9;47;51m.[38;2;11;53;66m.[38;2;1;28;32m [38;2;9;47;50m.[38;2;7;49;42m.[38;2;0;4;2m [38;2;1;31;25m [38;2;8;39;40m.[38;2;11;38;44m.[38;2;9;35;30m [38;2;14;44;42m.[38;2;5;49;42m.[0m
[0m[38;2;24;45;46m.[38;2;6;43;48m.[38;2;10;34;28m [38;2;0;11;12m [38;2;3;35;45m [38;2;0;30;32m [38;2;76;146;154ml[38;2;10;26;25m [38;2;1;7;3m [38;2;0;6;1m [38;2;0;4;0m [38;2;0;2;0m [38;2;0;2;0m [38;2;23;39;61m.[38;2;197;225;241mX[38;2;14;13;17m [38;2;4;10;10m [38;2;5;15;17m [38;2;2;20;22m [38;2;1;27;30m [38;2;6;33;45m [38;2;5;37;48m [38;2;6;43;55m.[38;2;6;48;59m.[38;2;8;47;57m.[38;2;6;40;51m.[38;2;34;89;104m'[38;2;22;31;32m [38;2;8;45;56m.[38;2;6;40;55m.[38;2;7;41;61m.[38;2;16;55;63m.[38;2;14;50;72m.[38;2;17;51;76m.[38;2;17;54;75m.[38;2;43;78;91m'[38;2;37;58;63m.[38;2;73;146;166ml[38;2;79;149;192ml[38;2;18;48;66m.[38;2;4;27;26m [38;2;31;58;128m.[38;2;131;148;165mo[38;2;5;40;48m.[38;2;7;21;42m [38;2;13;32;110m.[38;2;194;235;255mX[38;2;4;11;47m [38;2;71;121;187mc[38;2;75;172;238md[38;2;42;119;255mc[38;2;109;255;255mK[38;2;69;226;255mO[38;2;69;201;255mx[38;2;41;160;255mo[38;2;13;128;248m:[38;2;2;82;235m,[38;2;0;33;189m.[38;2;78;134;233ml[38;2;12;37;128m.[38;2;7;23;94m [38;2;4;32;76m [38;2;47;73;97m'[38;2;57;64;71m.[38;2;60;80;86m'[38;2;55;72;75m'[38;2;45;64;69m.[38;2;29;55;59m.[38;2;14;47;57m.[38;2;3;44;54m.[38;2;0;22;24m [38;2;5;44;48m.[38;2;7;32;32m [38;2;0;4;3m [38;2;2;30;31m [38;2;4;33;39m [38;2;5;31;38m [38;2;7;28;26m [38;2;8;42;46m.[38;2;2;38;41m [0m
[0m[38;2;26;47;56m.[38;2;11;43;56m.[38;2;12;34;33m [38;2;1;11;15m [38;2;5;39;52m.[38;2;2;30;41m [38;2;79;147;157ml[38;2;1;16;28m [38;2;9;22;24m [38;2;5;22;30m [38;2;8;20;29m [38;2;9;25;38m [38;2;0;1;4m [38;2;143;178;206mk[38;2;92;106;128m:[38;2;6;24;38m [38;2;6;29;41m [38;2;0;2;0m [38;2;0;6;1m [38;2;0;6;5m [38;2;2;5;0m [38;2;0;3;2m [38;2;2;8;6m [38;2;1;15;11m [38;2;7;20;22m [38;2;7;24;28m [38;2;10;36;44m.[38;2;10;16;18m [38;2;10;45;57m.[38;2;15;47;76m.[38;2;10;47;68m.[38;2;7;46;72m.[38;2;9;47;73m.[38;2;10;46;70m.[38;2;6;33;61m [38;2;69;124;141m:[38;2;37;56;67m.[38;2;24;52;72m.[38;2;38;91;127m,[38;2;42;78;104m'[38;2;13;28;41m [38;2;42;72;148m'[38;2;102;127;138mc[38;2;7;38;51m.[38;2;4;15;38m [38;2;13;32;101m.[38;2;202;241;255mN[38;2;1;2;68m [38;2;20;50;163m.[38;2;77;164;255md[38;2;24;143;255mc[38;2;137;255;255mX[38;2;94;255;255mK[38;2;89;255;255mK[38;2;119;255;255mK[38;2;85;255;255mK[38;2;84;227;255mO[38;2;74;196;255mx[38;2;58;216;255mk[38;2;23;91;233m,[38;2;9;45;195m.[38;2;5;25;102m [38;2;59;88;141m,[38;2;67;90;116m,[38;2;72;97;110m;[38;2;63;85;95m,[38;2;68;91;90m,[38;2;42;66;83m.[38;2;72;101;116m;[38;2;59;84;99m,[38;2;1;25;23m [38;2;12;22;26m [38;2;4;17;14m [38;2;5;34;38m [38;2;4;46;51m.[38;2;7;30;35m [38;2;19;44;45m.[38;2;8;27;23m [38;2;11;43;46m.[38;2;4;38;49m.[0m
[0m[38;2;22;55;56m.[38;2;12;47;58m.[38;2;8;37;40m [38;2;6;15;19m [38;2;8;42;60m.[38;2;5;26;43m [38;2;81;143;168ml[38;2;10;32;55m [38;2;2;4;19m [38;2;13;38;82m.[38;2;4;14;43m [38;2;14;25;69m [38;2;75;98;136m;[38;2;195;216;228mK[38;2;4;12;47m [38;2;4;43;87m.[38;2;4;27;56m [38;2;9;33;58m [38;2;8;38;66m.[38;2;4;24;36m [38;2;7;14;19m [38;2;40;50;51m.[38;2;38;44;43m.[38;2;36;42;42m.[38;2;39;47;51m.[38;2;39;46;48m.[38;2;35;45;49m.[38;2;31;37;44m.[38;2;19;27;30m [38;2;32;45;46m.[38;2;25;37;41m.[38;2;9;20;35m [38;2;5;30;48m [38;2;10;32;55m [38;2;12;36;63m.[38;2;25;60;85m.[38;2;25;41;50m.[38;2;11;47;73m.[38;2;11;51;84m.[38;2;9;44;78m.[38;2;0;6;33m [38;2;71;96;179m;[38;2;85;116;138m:[38;2;45;71;99m'[38;2;50;85;95m,[38;2;9;17;66m [38;2;213;254;255mW[38;2;5;10;67m [38;2;12;32;156m.[38;2;40;122;246mc[38;2;22;178;255mo[38;2;130;255;255mX[38;2;93;255;255mK[38;2;72;255;255m0[38;2;89;255;255mK[38;2;91;255;255mK[38;2;83;255;255mK[38;2;144;255;255mX[38;2;24;235;255mk[38;2;109;252;255mK[38;2;14;159;255ml[38;2;2;52;228m.[38;2;6;43;122m.[38;2;2;33;76m [38;2;9;46;83m.[38;2;10;42;62m.[38;2;5;42;55m.[38;2;15;41;50m.[38;2;5;30;39m [38;2;96;117;149mc[38;2;23;34;50m.[38;2;9;18;25m [38;2;8;40;51m.[38;2;4;50;60m.[38;2;5;39;42m [38;2;0;5;4m [38;2;45;66;61m.[38;2;31;54;57m.[38;2;16;40;48m.[38;2;8;35;47m [0m
[0m[38;2;17;51;52m.[38;2;9;46;52m.[38;2;4;29;30m [38;2;7;15;22m [38;2;9;44;66m.[38;2;4;27;63m [38;2;81;135;193ml[38;2;14;45;155m.[38;2;14;77;195m'[38;2;2;62;189m.[38;2;7;41;189m.[38;2;15;37;191m.[38;2;198;233;253mX[38;2;58;67;168m,[38;2;8;43;169m.[38;2;13;52;168m.[38;2;5;27;104m [38;2;11;45;115m.[38;2;15;46;99m.[38;2;3;17;32m [38;2;64;88;96m,[38;2;143;197;210mO[38;2;144;172;178mx[38;2;133;176;188mx[38;2;141;181;190mk[38;2;141;180;192mk[38;2;118;147;163mo[38;2;135;138;163mo[38;2;89;112;120m:[38;2;110;146;151mo[38;2;101;127;145mc[38;2;120;129;150ml[38;2;56;70;91m'[38;2;86;92;102m;[38;2;25;26;27m [38;2;1;8;7m [38;2;0;8;5m [38;2;5;26;36m [38;2;15;29;45m [38;2;7;30;50m [38;2;1;12;51m [38;2;109;150;223md[38;2;53;77;115m'[38;2;10;37;79m.[38;2;64;115;148m:[38;2;11;20;63m [38;2;200;255;255mW[38;2;11;22;86m [38;2;30;55;161m.[38;2;23;88;232m,[38;2;27;169;255mo[38;2;104;227;255m0[38;2;93;255;255mK[38;2;93;255;255mK[38;2;80;255;255m0[38;2;83;255;255mK[38;2;83;255;255mK[38;2;112;255;255mK[38;2;38;237;255mk[38;2;112;253;255mK[38;2;19;205;255md[38;2;6;71;237m'[38;2;11;48;151m.[38;2;53;93;157m;[38;2;11;41;65m.[38;2;6;26;41m [38;2;1;35;49m [38;2;6;37;48m [38;2;6;33;46m [38;2;36;45;82m.[38;2;74;89;119m;[38;2;8;42;50m.[38;2;8;44;61m.[38;2;9;37;43m.[38;2;31;39;42m.[38;2;29;58;55m.[38;2;20;52;57m.[38;2;10;44;56m.[38;2;7;43;52m.[38;2;9;33;41m [0m
[0m[38;2;20;46;53m.[38;2;9;45;59m.[38;2;7;29;30m [38;2;6;24;28m [38;2;15;43;84m.[38;2;13;27;104m.[38;2;75;141;238ml[38;2;7;81;250m,[38;2;106;255;255mK[38;2;94;238;255m0[38;2;99;218;255mO[38;2;70;175;255md[38;2;100;214;255mO[38;2;77;166;248md[38;2;59;173;255md[38;2;55;158;254mo[38;2;0;99;235m,[38;2;13;64;204m'[38;2;17;36;144m.[38;2;9;29;80m.[38;2;4;14;32m [38;2;21;44;59m.[38;2;6;31;35m [38;2;12;24;24m [38;2;11;25;19m [38;2;9;25;23m [38;2;10;20;18m [38;2;12;37;49m.[38;2;17;29;47m [38;2;6;14;10m [38;2;10;28;49m [38;2;22;40;84m.[38;2;29;45;78m.[38;2;111;119;140mc[38;2;180;198;214m0[38;2;94;101;111m:[38;2;2;7;18m [38;2;0;15;43m [38;2;2;13;38m [38;2;2;8;15m [38;2;3;13;71m [38;2;138;186;247mk[38;2;11;21;30m [38;2;4;14;36m [38;2;13;29;56m [38;2;16;32;101m.[38;2;224;251;255mW[38;2;2;9;41m [38;2;12;39;113m.[38;2;20;46;163m.[38;2;38;92;224m;[38;2;10;70;228m'[38;2;8;132;249m:[38;2;29;168;255mo[38;2;59;184;255md[38;2;51;214;255mk[38;2;77;231;255mO[38;2;112;255;255mK[38;2;52;238;255mO[38;2;123;240;255mK[38;2;18;208;255md[38;2;35;117;242m:[38;2;6;40;136m.[38;2;21;63;122m.[38;2;9;41;66m.[38;2;5;21;31m [38;2;2;38;49m [38;2;10;47;57m.[38;2;2;23;31m [38;2;34;58;99m.[38;2;67;86;121m,[38;2;6;44;51m.[38;2;11;35;43m [38;2;29;44;45m.[38;2;32;54;58m.[38;2;9;41;44m.[38;2;8;45;55m.[38;2;7;45;53m.[38;2;10;42;51m.[38;2;10;36;49m.[0m
[0m[38;2;21;47;56m.[38;2;9;47;59m.[38;2;6;20;33m [38;2;4;23;41m [38;2;14;41;92m.[38;2;8;37;127m.[38;2;77;150;247mo[38;2;0;95;255m,[38;2;130;255;255mX[38;2;109;255;255mK[38;2;38;220;255mk[38;2;127;223;255m0[38;2;64;235;255mO[38;2;103;255;255mK[38;2;113;255;255mK[38;2;182;255;255mN[38;2;33;201;255mx[38;2;23;130;254mc[38;2;22;69;206m'[38;2;27;60;141m.[38;2;30;58;108m.[38;2;30;58;93m.[38;2;22;42;68m.[38;2;25;43;51m.[38;2;21;30;30m [38;2;18;29;27m [38;2;2;4;4m [38;2;11;42;62m.[38;2;18;44;77m.[38;2;6;15;32m [38;2;17;29;48m [38;2;8;37;62m.[38;2;10;43;89m.[38;2;0;0;15m [38;2;27;47;101m.[38;2;205;217;249mX[38;2;51;59;121m.[38;2;14;54;147m.[38;2;6;20;101m [38;2;12;21;89m [38;2;8;39;165m.[38;2;146;211;255m0[38;2;5;6;43m [38;2;18;42;120m.[38;2;2;17;71m [38;2;8;46;147m.[38;2;212;247;255mN[38;2;0;0;0m [38;2;0;9;34m [38;2;5;10;42m [38;2;2;20;75m [38;2;11;16;91m [38;2;18;36;135m.[38;2;7;47;161m.[38;2;13;52;187m.[38;2;9;70;216m'[38;2;3;58;208m.[38;2;12;101;233m;[38;2;63;152;240mo[38;2;71;133;233ml[38;2;26;132;206m:[38;2;54;109;208m:[38;2;7;35;96m.[38;2;6;37;75m.[38;2;3;35;40m [38;2;0;4;1m [38;2;1;16;16m [38;2;8;27;30m [38;2;2;23;34m [38;2;30;64;104m.[38;2;69;94;126m;[38;2;2;11;11m [38;2;25;43;54m.[38;2;8;34;43m [38;2;8;37;42m [38;2;4;39;38m [38;2;6;45;51m.[38;2;5;41;44m.[38;2;4;40;46m.[38;2;9;42;52m.[0m
[0m[38;2;23;52;59m.[38;2;12;49;64m.[38;2;7;24;31m [38;2;6;25;42m [38;2;12;47;98m.[38;2;13;31;132m.[38;2;81;154;250mo[38;2;0;116;255m;[38;2;122;255;255mX[38;2;131;255;255mX[38;2;37;210;255mx[38;2;63;222;255mk[38;2;113;255;255mK[38;2;98;255;255mK[38;2;130;255;255mX[38;2;173;255;255mN[38;2;27;219;255mx[38;2;23;149;255ml[38;2;17;62;231m'[38;2;14;51;154m.[38;2;19;49;109m.[38;2;6;38;87m.[38;2;13;41;81m.[38;2;68;136;167mc[38;2;67;126;158mc[38;2;74;126;171mc[38;2;21;39;53m.[38;2;60;102;118m;[38;2;26;58;83m.[38;2;38;72;89m'[38;2;19;46;76m.[38;2;19;53;84m.[38;2;26;54;102m.[38;2;20;30;70m.[38;2;10;18;103m [38;2;141;171;251mk[38;2;121;145;226md[38;2;8;96;245m,[38;2;5;79;216m'[38;2;11;77;235m,[38;2;15;97;244m;[38;2;155;233;255mK[38;2;5;27;175m.[38;2;18;68;208m'[38;2;5;31;138m.[38;2;1;35;168m.[38;2;210;246;255mN[38;2;0;1;22m [38;2;1;16;60m [38;2;10;33;80m.[38;2;8;31;70m [38;2;4;18;55m [38;2;0;9;26m [38;2;1;6;29m [38;2;0;2;33m [38;2;3;10;41m [38;2;3;11;53m [38;2;0;12;57m [38;2;91;111;179mc[38;2;13;25;86m [38;2;16;26;57m [38;2;18;36;85m.[38;2;12;46;76m.[38;2;19;55;74m.[38;2;1;16;22m [38;2;2;6;1m [38;2;2;7;1m [38;2;2;6;2m [38;2;2;3;2m [38;2;58;81;110m,[38;2;46;61;88m.[38;2;11;32;37m [38;2;10;50;62m.[38;2;7;43;56m.[38;2;7;38;37m [38;2;12;36;45m.[38;2;11;35;42m [38;2;7;41;50m.[38;2;6;46;50m.[38;2;13;42;53m.[0m
[0m[38;2;25;51;59m.[38;2;18;45;65m.[38;2;8;23;30m [38;2;7;26;47m [38;2;14;48;106m.[38;2;6;41;126m.[38;2;80;159;251md[38;2;0;123;255m:[38;2;128;255;255mX[38;2;98;246;255mK[38;2;80;209;255mk[38;2;69;230;255mO[38;2;109;255;255mK[38;2;106;255;255mK[38;2;117;255;255mK[38;2;189;255;255mN[38;2;25;219;255mx[38;2;34;202;255mx[38;2;11;60;235m'[38;2;10;57;163m.[38;2;18;49;119m.[38;2;14;45;98m.[38;2;2;33;62m [38;2;50;94;114m,[38;2;65;139;154mc[38;2;74;151;184ml[38;2;24;37;43m.[38;2;85;153;163mo[38;2;19;44;71m.[38;2;57;100;139m;[38;2;25;51;90m.[38;2;9;39;82m.[38;2;15;53;106m.[38;2;29;65;175m'[38;2;12;50;205m.[38;2;129;200;255mO[38;2;96;236;255m0[38;2;134;238;255mK[38;2;109;238;255m0[38;2;85;214;255mO[38;2;4;199;255md[38;2;111;231;255m0[38;2;53;161;254mo[38;2;19;172;254mo[38;2;3;114;243m;[38;2;1;72;233m'[38;2;169;227;255mK[38;2;0;1;26m [38;2;11;30;103m.[38;2;9;52;93m.[38;2;6;37;57m.[38;2;7;31;60m [38;2;19;32;40m [38;2;111;128;136ml[38;2;94;116;121mc[38;2;91;111;120m:[38;2;84;104;108m;[38;2;46;64;65m.[38;2;88;111;109m:[38;2;32;47;63m.[38;2;41;55;62m.[38;2;27;32;35m.[38;2;3;11;15m [38;2;15;23;29m [38;2;1;10;9m [38;2;0;6;1m [38;2;2;5;6m [38;2;2;5;1m [38;2;2;2;2m [38;2;93;117;138mc[38;2;22;49;68m.[38;2;6;40;46m.[38;2;9;37;46m.[38;2;9;40;54m.[38;2;12;43;55m.[38;2;6;32;39m [38;2;8;39;43m.[38;2;9;45;51m.[38;2;6;45;51m.[38;2;10;43;49m.[0m
[0m[38;2;18;43;44m.[38;2;9;39;51m.[38;2;5;20;29m [38;2;3;28;48m [38;2;13;46;84m.[38;2;8;31;123m.[38;2;74;156;250mo[38;2;1;130;255m:[38;2;155;255;255mX[38;2;60;206;255mk[38;2;88;229;255mO[38;2;102;254;255mK[38;2;103;255;255mK[38;2;110;255;255mK[38;2;119;255;255mK[38;2;194;255;255mN[38;2;8;219;255mx[38;2;42;205;255mx[38;2;34;94;225m;[38;2;4;51;145m.[38;2;9;53;102m.[38;2;12;47;97m.[38;2;13;39;74m.[38;2;25;54;73m.[38;2;70;156;162ml[38;2;78;151;170ml[38;2;4;14;19m [38;2;86;159;174mo[38;2;66;126;170mc[38;2;14;31;59m.[38;2;62;111;140m:[38;2;14;43;90m.[38;2;17;54;132m.[38;2;24;66;192m'[38;2;7;68;241m'[38;2;121;231;255m0[38;2;89;251;255mK[38;2;208;255;255mW[38;2;163;255;255mN[38;2;186;255;255mN[38;2;12;244;255mk[38;2;67;253;255m0[38;2;230;255;255mW[38;2;195;255;255mN[38;2;57;235;255mO[38;2;0;149;255mc[38;2;158;220;255mK[38;2;10;18;115m [38;2;14;37;117m.[38;2;16;46;98m.[38;2;9;26;54m [38;2;20;38;57m.[38;2;7;20;35m [38;2;12;25;33m [38;2;4;12;11m [38;2;3;10;12m [38;2;10;33;38m [38;2;2;23;33m [38;2;90;107;126m:[38;2;5;22;34m [38;2;6;11;20m [38;2;145;164;182mx[38;2;20;32;34m [38;2;7;34;38m [38;2;0;8;3m [38;2;0;6;2m [38;2;0;6;4m [38;2;1;6;0m [38;2;0;0;0m [38;2;127;160;193md[38;2;8;30;32m [38;2;1;5;5m [38;2;16;46;50m.[38;2;9;45;51m.[38;2;15;49;53m.[38;2;13;46;51m.[38;2;8;32;37m [38;2;17;51;50m.[38;2;7;36;39m [38;2;9;46;47m.[0m
[0m[38;2;38;74;69m.[38;2;28;66;77m.[38;2;34;72;82m.[38;2;8;20;38m [38;2;14;46;80m.[38;2;12;29;87m.[38;2;82;147;211mo[38;2;10;67;195m'[38;2;77;166;223md[38;2;22;127;245m:[38;2;118;210;255mO[38;2;59;184;248md[38;2;69;220;255mk[38;2;71;217;255mk[38;2;86;231;255mO[38;2;141;236;255mK[38;2;18;197;255md[38;2;35;128;235mc[38;2;76;144;234mo[38;2;24;63;121m.[38;2;16;59;103m.[38;2;17;46;88m.[38;2;13;44;72m.[38;2;8;29;49m [38;2;68;136;140mc[38;2;78;158;175mo[38;2;1;12;17m [38;2;88;155;173mo[38;2;70;147;170ml[38;2;62;118;150m:[38;2;14;38;68m.[38;2;51;87;142m,[38;2;12;45;128m.[38;2;21;62;195m'[38;2;20;103;246m;[38;2;103;220;255mO[38;2;102;253;255mK[38;2;208;255;255mW[38;2;182;255;255mN[38;2;121;255;255mX[38;2;142;255;255mX[38;2;67;255;255m0[38;2;201;255;255mW[38;2;217;255;255mW[38;2;55;245;255mO[38;2;2;170;255ml[38;2;140;209;255m0[38;2;7;31;177m.[38;2;9;57;152m.[38;2;11;53;105m.[38;2;13;24;63m [38;2;48;74;94m'[38;2;16;50;73m.[38;2;43;85;96m'[38;2;62;111;125m;[38;2;41;73;66m.[38;2;9;24;32m [38;2;10;38;45m.[38;2;110;148;183mo[38;2;19;42;42m.[38;2;0;6;3m [38;2;78;108;146m:[38;2;25;45;66m.[38;2;6;35;40m [38;2;0;6;3m [38;2;0;6;1m [38;2;0;7;0m [38;2;1;5;1m [38;2;34;40;56m.[38;2;90;123;144mc[38;2;7;42;43m.[38;2;0;9;9m [38;2;17;41;49m.[38;2;4;27;31m [38;2;10;39;43m.[38;2;8;30;37m [38;2;9;36;42m [38;2;17;46;49m.[38;2;29;51;55m.[38;2;22;58;57m.[0m
[0m[38;2;20;51;50m.[38;2;11;46;53m.[38;2;9;46;59m.[38;2;4;19;36m [38;2;12;49;70m.[38;2;6;30;61m [38;2;75;137;168ml[38;2;2;8;51m [38;2;10;39;108m.[38;2;22;44;150m.[38;2;196;241;255mN[38;2;6;16;131m [38;2;7;56;182m.[38;2;46;116;240m:[38;2;18;78;199m'[38;2;12;67;195m'[38;2;52;128;221mc[38;2;6;27;106m.[38;2;36;77;138m'[38;2;37;76;117m'[38;2;35;75;109m'[38;2;34;75;106m'[38;2;33;74;99m'[38;2;33;70;77m.[38;2;36;78;100m'[38;2;42;91;104m,[38;2;46;90;115m,[38;2;32;64;73m.[38;2;54;108;120m;[38;2;54;107;127m;[38;2;48;85;112m,[38;2;20;61;94m.[38;2;32;75;147m'[38;2;28;80;203m,[38;2;23;98;239m;[38;2;101;209;255mO[38;2;92;246;255m0[38;2;200;255;255mW[38;2;206;255;255mW[38;2;81;253;255m0[38;2;91;241;255m0[38;2;130;255;255mX[38;2;178;255;255mN[38;2;216;255;255mW[38;2;55;248;255mO[38;2;0;170;255ml[38;2;140;204;254mO[38;2;12;42;174m.[38;2;9;66;149m.[38;2;15;57;113m.[38;2;9;19;55m [38;2;96;154;176mo[38;2;18;49;71m.[38;2;6;29;49m [38;2;59;121;130m:[38;2;64;112;114m;[38;2;13;27;30m [38;2;4;23;40m [38;2;113;144;202mo[38;2;22;51;46m.[38;2;0;5;6m [38;2;84;113;158m:[38;2;21;53;61m.[38;2;50;102;97m,[38;2;2;4;2m [38;2;2;6;4m [38;2;0;6;0m [38;2;0;0;0m [38;2;125;163;182md[38;2;20;43;58m.[38;2;9;45;53m.[38;2;1;12;11m [38;2;2;40;45m.[38;2;31;72;83m.[38;2;18;62;88m.[38;2;19;62;86m.[38;2;7;32;34m [38;2;88;104;100m:[38;2;39;58;54m.[38;2;28;73;65m.[0m
[0m[38;2;15;47;49m.[38;2;8;46;55m.[38;2;10;48;56m.[38;2;1;27;40m [38;2;12;46;64m.[38;2;9;30;50m [38;2;83;149;160ml[38;2;7;28;41m [38;2;9;46;73m.[38;2;6;10;57m [38;2;182;208;249mK[38;2;30;43;72m.[38;2;11;40;91m.[38;2;23;58;115m.[38;2;70;131;167mc[38;2;5;28;72m [38;2;61;121;167m:[38;2;4;12;30m [38;2;15;47;88m.[38;2;9;45;79m.[38;2;9;47;75m.[38;2;7;47;64m.[38;2;10;46;71m.[38;2;12;47;62m.[38;2;14;48;64m.[38;2;8;41;61m.[38;2;45;85;102m'[38;2;20;33;43m.[38;2;19;43;61m.[38;2;7;40;69m.[38;2;11;35;86m.[38;2;32;56;92m.[38;2;108;125;151ml[38;2;140;149;161md[38;2;153;160;193mx[38;2;181;218;229mK[38;2;200;239;245mN[38;2;225;247;249mW[38;2;245;244;245mW[38;2;246;243;252mW[38;2;204;234;250mN[38;2;224;249;255mW[38;2;203;249;254mN[38;2;185;248;255mN[38;2;120;217;255m0[38;2;78;135;252ml[38;2;125;163;208mx[38;2;53;63;142m'[38;2;39;58;111m.[38;2;55;74;94m'[38;2;6;13;31m [38;2;62;111;131m;[38;2;58;115;129m:[38;2;11;44;56m.[38;2;15;44;52m.[38;2;40;79;85m'[38;2;9;25;32m [38;2;23;35;54m.[38;2;114;138;150ml[38;2;3;36;34m [38;2;0;1;2m [38;2;100;130;170ml[38;2;4;22;26m [38;2;21;59;61m.[38;2;1;4;2m [38;2;2;5;2m [38;2;0;7;0m [38;2;32;43;52m.[38;2;109;138;159ml[38;2;9;34;50m [38;2;11;47;61m.[38;2;1;13;14m [38;2;5;34;34m [38;2;26;40;42m.[38;2;18;33;39m.[38;2;46;98;107m,[38;2;4;29;26m [38;2;132;158;152md[38;2;55;84;73m'[38;2;25;76;75m.[0m
[0m[38;2;17;49;50m.[38;2;8;46;57m.[38;2;11;50;52m.[38;2;1;15;25m [38;2;15;48;59m.[38;2;0;27;49m [38;2;75;134;150mc[38;2;4;26;30m [38;2;11;46;58m.[38;2;4;16;37m [38;2;85;124;192mc[38;2;124;143;152mo[38;2;5;26;45m [38;2;5;39;68m.[38;2;38;80;111m'[38;2;49;100;124m;[38;2;58;116;129m:[38;2;2;10;19m [38;2;10;51;70m.[38;2;9;49;66m.[38;2;7;48;69m.[38;2;6;49;63m.[38;2;7;47;64m.[38;2;10;49;65m.[38;2;9;50;67m.[38;2;9;46;60m.[38;2;19;54;73m.[38;2;18;26;39m [38;2;14;41;67m.[38;2;30;48;60m.[38;2;143;144;133mo[38;2;222;214;153mK[38;2;211;181;103mO[38;2;220;181;93mO[38;2;214;184;118mO[38;2;210;178;115mO[38;2;173;139;107md[38;2;192;165;163mk[38;2;236;220;177mX[38;2;255;234;191mN[38;2;255;228;188mN[38;2;255;229;208mN[38;2;255;229;204mN[38;2;255;227;203mN[38;2;255;229;192mN[38;2;255;232;169mN[38;2;255;234;139mN[38;2;255;237;130mN[38;2;229;197;106m0[38;2;245;198;94m0[38;2;207;194;101mO[38;2;204;190;97mO[38;2;156;149;99md[38;2;85;80;69m,[38;2;90;105;96m:[38;2;56;73;77m'[38;2;8;15;31m [38;2;92;115;133m:[38;2;64;82;107m,[38;2;36;80;76m'[38;2;1;7;13m [38;2;114;148;170mo[38;2;21;45;55m.[38;2;36;73;83m.[38;2;4;14;12m [38;2;0;3;1m [38;2;2;5;6m [38;2;128;147;167mo[38;2;11;19;21m [38;2;11;56;59m.[38;2;8;48;60m.[38;2;2;15;16m [38;2;5;28;32m [38;2;58;78;66m'[38;2;55;74;64m'[38;2;24;32;28m [38;2;0;0;0m [38;2;132;150;146mo[38;2;29;54;47m.[38;2;19;54;62m.[0m
[0m[38;2;21;41;47m.[38;2;5;39;50m.[38;2;12;43;49m.[38;2;1;15;14m [38;2;10;37;50m.[38;2;51;96;121m,[38;2;49;108;103m;[38;2;1;10;12m [38;2;7;32;36m [38;2;4;25;25m [38;2;30;41;77m.[38;2;151;189;231mO[38;2;21;37;44m.[38;2;4;28;37m [38;2;4;23;30m [38;2;49;85;92m'[38;2;39;87;91m'[38;2;0;5;15m [38;2;7;32;38m [38;2;7;31;40m [38;2;7;36;40m [38;2;3;34;38m [38;2;4;30;42m [38;2;3;32;41m [38;2;7;30;41m [38;2;7;31;46m [38;2;10;36;55m.[38;2;49;45;53m.[38;2;164;149;95md[38;2;221;187;102mO[38;2;221;185;96mO[38;2;196;144;60md[38;2;105;74;31m,[38;2;152;118;53mc[38;2;147;119;80ml[38;2;161;124;84ml[38;2;167;124;63ml[38;2;127;94;60m:[38;2;160;125;81ml[38;2;185;154;102mx[38;2;194;165;111mx[38;2;234;201;128m0[38;2;213;176;101mk[38;2;255;226;138mX[38;2;255;225;121mX[38;2;255;228;111mX[38;2;255;226;105mX[38;2;255;227;94mX[38;2;255;227;101mX[38;2;255;228;98mX[38;2;250;202;81m0[38;2;252;213;90mK[38;2;255;236;104mN[38;2;255;224;87mX[38;2;255;238;111mN[38;2;207;180;80mk[38;2;121;106;54m:[38;2;168;166;117mx[38;2;33;34;37m.[38;2;7;34;28m [38;2;60;82;106m,[38;2;68;95;104m;[38;2;7;21;28m [38;2;15;46;59m.[38;2;4;18;12m [38;2;0;0;1m [38;2;93;113;132m:[38;2;47;63;67m.[38;2;5;18;18m [38;2;13;55;64m.[38;2;13;47;56m.[38;2;5;16;17m [38;2;15;36;45m.[38;2;32;49;54m.[38;2;30;46;47m.[38;2;12;29;26m [38;2;4;21;18m [38;2;79;99;97m;[38;2;21;49;52m.[38;2;28;57;55m.[0m
[0m[38;2;22;48;50m.[38;2;7;43;61m.[38;2;7;32;31m [38;2;2;16;20m [38;2;9;33;51m [38;2;65;115;124m:[38;2;44;104;110m,[38;2;2;9;16m [38;2;2;8;6m [38;2;4;20;20m [38;2;5;14;16m [38;2;46;88;160m,[38;2;122;147;186mo[38;2;28;32;30m.[38;2;0;2;0m [38;2;0;3;8m [38;2;0;4;5m [38;2;7;25;32m [38;2;6;25;44m [38;2;3;13;21m [38;2;14;19;20m [38;2;52;52;56m.[38;2;52;51;52m.[38;2;51;51;53m.[38;2;58;60;65m.[38;2;68;66;70m'[38;2;71;70;74m'[38;2;79;87;98m,[38;2;127;113;83mc[38;2;107;82;35m,[38;2;102;82;47m,[38;2;72;53;41m.[38;2;120;105;67m:[38;2;159;124;61ml[38;2;171;123;66ml[38;2;130;99;52m:[38;2;111;82;40m,[38;2;115;99;90m:[38;2;153;154;143md[38;2;59;44;42m.[38;2;147;115;101ml[38;2;116;88;52m;[38;2;138;100;67m:[38;2;255;243;135mN[38;2;255;224;100mX[38;2;255;226;102mX[38;2;255;227;99mX[38;2;255;226;96mX[38;2;255;226;92mX[38;2;255;227;90mX[38;2;255;226;89mX[38;2;254;220;80mK[38;2;254;209;74mK[38;2;255;226;90mX[38;2;255;226;90mX[38;2;255;224;88mX[38;2;255;231;88mX[38;2;255;238;100mN[38;2;230;218;105mK[38;2;57;41;22m.[38;2;111;133;154ml[38;2;48;63;70m.[38;2;45;54;57m.[38;2;22;33;33m.[38;2;0;2;0m [38;2;40;53;65m.[38;2;95;127;156mc[38;2;1;0;0m [38;2;10;21;21m [38;2;15;53;65m.[38;2;13;45;55m.[38;2;5;19;17m [38;2;14;39;45m.[38;2;6;32;39m [38;2;7;31;29m [38;2;12;45;54m.[38;2;7;38;38m [38;2;78;132;144mc[38;2;18;48;64m.[38;2;26;47;55m.[0m
[0m[38;2;19;50;47m.[38;2;7;45;58m.[38;2;4;38;29m [38;2;9;16;19m [38;2;10;33;53m [38;2;65;120;127m:[38;2;42;98;100m,[38;2;4;15;15m [38;2;1;7;9m [38;2;11;47;57m.[38;2;4;21;35m [38;2;8;27;34m [38;2;50;78;141m,[38;2;131;167;206mx[38;2;64;71;77m'[38;2;1;1;2m [38;2;0;4;3m [38;2;11;54;92m.[38;2;8;49;95m.[38;2;2;16;32m [38;2;97;119;131mc[38;2;191;212;235mK[38;2;174;207;224m0[38;2;169;200;214m0[38;2;168;198;219mO[38;2;162;196;206mO[38;2;111;148;166mo[38;2;74;102;123m;[38;2;66;67;94m'[38;2;27;56;69m.[38;2;56;86;107m,[38;2;98;129;168ml[38;2;69;106;150m:[38;2;59;94;138m;[38;2;72;106;155m:[38;2;88;123;153mc[38;2;60;80;152m,[38;2;93;124;194ml[38;2;72;78;79m,[38;2;112;91;74m;[38;2;220;174;76mk[38;2;94;73;41m,[38;2;75;49;41m.[38;2;255;248;137mN[38;2;255;224;99mX[38;2;255;226;101mX[38;2;255;226;88mX[38;2;255;226;90mX[38;2;255;227;93mX[38;2;255;228;85mX[38;2;255;228;91mX[38;2;255;226;83mX[38;2;255;226;86mX[38;2;255;226;86mX[38;2;255;226;84mX[38;2;255;225;82mX[38;2;255;225;87mX[38;2;255;225;94mX[38;2;255;231;85mX[38;2;239;222;105mK[38;2;176;170;131mx[38;2;66;66;103m'[38;2;48;61;138m'[38;2;53;72;153m,[38;2;92;114;147mc[38;2;118;156;186md[38;2;6;11;20m [38;2;0;7;5m [38;2;9;22;22m [38;2;16;58;66m.[38;2;12;45;56m.[38;2;5;21;20m [38;2;13;51;51m.[38;2;24;49;64m.[38;2;0;3;0m [38;2;16;45;48m.[38;2;5;36;34m [38;2;84;139;146ml[38;2;6;34;42m [38;2;18;43;50m.[0m
[0m[38;2;19;47;53m.[38;2;8;45;54m.[38;2;6;33;28m [38;2;9;22;28m [38;2;5;33;44m [38;2;69;125;145mc[38;2;35;85;84m'[38;2;4;17;20m [38;2;1;17;18m [38;2;1;23;27m [38;2;10;40;54m.[38;2;3;34;38m [38;2;5;3;9m [38;2;31;58;104m.[38;2;120;165;224mx[38;2;122;140;151mo[38;2;32;36;50m.[38;2;6;39;94m.[38;2;14;49;119m.[38;2;8;31;100m.[38;2;12;24;92m [38;2;16;53;164m.[38;2;13;32;141m.[38;2;13;32;134m.[38;2;16;40;146m.[38;2;16;45;149m.[38;2;23;43;138m.[38;2;33;64;151m'[38;2;20;53;107m.[38;2;19;46;76m.[38;2;23;44;64m.[38;2;18;37;51m.[38;2;5;18;27m [38;2;0;0;0m [38;2;43;65;114m'[38;2;132;148;168md[38;2;92;107;144m:[38;2;108;136;199mo[38;2;82;112;144m:[38;2;95;76;39m,[38;2;209;165;85mk[38;2;88;64;35m'[38;2;37;13;15m [38;2;255;254;128mW[38;2;255;227;93mX[38;2;255;225;85mX[38;2;255;226;85mX[38;2;255;228;94mX[38;2;255;227;90mX[38;2;255;227;85mX[38;2;255;226;87mX[38;2;255;226;86mX[38;2;255;225;87mX[38;2;255;226;83mX[38;2;255;227;85mX[38;2;255;225;81mX[38;2;255;227;87mX[38;2;255;225;89mX[38;2;255;228;91mX[38;2;255;230;129mX[38;2;255;238;176mN[38;2;193;186;205mO[38;2;89;139;250mo[38;2;102;167;248mx[38;2;34;153;252ml[38;2;86;128;194ml[38;2;0;2;38m [38;2;0;15;32m [38;2;11;23;25m [38;2;13;58;71m.[38;2;10;42;56m.[38;2;12;22;22m [38;2;13;53;59m.[38;2;22;50;60m.[38;2;0;0;1m [38;2;21;49;52m.[38;2;28;58;66m.[38;2;56;94;102m,[38;2;9;40;48m.[38;2;14;42;44m.[0m
[0m[38;2;25;49;55m.[38;2;8;45;57m.[38;2;10;40;39m.[38;2;5;18;21m [38;2;5;32;48m [38;2;75;140;150ml[38;2;39;83;79m'[38;2;2;11;17m [38;2;11;42;64m.[38;2;9;39;56m.[38;2;7;47;64m.[38;2;9;30;41m [38;2;7;10;20m [38;2;2;9;23m [38;2;11;26;62m [38;2;55;91;175m;[38;2;127;167;238mx[38;2;110;149;197mo[38;2;73;108;192m:[38;2;27;66;213m'[38;2;13;98;235m;[38;2;5;136;247m:[38;2;3;140;248mc[38;2;25;154;247ml[38;2;33;166;253mo[38;2;49;156;252mo[38;2;20;127;246m:[38;2;29;111;228m:[38;2;16;67;181m'[38;2;13;46;119m.[38;2;18;50;91m.[38;2;26;52;88m.[38;2;21;48;81m.[38;2;32;57;97m.[38;2;51;89;148m,[38;2;163;173;176mk[38;2;56;68;72m'[38;2;20;32;43m.[38;2;151;202;243m0[38;2;24;40;76m.[38;2;66;63;50m.[38;2;82;69;39m'[38;2;159;125;73ml[38;2;255;244;112mN[38;2;255;227;88mX[38;2;255;226;82mX[38;2;255;227;82mX[38;2;255;227;84mX[38;2;255;226;83mX[38;2;255;227;81mX[38;2;255;228;81mX[38;2;255;227;83mX[38;2;255;228;81mX[38;2;255;227;81mX[38;2;255;227;81mX[38;2;255;226;81mX[38;2;255;225;87mX[38;2;255;226;90mX[38;2;255;227;95mX[38;2;255;229;118mX[38;2;255;230;151mN[38;2;255;242;241mW[38;2;235;251;255mW[38;2;175;249;255mN[38;2;33;169;249mo[38;2;97;154;246md[38;2;8;12;52m [38;2;0;15;25m [38;2;9;31;27m [38;2;16;57;71m.[38;2;12;42;51m.[38;2;9;25;25m [38;2;10;50;58m.[38;2;19;50;68m.[38;2;0;1;1m [38;2;20;41;47m.[38;2;65;111;116m;[38;2;18;49;54m.[38;2;12;48;57m.[38;2;17;49;53m.[0m
[0m[38;2;19;43;50m.[38;2;26;69;91m.[38;2;51;98;89m,[38;2;6;18;18m [38;2;4;32;43m [38;2;72;134;144mc[38;2;34;85;89m'[38;2;9;22;20m [38;2;40;84;97m'[38;2;43;77;97m'[38;2;42;85;99m'[38;2;43;103;119m;[38;2;38;75;116m'[38;2;25;56;112m.[38;2;25;63;162m.[38;2;25;75;219m,[38;2;2;135;252m:[38;2;126;225;255m0[38;2;119;236;255mK[38;2;73;218;255mk[38;2;67;226;255mO[38;2;89;244;255m0[38;2;103;248;255mK[38;2;137;252;255mX[38;2;148;253;255mX[38;2;174;252;255mN[38;2;114;242;255mK[38;2;84;171;254md[38;2;158;163;219mx[38;2;180;169;166mk[38;2;198;167;103mk[38;2;221;209;142mK[38;2;193;194;136mO[38;2;148;148;119mo[38;2;112;130;129ml[38;2;160;153;129md[38;2;73;59;46m.[38;2;81;68;48m'[38;2;141;153;141md[38;2;121;141;144mo[38;2;129;137;97ml[38;2;191;175;86mk[38;2;255;235;96mX[38;2;255;228;86mX[38;2;255;228;82mX[38;2;255;229;80mX[38;2;255;227;81mX[38;2;255;226;83mX[38;2;255;227;80mX[38;2;255;227;82mX[38;2;255;226;84mX[38;2;255;225;87mX[38;2;255;228;85mX[38;2;255;228;85mX[38;2;255;228;87mX[38;2;255;223;82mX[38;2;255;224;85mX[38;2;255;226;85mX[38;2;255;225;96mX[38;2;255;227;102mX[38;2;255;229;118mX[38;2;255;234;138mN[38;2;253;234;182mN[38;2;192;198;175m0[38;2;69;99;140m;[38;2;88;122;184mc[38;2;77;106;118m;[38;2;52;73;77m'[38;2;39;66;68m.[38;2;14;40;50m.[38;2;45;61;63m.[38;2;49;57;54m.[38;2;47;71;75m'[38;2;36;66;74m.[38;2;2;9;10m [38;2;12;36;39m [38;2;54;92;97m,[38;2;6;23;33m [38;2;15;43;55m.[38;2;13;40;51m.[0m
[0m[38;2;39;67;81m.[38;2;74;156;165ml[38;2;19;48;38m.[38;2;4;18;21m [38;2;4;33;48m [38;2;79;139;155ml[38;2;30;80;78m'[38;2;23;44;55m.[38;2;76;161;184mo[38;2;70;137;164mc[38;2;58;133;158mc[38;2;55;147;166mc[38;2;69;145;182ml[38;2;19;53;127m.[38;2;14;60;198m.[38;2;12;96;254m;[38;2;0;220;255mx[38;2;171;255;255mN[38;2;154;255;255mX[38;2;152;255;255mX[38;2;121;253;255mK[38;2;102;249;255mK[38;2;92;244;255m0[38;2;94;245;255m0[38;2;99;245;255m0[38;2;115;243;255mK[38;2;57;209;255mk[38;2;60;167;255md[38;2;172;177;230mO[38;2;185;177;177mk[38;2;177;153;136mx[38;2;219;191;113mO[38;2;198;157;69mx[38;2;252;236;146mN[38;2;255;241;125mN[38;2;255;242;117mN[38;2;255;245;136mN[38;2;255;243;122mN[38;2;255;226;106mX[38;2;255;230;107mX[38;2;255;231;103mX[38;2;255;227;88mX[38;2;255;226;99mX[38;2;255;227;97mX[38;2;255;226;86mX[38;2;255;225;99mX[38;2;255;227;90mX[38;2;255;226;87mX[38;2;255;226;90mX[38;2;255;226;93mX[38;2;255;222;91mX[38;2;255;223;93mX[38;2;255;224;86mX[38;2;255;222;84mX[38;2;255;223;86mX[38;2;255;221;97mX[38;2;255;222;82mX[38;2;255;225;86mX[38;2;255;227;91mX[38;2;255;231;87mX[38;2;237;221;91mK[38;2;170;159;77md[38;2;146;149;127md[38;2;105;142;154ml[38;2;107;155;165mo[38;2;112;156;165mo[38;2;96;143;147ml[38;2;113;148;154mo[38;2;159;185;189mk[38;2;187;207;209m0[38;2;233;249;246mW[38;2;237;250;251mW[38;2;235;249;251mW[38;2;214;241;244mN[38;2;193;207;213mK[38;2;183;201;203m0[38;2;150;162;164mx[38;2;147;153;154md[38;2;120;138;139ml[38;2;103;109;116m:[0m
[0m[38;2;81;141;135ml[38;2;21;65;73m.[38;2;2;16;15m [38;2;3;19;27m [38;2;4;34;50m [38;2;77;143;157ml[38;2;36;81;77m'[38;2;23;37;51m.[38;2;72;155;166ml[38;2;60;125;167mc[38;2;58;129;158mc[38;2;51;134;160mc[38;2;67;137;177mc[38;2;62;128;182mc[38;2;23;65;201m'[38;2;11;90;253m,[38;2;0;216;255md[38;2;154;255;255mX[38;2;130;255;255mX[38;2;139;255;255mX[38;2;140;255;255mX[38;2;145;255;255mX[38;2;161;255;255mN[38;2;173;255;255mN[38;2;162;255;255mN[38;2;187;255;255mN[38;2;80;249;255m0[38;2;6;150;255mc[38;2;9;74;238m'[38;2;35;71;162m'[38;2;50;72;111m'[38;2;108;106;102m:[38;2;94;81;48m,[38;2;155;121;59ml[38;2;188;158;75mx[38;2;208;171;78mk[38;2;209;176;70mk[38;2;211;172;72mk[38;2;190;152;58md[38;2;216;180;88mO[38;2;236;199;95m0[38;2;255;227;112mX[38;2;255;226;100mX[38;2;255;226;88mX[38;2;255;220;88mX[38;2;255;219;83mK[38;2;255;220;91mX[38;2;255;219;86mX[38;2;255;218;93mX[38;2;255;218;90mK[38;2;255;219;96mX[38;2;255;220;85mX[38;2;255;223;92mX[38;2;255;218;95mX[38;2;255;219;89mX[38;2;255;217;80mK[38;2;255;217;77mK[38;2;255;218;82mK[38;2;255;231;80mX[38;2;216;193;78mO[38;2;108;110;87m:[38;2;99;136;145ml[38;2;109;143;155mo[38;2;115;151;156mo[38;2;110;149;153mo[38;2;91;127;130mc[38;2;163;185;187mk[38;2;227;245;247mW[38;2;223;245;247mW[38;2;220;242;245mN[38;2;219;241;244mN[38;2;219;242;244mN[38;2;217;241;245mN[38;2;218;241;243mN[38;2;219;242;244mN[38;2;217;241;244mN[38;2;222;243;246mN[38;2;218;243;245mN[38;2;220;245;247mN[38;2;225;246;247mW[0m
[0m[38;2;35;70;62m.[38;2;6;41;56m.[38;2;2;22;24m [38;2;6;15;23m [38;2;3;33;43m [38;2;76;145;155ml[38;2;32;74;69m.[38;2;26;36;49m.[38;2;72;154;156ml[38;2;57;130;162mc[38;2;57;130;160mc[38;2;57;128;160mc[38;2;65;129;168mc[38;2;55;125;172m:[38;2;57;120;211mc[38;2;18;76;238m,[38;2;4;173;255ml[38;2;141;255;255mX[38;2;124;255;255mX[38;2;128;255;255mX[38;2;120;255;255mX[38;2;125;255;255mX[38;2;126;253;255mX[38;2;122;249;255mK[38;2;118;250;255mK[38;2;122;246;255mK[38;2;39;213;255mx[38;2;2;104;247m;[38;2;15;68;214m'[38;2;13;54;141m.[38;2;29;57;105m.[38;2;23;47;85m.[38;2;21;46;64m.[38;2;10;32;41m [38;2;98;119;142mc[38;2;132;124;94ml[38;2;76;62;23m.[38;2;113;107;75m:[38;2;126;104;57m:[38;2;178;118;44ml[38;2;159;112;35mc[38;2;185;140;46mo[38;2;198;158;75mx[38;2;215;176;62mk[38;2;227;188;75mO[38;2;244;210;84mK[38;2;248;215;92mK[38;2;255;222;94mX[38;2;255;225;97mX[38;2;255;223;85mX[38;2;255;222;85mX[38;2;255;221;97mX[38;2;254;222;102mX[38;2;246;210;90mK[38;2;241;206;87m0[38;2;239;202;80m0[38;2;242;205;78m0[38;2;251;219;92mK[38;2;255;245;99mN[38;2;125;88;40m;[38;2;83;130;139mc[38;2;97;128;129mc[38;2;109;132;137ml[38;2;115;145;147mo[38;2;87;110;117m:[38;2;218;234;231mN[38;2;224;247;248mW[38;2;217;241;244mN[38;2;219;241;243mN[38;2;217;241;243mN[38;2;218;241;244mN[38;2;216;241;244mN[38;2;216;241;244mN[38;2;217;241;245mN[38;2;217;241;245mN[38;2;216;241;243mN[38;2;216;241;244mN[38;2;216;241;244mN[38;2;216;241;244mN[38;2;216;241;244mN[0m
[0m[38;2;17;46;46m.[38;2;6;48;60m.[38;2;7;24;22m [38;2;8;14;21m [38;2;7;33;44m [38;2;74;137;156mc[38;2;28;67;60m.[38;2;19;28;42m [38;2;49;113;120m;[38;2;39;93;102m,[38;2;44;89;99m,[38;2;44;88;101m,[38;2;48;94;120m,[38;2;53;105;143m;[38;2;42;83;154m,[38;2;36;79;191m,[38;2;33;105;249m:[38;2;25;126;230m:[38;2;20;158;253ml[38;2;8;154;254ml[38;2;2;161;255ml[38;2;7;160;254ml[38;2;7;154;254mc[38;2;7;145;251mc[38;2;12;127;242m:[38;2;12;107;238m;[38;2;36;124;234mc[38;2;2;24;156m.[38;2;13;57;153m.[38;2;5;54;104m.[38;2;9;46;79m.[38;2;9;47;74m.[38;2;9;43;61m.[38;2;0;18;28m [38;2;122;158;203md[38;2;118;128;128ml[38;2;0;1;0m [38;2;51;100;96m,[38;2;97;142;190mo[38;2;94;99;97m;[38;2;82;69;32m'[38;2;128;108;54m:[38;2;153;108;51mc[38;2;172;127;63ml[38;2;169;120;59ml[38;2;175;120;36ml[38;2;168;122;59ml[38;2;174;128;64mo[38;2;176;138;71mo[38;2;182;141;69mo[38;2;181;139;71mo[38;2;176;132;69mo[38;2;174;130;69mo[38;2;166;122;69ml[38;2;166;120;72ml[38;2;165;125;67ml[38;2;168;120;46ml[38;2;168;122;51ml[38;2;195;151;58md[38;2;89;95;94m;[38;2;104;130;134ml[38;2;88;129;134mc[38;2;106;134;143ml[38;2;85;109;114m:[38;2;192;213;213mK[38;2;222;243;243mN[38;2;216;241;243mN[38;2;216;241;243mN[38;2;216;241;244mN[38;2;216;241;243mN[38;2;215;241;245mN[38;2;218;241;243mN[38;2;217;240;244mN[38;2;216;241;244mN[38;2;216;240;245mN[38;2;216;241;244mN[38;2;215;241;244mN[38;2;217;241;245mN[38;2;217;240;245mN[38;2;216;241;245mN[0m
[0m[38;2;18;38;42m.[38;2;9;38;52m.[38;2;2;31;29m [38;2;9;34;42m [38;2;5;25;38m [38;2;61;130;147mc[38;2;42;89;82m'[38;2;0;5;13m [38;2;7;30;38m [38;2;6;33;46m [38;2;8;47;61m.[38;2;21;54;72m.[38;2;22;60;89m.[38;2;25;66;103m.[38;2;27;59;104m.[38;2;39;73;135m'[38;2;88;159;216mo[38;2;4;16;106m [38;2;14;64;180m.[38;2;10;64;187m.[38;2;14;63;190m.[38;2;12;60;178m.[38;2;10;60;179m.[38;2;10;64;175m.[38;2;8;56;145m.[38;2;13;54;144m.[38;2;17;57;140m.[38;2;17;46;91m.[38;2;13;47;95m.[38;2;7;46;82m.[38;2;9;47;81m.[38;2;8;48;64m.[38;2;6;47;62m.[38;2;0;25;35m [38;2;120;155;189md[38;2;116;132;130ml[38;2;0;1;0m [38;2;33;61;58m.[38;2;126;198;252mO[38;2;50;80;112m'[38;2;0;12;3m [38;2;1;8;10m [38;2;3;5;4m [38;2;31;28;18m [38;2;68;55;49m.[38;2;129;137;121ml[38;2;131;111;88mc[38;2;114;95;80m:[38;2;118;101;74m:[38;2;134;114;94mc[38;2;138;140;114mo[38;2;170;148;124md[38;2;184;150;132mx[38;2;178;143;140md[38;2;131;116;134ml[38;2;117;104;148mc[38;2;139;119;126ml[38;2;168;148;116md[38;2;145;115;57mc[38;2;31;40;44m.[38;2;71;99;102m;[38;2;80;121;114m:[38;2;108;145;148mo[38;2;61;90;104m,[38;2;244;255;255mM[38;2;214;238;240mN[38;2;214;240;245mN[38;2;215;240;243mN[38;2;216;240;243mN[38;2;215;240;241mN[38;2;215;241;243mN[38;2;216;240;244mN[38;2;216;241;244mN[38;2;217;241;243mN[38;2;216;241;243mN[38;2;216;241;244mN[38;2;216;241;245mN[38;2;216;241;244mN[38;2;217;241;246mN[38;2;218;240;246mN[0m
[0m[38;2;21;44;50m.[38;2;10;45;64m.[38;2;4;45;51m.[38;2;6;43;57m.[38;2;3;23;32m [38;2;60;120;140m:[38;2;50;93;97m,[38;2;2;12;18m [38;2;3;44;58m.[38;2;5;43;57m.[38;2;2;42;59m.[38;2;3;43;61m.[38;2;6;42;63m.[38;2;7;41;64m.[38;2;7;43;69m.[38;2;4;34;65m [38;2;53;103;141m;[38;2;1;11;38m [38;2;9;46;96m.[38;2;11;45;101m.[38;2;12;46;100m.[38;2;10;47;93m.[38;2;7;46;101m.[38;2;6;49;97m.[38;2;6;49;84m.[38;2;8;47;90m.[38;2;7;47;75m.[38;2;41;68;79m.[38;2;15;50;70m.[38;2;4;39;55m.[38;2;8;31;43m [38;2;3;26;34m [38;2;2;19;22m [38;2;0;9;9m [38;2;99;146;188mo[38;2;128;136;137mo[38;2;3;9;9m [38;2;23;44;67m.[38;2;162;217;255mK[38;2;22;31;48m.[38;2;15;51;56m.[38;2;0;18;18m [38;2;2;6;8m [38;2;0;11;28m [38;2;0;8;33m [38;2;143;175;217mk[38;2;69;85;158m;[38;2;10;38;163m.[38;2;0;35;173m.[38;2;2;40;174m.[38;2;5;59;191m.[38;2;32;91;221m;[38;2;71;169;246md[38;2;87;175;243mx[38;2;85;172;242md[38;2;106;177;249mx[38;2;1;113;233m;[38;2;46;100;214m;[38;2;67;80;129m,[38;2;1;7;32m [38;2;0;7;16m [38;2;3;12;13m [38;2;30;41;45m.[38;2;32;48;48m.[38;2;158;185;184mk[38;2;199;224;227mX[38;2;225;246;247mW[38;2;218;242;242mN[38;2;214;240;242mN[38;2;215;240;243mN[38;2;215;239;241mN[38;2;215;240;242mN[38;2;216;241;243mN[38;2;216;241;243mN[38;2;215;240;242mN[38;2;215;240;243mN[38;2;215;240;242mN[38;2;212;240;245mN[38;2;216;240;245mN[38;2;216;241;245mN[0m
[0m[38;2;20;45;53m.[38;2;6;43;54m.[38;2;4;41;54m.[38;2;2;42;52m.[38;2;4;26;43m [38;2;57;104;146m;[38;2;52;109;105m;[38;2;0;9;14m [38;2;4;42;54m.[38;2;4;41;53m.[38;2;4;41;54m.[38;2;2;41;56m.[38;2;5;42;59m.[38;2;3;43;61m.[38;2;4;43;58m.[38;2;2;41;58m.[38;2;7;43;65m.[38;2;3;18;33m [38;2;5;53;73m.[38;2;6;43;69m.[38;2;8;40;61m.[38;2;2;38;57m.[38;2;3;32;49m [38;2;7;29;46m [38;2;3;23;39m [38;2;2;17;27m [38;2;2;18;20m [38;2;8;23;27m [38;2;5;26;30m [38;2;0;5;10m [38;2;11;26;28m [38;2;9;27;37m [38;2;1;17;23m [38;2;1;0;0m [38;2;91;137;182ml[38;2;132;146;150mo[38;2;1;9;7m [38;2;37;67;107m.[38;2;222;246;255mW[38;2;0;7;6m [38;2;19;55;79m.[38;2;0;24;37m [38;2;2;5;12m [38;2;1;11;39m [38;2;11;18;115m [38;2;150;191;248mO[38;2;35;115;234m:[38;2;49;164;255mo[38;2;68;192;255mx[38;2;91;215;255mO[38;2;131;223;255m0[38;2;101;241;255m0[38;2;46;228;255mk[38;2;61;241;255mO[38;2;183;255;255mN[38;2;188;255;255mN[38;2;1;191;255mo[38;2;2;77;248m'[38;2;18;53;170m.[38;2;1;14;64m [38;2;0;16;54m [38;2;0;19;43m [38;2;0;7;21m [38;2;2;7;10m [38;2;115;153;169mo[38;2;87;124;124mc[38;2;127;153;156md[38;2;177;198;200m0[38;2;214;238;237mN[38;2;223;246;246mW[38;2;214;239;241mN[38;2;216;241;242mN[38;2;216;241;243mN[38;2;215;241;242mN[38;2;215;241;242mN[38;2;214;240;243mN[38;2;213;239;242mN[38;2;212;240;242mN[38;2;215;240;246mN[38;2;216;240;243mN[0m
[0m[38;2;22;45;53m.[38;2;6;43;52m.[38;2;4;40;52m.[38;2;3;42;49m.[38;2;1;24;38m [38;2;56;105;154m;[38;2;51;118;109m;[38;2;0;12;21m [38;2;3;43;61m.[38;2;4;43;57m.[38;2;6;43;51m.[38;2;5;44;54m.[38;2;6;39;51m.[38;2;3;35;44m [38;2;0;33;36m [38;2;2;28;29m [38;2;4;26;43m [38;2;1;7;12m [38;2;2;18;19m [38;2;2;10;14m [38;2;26;31;32m.[38;2;50;51;53m.[38;2;51;51;51m.[38;2;50;52;51m.[38;2;51;53;54m.[38;2;51;52;51m.[38;2;44;42;45m.[38;2;47;64;78m.[38;2;24;58;60m.[38;2;24;27;31m [38;2;11;29;28m [38;2;10;28;41m [38;2;5;18;20m [38;2;1;0;0m [38;2;56;86;151m,[38;2;172;195;202mO[38;2;0;1;0m [38;2;66;98;162m;[38;2;188;210;232mK[38;2;4;13;12m [38;2;5;36;54m [38;2;6;23;49m [38;2;24;43;65m.[38;2;42;66;134m'[38;2;20;45;198m.[38;2;149;227;255mK[38;2;93;248;255m0[38;2;137;255;255mX[38;2;139;255;255mX[38;2;145;255;255mX[38;2;183;255;255mN[38;2;127;255;255mX[38;2;16;237;255mk[38;2;42;223;255mk[38;2;139;255;255mX[38;2;158;255;255mX[38;2;1;182;255mo[38;2;2;63;240m'[38;2;13;38;164m.[38;2;0;15;55m [38;2;0;21;44m [38;2;0;24;48m [38;2;0;6;30m [38;2;1;9;7m [38;2;115;162;166md[38;2;98;128;134mc[38;2;90;128;127mc[38;2;78;115;128m:[38;2;96;130;135mc[38;2;132;167;178mx[38;2;172;197;205mO[38;2;211;239;241mN[38;2;218;241;242mN[38;2;214;241;242mN[38;2;214;240;241mN[38;2;209;239;242mN[38;2;211;239;242mN[38;2;212;239;240mN[38;2;212;239;246mN[38;2;214;240;244mN[0m
[0m[38;2;19;48;59m.[38;2;4;47;52m.[38;2;2;34;55m [38;2;6;41;56m.[38;2;2;27;41m [38;2;52;93;143m,[38;2;51;119;115m;[38;2;0;9;11m [38;2;4;24;31m [38;2;2;22;24m [38;2;2;13;18m [38;2;1;15;9m [38;2;0;8;3m [38;2;0;2;0m [38;2;0;3;0m [38;2;0;2;1m [38;2;2;25;34m [38;2;2;30;38m [38;2;6;33;45m [38;2;0;4;8m [38;2;141;154;169md[38;2;170;220;227mK[38;2;180;217;226mK[38;2;177;221;225mK[38;2;174;221;226mK[38;2;184;222;227mK[38;2;161;187;202mO[38;2;127;148;164mo[38;2;134;174;169mx[38;2;125;147;149mo[38;2;94;113;132m:[38;2;124;147;161mo[38;2;101;106;109m:[38;2;16;22;20m [38;2;18;34;69m.[38;2;221;250;254mW[38;2;9;12;17m [38;2;111;160;217md[38;2;129;133;143ml[38;2;3;17;22m [38;2;9;37;61m.[38;2;8;33;65m.[38;2;65;135;158mc[38;2;72;151;201ml[38;2;24;61;229m'[38;2;112;228;255m0[38;2;95;255;255mK[38;2;91;255;255mK[38;2;106;255;255mK[38;2;113;255;255mK[38;2;158;255;255mX[38;2;114;255;255mK[38;2;20;227;255mk[38;2;44;183;255md[38;2;87;213;255mO[38;2;60;173;252md[38;2;1;93;236m,[38;2;13;57;198m.[38;2;32;46;127m.[38;2;30;48;89m.[38;2;0;13;25m [38;2;0;17;35m [38;2;0;6;25m [38;2;0;1;0m [38;2;110;153;156mo[38;2;97;123;127mc[38;2;90;124;122mc[38;2;92;123;124mc[38;2;89;124;128mc[38;2;85;125;131mc[38;2;76;117;123m:[38;2;91;135;134ml[38;2;132;163;172md[38;2;175;204;207m0[38;2;215;239;243mN[38;2;221;242;246mN[38;2;213;240;242mN[38;2;213;239;243mN[38;2;213;237;245mN[38;2;212;239;245mN[0m
[0m[38;2;13;31;35m [38;2;4;25;27m [38;2;11;15;24m [38;2;1;15;28m [38;2;10;32;49m [38;2;47;81;128m,[38;2;63;138;131mc[38;2;1;11;3m [38;2;0;7;5m [38;2;11;21;20m [38;2;5;15;22m [38;2;12;27;24m [38;2;0;9;5m [38;2;0;5;0m [38;2;0;5;0m [38;2;6;4;1m [38;2;1;28;37m [38;2;8;44;57m.[38;2;6;49;70m.[38;2;4;13;27m [38;2;14;28;37m [38;2;16;48;71m.[38;2;17;47;81m.[38;2;23;54;86m.[38;2;21;47;119m.[38;2;27;68;128m.[38;2;27;43;124m.[38;2;25;51;87m.[38;2;33;50;50m.[38;2;18;42;39m.[38;2;7;14;30m [38;2;41;87;142m,[38;2;123;150;192md[38;2;179;192;201mO[38;2;18;23;32m [38;2;186;219;247mK[38;2;68;96;93m;[38;2;158;184;235mO[38;2;108;128;128ml[38;2;28;60;64m.[38;2;7;40;67m.[38;2;9;39;74m.[38;2;19;58;82m.[38;2;66;129;192mc[38;2;38;78;224m,[38;2;114;214;255mO[38;2;131;255;255mX[38;2;77;255;255m0[38;2;91;255;255mK[38;2;84;255;255mK[38;2;90;237;255m0[38;2;23;177;255mo[38;2;72;194;255mx[38;2;15;64;222m'[38;2;12;67;207m'[38;2;13;53;201m.[38;2;7;34;116m.[38;2;14;52;105m.[38;2;14;34;76m.[38;2;71;98;144m;[38;2;3;13;18m [38;2;39;61;77m.[38;2;0;4;15m [38;2;0;4;5m [38;2;109;148;140mo[38;2;93;127;120mc[38;2;90;129;118mc[38;2;86;122;114mc[38;2;95;123;139mc[38;2;87;124;112mc[38;2;85;119;124m:[38;2;88;128;125mc[38;2;79;121;130m:[38;2;76;108;128m:[38;2;103;142;159ml[38;2;158;189;199mO[38;2;216;240;243mN[38;2;217;241;244mN[38;2;217;240;244mN[38;2;216;240;246mN[0m
