[0m[38;2;21;51;46m.[38;2;10;49;43m.[38;2;14;41;33m.[38;2;1;14;9m [38;2;8;40;46m.[38;2;5;29;34m [38;2;83;150;147ml[38;2;18;40;35m.[38;2;1;4;0m [38;2;3;9;0m [38;2;8;9;7m [38;2;5;22;12m [38;2;7;25;21m [38;2;2;13;19m [38;2;122;165;198md[38;2;100;117;129mc[38;2;1;14;12m [38;2;8;48;60m.[38;2;14;51;82m.[38;2;8;49;80m.[38;2;10;50;94m.[38;2;11;57;92m.[38;2;13;58;121m.[38;2;14;56;145m.[38;2;19;65;159m.[38;2;8;67;192m.[38;2;65;179;242md[38;2;18;82;232m,[38;2;41;146;250ml[38;2;57;179;253md[38;2;74;213;255mk[38;2;75;241;255m0[38;2;84;255;255mK[38;2;103;255;255mK[38;2;87;255;255mK[38;2;142;255;255mX[38;2;25;216;255mx[38;2;67;170;255md[38;2;52;123;223mc[38;2;9;49;138m.[38;2;12;45;120m.[38;2;28;68;167m'[38;2;144;162;214mx[38;2;7;51;188m.[38;2;6;131;253m:[38;2;100;255;255mK[38;2;121;207;255mO[38;2;94;244;255m0[38;2;104;252;255mK[38;2;76;219;255mO[38;2;49;184;255md[38;2;11;139;253mc[38;2;6;85;237m,[38;2;6;79;230m'[38;2;9;66;214m'[38;2;5;50;171m.[38;2;16;58;142m.[38;2;5;21;71m [38;2;60;107;183m:[38;2;13;32;66m.[38;2;6;29;57m [38;2;10;34;49m [38;2;16;35;52m.[38;2;11;52;68m.[38;2;7;44;54m.[38;2;16;39;55m.[38;2;6;37;42m [38;2;15;52;58m.[38;2;10;48;58m.[38;2;17;55;62m.[38;2;5;29;38m [38;2;14;49;54m.[38;2;11;47;48m.[38;2;1;3;1m [38;2;13;34;31m [38;2;8;42;44m.[38;2;9;40;45m.[38;2;9;37;37m [38;2;24;49;44m.[38;2;6;52;41m.[0m
[0m[38;2;20;50;48m.[38;2;7;44;43m.[38;2;6;35;27m [38;2;0;14;12m [38;2;6;36;43m [38;2;1;30;30m [38;2;73;148;152ml[38;2;10;30;25m [38;2;1;6;5m [38;2;0;5;1m [38;2;1;1;1m [38;2;0;1;0m [38;2;0;1;0m [38;2;26;44;58m.[38;2;196;223;240mX[38;2;14;15;22m [38;2;2;13;12m [38;2;3;19;15m [38;2;7;23;28m [38;2;4;28;40m [38;2;7;31;52m [38;2;9;38;68m.[38;2;13;42;86m.[38;2;11;48;93m.[38;2;13;50;108m.[38;2;13;48;120m.[38;2;32;93;165m,[38;2;21;36;131m.[38;2;13;63;191m.[38;2;9;60;198m.[38;2;12;69;225m'[38;2;12;98;242m;[38;2;14;127;246m:[38;2;41;160;253mo[38;2;48;184;255md[38;2;89;232;255m0[38;2;18;178;252mo[38;2;61;147;252ml[38;2;83;160;230mo[38;2;15;58;132m.[38;2;0;27;109m [38;2;32;67;190m'[38;2;131;158;206md[38;2;11;51;202m.[38;2;7;138;255mc[38;2;113;255;255mK[38;2;103;206;255mO[38;2;73;248;255m0[38;2;111;255;255mK[38;2;109;255;255mK[38;2;111;255;255mK[38;2;69;255;255m0[38;2;74;235;255mO[38;2;69;209;255mk[38;2;45;175;255md[38;2;10;119;247m:[38;2;6;71;223m'[38;2;4;25;143m.[38;2;80;142;225ml[38;2;13;36;81m.[38;2;10;28;75m [38;2;8;38;56m.[38;2;53;77;94m'[38;2;56;63;68m.[38;2;57;76;83m'[38;2;49;68;83m'[38;2;49;70;74m'[38;2;29;62;68m.[38;2;17;56;63m.[38;2;8;46;54m.[38;2;0;25;28m [38;2;13;46;47m.[38;2;6;33;37m [38;2;1;3;4m [38;2;6;35;34m [38;2;7;31;35m [38;2;8;34;40m [38;2;9;35;26m [38;2;11;40;42m.[38;2;8;43;40m.[0m
[0m[38;2;19;49;51m.[38;2;17;43;52m.[38;2;13;35;32m [38;2;1;9;15m [38;2;10;40;51m.[38;2;2;28;31m [38;2;78;148;150ml[38;2;2;21;23m [38;2;3;23;29m [38;2;7;20;26m [38;2;6;20;17m [38;2;7;26;33m [38;2;0;0;5m [38;2;149;177;199mk[38;2;95;108;125m:[38;2;3;23;36m [38;2;6;30;36m [38;2;0;2;0m [38;2;0;1;1m [38;2;2;3;5m [38;2;2;4;7m [38;2;1;1;9m [38;2;4;7;16m [38;2;7;14;27m [38;2;6;22;42m [38;2;15;27;74m [38;2;12;40;90m.[38;2;5;16;59m [38;2;17;49;139m.[38;2;10;60;149m.[38;2;19;58;157m.[38;2;10;57;170m.[38;2;17;60;177m.[38;2;11;60;182m.[38;2;11;51;199m.[38;2;46;132;220mc[38;2;36;62;164m'[38;2;27;59;170m.[38;2;40;97;178m;[38;2;35;87;154m,[38;2;17;34;105m.[38;2;36;84;190m,[38;2;102;134;183ml[38;2;8;49;203m.[38;2;10;139;255mc[38;2;132;255;255mX[38;2;105;219;255mO[38;2;77;249;255m0[38;2;89;255;255mK[38;2;94;255;255mK[38;2;90;255;255mK[38;2;89;255;255mK[38;2;90;255;255mK[38;2;90;255;255mK[38;2;125;255;255mX[38;2;110;255;255mK[38;2;8;128;255m:[38;2;21;69;211m'[38;2;119;177;250mx[38;2;8;33;83m.[38;2;8;28;93m.[38;2;5;29;51m [38;2;67;92;111m,[38;2;70;92;103m,[38;2;72;95;104m;[38;2;67;89;101m,[38;2;72;91;97m,[38;2;48;72;91m'[38;2;83;104;113m:[38;2;55;80;110m,[38;2;4;26;28m [38;2;8;25;28m [38;2;4;15;14m [38;2;8;34;42m [38;2;11;50;59m.[38;2;12;30;33m [38;2;21;43;50m.[38;2;8;27;26m [38;2;11;40;55m.[38;2;10;42;46m.[0m
[0m[38;2;18;54;54m.[38;2;17;46;57m.[38;2;8;38;31m [38;2;5;14;20m [38;2;15;41;52m.[38;2;4;25;42m [38;2;80;147;149ml[38;2;13;34;46m.[38;2;1;6;9m [38;2;10;36;46m.[38;2;4;16;15m [38;2;12;27;32m [38;2;77;96;130m;[38;2;201;217;228mK[38;2;6;14;25m [38;2;8;42;57m.[38;2;7;29;47m [38;2;6;35;53m [38;2;13;36;60m.[38;2;13;21;39m [38;2;10;14;19m [38;2;42;50;53m.[38;2;39;47;57m.[38;2;38;41;55m.[38;2;40;43;61m.[38;2;42;46;68m.[38;2;38;48;66m.[38;2;37;41;75m.[38;2;23;32;73m.[38;2;32;45;100m.[38;2;25;35;91m.[38;2;8;24;80m [38;2;11;34;105m.[38;2;17;37;125m.[38;2;16;42;137m.[38;2;20;67;154m.[38;2;24;49;102m.[38;2;21;52;133m.[38;2;12;59;128m.[38;2;11;53;117m.[38;2;1;10;61m [38;2;76;118;208mc[38;2;83;115;170mc[38;2;37;84;201m,[38;2;39;144;251ml[38;2;63;167;245md[38;2;148;238;255mK[38;2;82;252;255m0[38;2;94;255;255mK[38;2;86;255;255mK[38;2;72;255;255m0[38;2;94;255;255mK[38;2;88;255;255mK[38;2;68;255;255m0[38;2;95;255;255mK[38;2;113;255;255mK[38;2;4;140;255mc[38;2;59;141;250ml[38;2;107;163;241md[38;2;5;23;75m [38;2;16;34;88m.[38;2;8;40;70m.[38;2;9;35;73m.[38;2;7;32;55m [38;2;20;44;72m.[38;2;14;33;57m.[38;2;11;43;47m.[38;2;18;42;58m.[38;2;13;28;43m [38;2;107;120;153mc[38;2;26;31;43m.[38;2;11;23;24m [38;2;17;40;59m.[38;2;17;49;67m.[38;2;11;38;43m.[38;2;1;3;5m [38;2;45;69;59m.[38;2;29;55;54m.[38;2;16;40;49m.[38;2;10;43;49m.[0m
[0m[38;2;19;49;51m.[38;2;12;46;52m.[38;2;9;34;28m [38;2;8;19;20m [38;2;12;42;47m.[38;2;4;26;40m [38;2;80;152;159ml[38;2;18;35;40m.[38;2;10;36;41m [38;2;2;17;22m [38;2;6;21;25m [38;2;20;36;64m.[38;2;214;230;251mN[38;2;52;59;70m.[38;2;6;37;49m.[38;2;10;45;67m.[38;2;4;24;31m [38;2;8;41;69m.[38;2;16;49;84m.[38;2;7;16;29m [38;2;68;86;86m,[38;2;159;199;210mO[38;2;152;180;203mk[38;2;136;175;198mx[38;2;141;172;206mx[38;2;143;176;212mk[38;2;129;157;195md[38;2;146;148;197md[38;2;96;125;176ml[38;2;107;153;207md[38;2;105;132;173ml[38;2;117;135;159ml[38;2;51;78;135m,[38;2;85;93;132m;[38;2;25;26;72m.[38;2;1;12;62m [38;2;0;11;65m [38;2;10;27;87m.[38;2;8;39;95m.[38;2;13;32;80m.[38;2;4;16;100m [38;2;113;158;234md[38;2;57;77;144m,[38;2;9;44;142m.[38;2;65;119;226mc[38;2;7;33;163m.[38;2;206;253;255mW[38;2;0;97;233m,[38;2;39;163;255mo[38;2;54;200;255mx[38;2;60;232;255mO[38;2;88;237;255m0[38;2;87;255;255mK[38;2;94;255;255mK[38;2;87;255;255mK[38;2;117;255;255mK[38;2;1;135;255m:[38;2;16;76;239m,[38;2;115;162;236md[38;2;11;31;100m.[38;2;52;91;140m,[38;2;21;53;95m.[38;2;18;44;87m.[38;2;52;98;113m,[38;2;19;41;60m.[38;2;10;23;36m [38;2;19;38;47m.[38;2;10;38;47m.[38;2;14;33;44m [38;2;42;49;81m.[38;2;75;93;118m;[38;2;16;42;52m.[38;2;20;47;68m.[38;2;19;39;46m.[38;2;30;42;44m.[38;2;42;59;55m.[38;2;26;53;54m.[38;2;17;44;59m.[38;2;15;44;53m.[38;2;13;35;39m [0m
[0m[38;2;18;47;56m.[38;2;14;44;64m.[38;2;6;28;35m [38;2;6;21;17m [38;2;9;43;50m.[38;2;3;28;32m [38;2;83;153;158ml[38;2;8;15;17m [38;2;33;73;78m.[38;2;35;64;74m.[38;2;20;28;49m [38;2;127;159;191md[38;2;120;126;152ml[38;2;23;43;50m.[38;2;21;52;64m.[38;2;29;61;83m.[38;2;4;15;27m [38;2;14;49;71m.[38;2;9;40;77m.[38;2;10;28;51m [38;2;4;15;26m [38;2;21;48;62m.[38;2;12;30;70m.[38;2;13;27;55m [38;2;12;28;69m [38;2;13;31;98m.[38;2;13;29;106m.[38;2;31;55;163m.[38;2;15;56;153m.[38;2;11;30;147m.[38;2;16;47;177m.[38;2;21;59;197m.[38;2;27;65;183m'[38;2;103;125;204ml[38;2;178;206;234m0[38;2;94;103;143m:[38;2;3;13;91m [38;2;3;18;92m [38;2;1;18;71m [38;2;1;7;29m [38;2;11;31;110m.[38;2;140;187;248mO[38;2;8;14;39m [38;2;4;14;57m [38;2;18;33;93m.[38;2;10;42;140m.[38;2;204;255;255mW[38;2;6;16;109m [38;2;18;53;196m.[38;2;17;70;227m'[38;2;31;117;234m:[38;2;1;76;233m'[38;2;17;142;250mc[38;2;36;167;255mo[38;2;51;182;255md[38;2;86;205;255mk[38;2;5;79;241m,[38;2;15;61;193m.[38;2;105;152;213mo[38;2;21;38;94m.[38;2;52;83;104m,[38;2;57;103;146m;[38;2;11;33;72m.[38;2;34;69;98m.[38;2;17;44;67m.[38;2;13;28;32m [38;2;15;36;57m.[38;2;22;49;60m.[38;2;3;25;24m [38;2;37;57;88m.[38;2;76;92;125m;[38;2;19;44;53m.[38;2;19;39;46m.[38;2;37;52;52m.[38;2;36;58;60m.[38;2;19;42;57m.[38;2;19;46;63m.[38;2;18;46;63m.[38;2;12;44;53m.[38;2;14;39;56m.[0m
[0m[38;2;27;47;49m.[38;2;13;46;68m.[38;2;5;24;26m [38;2;8;21;21m [38;2;10;45;51m.[38;2;3;28;35m [38;2;88;151;165mo[38;2;0;2;5m [38;2;10;42;56m.[38;2;6;33;40m [38;2;29;49;112m.[38;2;175;199;219m0[38;2;5;7;15m [38;2;52;116;126m;[38;2;61;122;139m:[38;2;70;129;157mc[38;2;14;36;34m.[38;2;51;80;108m'[38;2;29;57;87m.[38;2;35;58;98m.[38;2;27;59;90m.[38;2;30;64;105m.[38;2;22;47;94m.[38;2;21;48;100m.[38;2;21;38;113m.[38;2;14;34;163m.[38;2;1;42;191m.[38;2;11;118;250m:[38;2;6;139;255mc[38;2;2;121;245m:[38;2;7;110;249m;[38;2;4;115;244m;[38;2;5;107;246m;[38;2;0;41;208m.[38;2;29;75;237m,[38;2;189;226;255mX[38;2;44;77;174m,[38;2;13;60;183m.[38;2;7;21;112m [38;2;8;19;82m [38;2;23;51;149m.[38;2;151;205;255m0[38;2;2;7;25m [38;2;13;49;105m.[38;2;6;11;62m [38;2;15;50;141m.[38;2;207;248;255mN[38;2;0;0;9m [38;2;0;8;58m [38;2;5;19;78m [38;2;5;20;94m [38;2;7;24;116m.[38;2;13;43;139m.[38;2;9;48;167m.[38;2;8;49;164m.[38;2;8;59;172m.[38;2;10;27;123m.[38;2;32;67;122m.[38;2;92;116;176mc[38;2;31;48;87m.[38;2;49;72;90m'[38;2;70;114;141m:[38;2;12;35;63m.[38;2;12;44;53m.[38;2;15;28;48m [38;2;2;6;2m [38;2;7;15;19m [38;2;15;28;33m [38;2;13;25;26m [38;2;40;62;92m.[38;2;80;95;119m;[38;2;2;12;12m [38;2;25;46;52m.[38;2;14;35;39m.[38;2;15;39;55m.[38;2;14;38;53m.[38;2;14;49;60m.[38;2;9;43;46m.[38;2;14;39;44m.[38;2;25;47;60m.[0m
[0m[38;2;26;46;49m.[38;2;8;44;65m.[38;2;7;23;23m [38;2;8;26;21m [38;2;9;44;53m.[38;2;0;29;45m [38;2;90;159;166mo[38;2;0;7;2m [38;2;10;44;59m.[38;2;5;22;41m [38;2;102;141;205mo[38;2;78;85;98m,[38;2;4;29;38m [38;2;19;47;59m.[38;2;69;151;165ml[38;2;74;138;178ml[38;2;16;37;42m.[38;2;54;99;126m;[38;2;8;39;82m.[38;2;9;47;86m.[38;2;11;43;88m.[38;2;10;42;100m.[38;2;7;52;109m.[38;2;69;145;210ml[38;2;71;146;230ml[38;2;69;164;251md[38;2;17;156;255ml[38;2;113;239;255mK[38;2;121;246;255mK[38;2;120;250;255mK[38;2;90;241;255m0[38;2;87;240;255m0[38;2;63;224;255mk[38;2;46;192;255md[38;2;27;156;255ml[38;2;101;216;255mO[38;2;116;144;230md[38;2;8;58;218m.[38;2;6;28;143m.[38;2;9;22;107m [38;2;41;85;195m,[38;2;172;217;246mK[38;2;0;12;47m [38;2;25;59;121m.[38;2;3;19;62m [38;2;9;32;111m.[38;2;196;242;254mN[38;2;0;4;10m [38;2;2;18;41m [38;2;17;36;89m.[38;2;8;29;76m [38;2;7;23;59m [38;2;0;10;43m [38;2;1;7;37m [38;2;0;6;30m [38;2;3;13;36m [38;2;1;6;23m [38;2;6;19;38m [38;2;100;118;167mc[38;2;17;34;54m.[38;2;13;31;44m [38;2;17;47;51m.[38;2;18;52;66m.[38;2;18;54;71m.[38;2;1;15;17m [38;2;1;4;5m [38;2;0;4;1m [38;2;1;3;1m [38;2;27;23;25m [38;2;102;99;92m:[38;2;130;136;113ml[38;2;106;99;50m;[38;2;80;82;50m,[38;2;120;115;74mc[38;2;111;112;67m:[38;2;105;99;50m;[38;2;44;40;32m.[38;2;11;29;39m [38;2;12;35;51m.[38;2;11;41;51m.[0m
[0m[38;2;27;50;48m.[38;2;15;44;56m.[38;2;8;27;25m [38;2;11;25;25m [38;2;7;45;51m.[38;2;2;26;41m [38;2;87;158;161mo[38;2;0;7;10m [38;2;12;44;51m.[38;2;21;37;69m.[38;2;143;184;242mk[38;2;5;18;18m [38;2;8;44;56m.[38;2;1;28;37m [38;2;58;116;130m:[38;2;75;142;152ml[38;2;16;28;32m [38;2;87;160;183mo[38;2;10;32;72m.[38;2;11;44;81m.[38;2;8;55;85m.[38;2;8;58;110m.[38;2;11;39;124m.[38;2;43;112;201m:[38;2;74;160;247mo[38;2;61;181;255md[38;2;0;204;255md[38;2;147;255;255mX[38;2;169;255;255mN[38;2;165;255;255mN[38;2;160;255;255mN[38;2;165;255;255mN[38;2;165;255;255mN[38;2;169;255;255mN[38;2;209;255;255mW[38;2;71;248;255m0[38;2;89;180;254mx[38;2;11;83;241m,[38;2;29;89;211m,[38;2;6;29;129m.[38;2;64;132;235ml[38;2;154;177;205mk[38;2;10;23;61m [38;2;20;50;104m.[38;2;9;21;50m [38;2;7;30;88m.[38;2;178;223;252mK[38;2;0;3;6m [38;2;7;29;54m [38;2;20;50;95m.[38;2;8;34;57m [38;2;14;34;55m.[38;2;19;31;41m [38;2;102;130;137ml[38;2;93;117;126mc[38;2;95;115;115m:[38;2;87;104;108m:[38;2;52;70;78m'[38;2;100;112;122m:[38;2;41;52;55m.[38;2;48;54;67m.[38;2;16;21;31m [38;2;53;46;31m.[38;2;69;73;68m'[38;2;102;97;61m;[38;2;110;104;81m:[38;2;153;143;85mo[38;2;192;170;87mx[38;2;231;215;124mK[38;2;255;241;116mN[38;2;255;238;98mN[38;2;255;237;94mX[38;2;255;227;84mX[38;2;255;230;89mX[38;2;255;235;83mX[38;2;255;239;92mN[38;2;230;215;82mK[38;2;209;175;58mk[38;2;204;185;67mk[38;2;129;131;57ml[0m
[0m[38;2;20;46;46m.[38;2;14;38;55m.[38;2;10;21;21m [38;2;8;24;25m [38;2;8;45;50m.[38;2;1;29;37m [38;2;90;151;154ml[38;2;0;12;16m [38;2;6;38;36m [38;2;30;51;106m.[38;2;154;208;235m0[38;2;4;20;19m [38;2;7;46;50m.[38;2;8;44;51m.[38;2;21;48;65m.[38;2;83;144;167ml[38;2;19;35;40m.[38;2;85;166;172mo[38;2;43;80;118m'[38;2;6;39;82m.[38;2;14;51;102m.[38;2;9;58;126m.[38;2;18;53;126m.[38;2;24;72;183m'[38;2;72;180;254md[38;2;58;189;255mx[38;2;0;222;255mx[38;2;192;255;255mN[38;2;177;255;255mN[38;2;169;255;255mN[38;2;169;255;255mN[38;2;164;255;255mN[38;2;151;255;255mX[38;2;153;255;255mX[38;2;207;255;255mW[38;2;101;251;255mK[38;2;52;211;255mk[38;2;39;125;248mc[38;2;19;61;207m'[38;2;5;46;159m.[38;2;145;198;251mO[38;2;121;136;159mo[38;2;48;104;150m;[38;2;81;140;180ml[38;2;2;4;24m [38;2;10;34;89m.[38;2;172;222;247mK[38;2;8;17;25m [38;2;9;33;70m.[38;2;17;50;83m.[38;2;11;23;39m [38;2;17;44;57m.[38;2;9;21;37m [38;2;10;30;35m [38;2;3;13;13m [38;2;2;11;11m [38;2;17;32;47m.[38;2;6;22;46m [38;2;81;104;129m:[38;2;2;11;28m [38;2;86;90;87m;[38;2;210;201;157m0[38;2;252;221;105mX[38;2;255;254;138mW[38;2;255;249;132mN[38;2;255;241;119mN[38;2;255;243;117mN[38;2;255;237;116mN[38;2;255;233;107mX[38;2;255;231;97mX[38;2;255;226;88mX[38;2;255;227;85mX[38;2;255;225;81mX[38;2;255;226;79mX[38;2;255;225;80mX[38;2;255;224;85mX[38;2;255;228;84mX[38;2;255;227;79mX[38;2;254;223;77mX[38;2;247;205;70m0[0m
[0m[38;2;39;70;66m.[38;2;30;67;75m.[38;2;37;73;74m.[38;2;12;24;24m [38;2;8;47;53m.[38;2;3;33;38m [38;2;84;148;155ml[38;2;5;19;23m [38;2;26;60;59m.[38;2;31;55;108m.[38;2;160;185;204mO[38;2;26;45;50m.[38;2;28;61;71m.[38;2;27;68;79m.[38;2;28;59;68m.[38;2;64;115;125m:[38;2;38;62;68m.[38;2;55;109;117m;[38;2;81;144;170ml[38;2;24;50;98m.[38;2;17;58;92m.[38;2;17;57;111m.[38;2;12;52;129m.[38;2;10;53;164m.[38;2;58;158;246mo[38;2;68;196;255mx[38;2;0;225;255mx[38;2;216;255;255mW[38;2;198;255;255mW[38;2;178;255;255mN[38;2;172;255;255mN[38;2;173;255;255mN[38;2;165;255;255mN[38;2;151;255;255mX[38;2;188;255;255mN[38;2;72;243;255m0[38;2;81;192;255mx[38;2;64;173;252md[38;2;43;98;206m;[38;2;24;72;184m'[38;2;245;255;255mM[38;2;39;68;122m'[38;2;6;38;102m.[38;2;77;153;191mo[38;2;0;11;28m [38;2;5;27;81m [38;2;162;198;231mO[38;2;3;25;37m [38;2;12;46;90m.[38;2;11;51;85m.[38;2;9;27;51m [38;2;42;74;98m'[38;2;16;48;81m.[38;2;45;82;94m'[38;2;61;111;123m;[38;2;40;73;79m'[38;2;8;21;36m [38;2;56;65;87m'[38;2;160;159;132md[38;2;205;194;117mO[38;2;224;194;115m0[38;2;206;163;72mx[38;2;176;133;55mo[38;2;139;106;64mc[38;2;154;125;67ml[38;2;182;150;80md[38;2;192;151;70md[38;2;180;132;56mo[38;2;128;87;39m;[38;2;255;243;118mN[38;2;255;228;103mX[38;2;255;227;89mX[38;2;255;226;84mX[38;2;255;227;87mX[38;2;255;227;81mX[38;2;255;225;82mX[38;2;255;224;80mX[38;2;255;224;79mX[38;2;255;226;80mX[38;2;255;229;83mX[0m
[0m[38;2;26;50;51m.[38;2;10;44;59m.[38;2;17;46;55m.[38;2;4;19;31m [38;2;10;47;52m.[38;2;2;33;34m [38;2;80;139;151ml[38;2;0;9;16m [38;2;8;42;47m.[38;2;25;39;86m.[38;2;200;235;241mX[38;2;0;10;11m [38;2;2;31;40m [38;2;52;99;108m,[38;2;18;49;58m.[38;2;16;44;58m.[38;2;64;121;141m:[38;2;4;14;26m [38;2;34;77;93m'[38;2;33;84;106m'[38;2;36;81;116m'[38;2;34;79;128m'[38;2;32;84;133m'[38;2;29;83;164m,[38;2;38;107;207m;[38;2;45;128;245mc[38;2;30;195;255md[38;2;105;218;255mO[38;2;98;246;255m0[38;2;104;248;255mK[38;2;129;254;255mX[38;2;118;255;255mK[38;2;124;255;255mX[38;2;125;252;255mX[38;2;133;247;255mK[38;2;70;222;255mO[38;2;71;164;255md[38;2;58;159;240mo[38;2;56;127;208mc[38;2;102;128;205ml[38;2;195;231;252mX[38;2;0;21;59m [38;2;5;47;106m.[38;2;31;72;124m'[38;2;3;20;41m [38;2;9;29;76m [38;2;156;185;220mO[38;2;8;22;43m [38;2;14;49;87m.[38;2;16;53;81m.[38;2;10;26;32m [38;2;92;151;174mo[38;2;15;48;71m.[38;2;7;37;64m.[38;2;60;123;147m:[38;2;55;101;120m;[38;2;68;64;74m'[38;2;242;237;177mN[38;2;224;198;82m0[38;2;174;132;61mo[38;2;146;108;83mc[38;2;164;129;141mo[38;2;165;146;176md[38;2;158;167;196mx[38;2;107;108;177mc[38;2;149;123;146mo[38;2;186;145;97md[38;2;171;132;56mo[38;2;79;63;43m'[38;2;210;184;112mO[38;2;255;241;115mN[38;2;255;229;92mX[38;2;255;227;86mX[38;2;255;228;86mX[38;2;255;226;84mX[38;2;255;227;82mX[38;2;255;226;82mX[38;2;255;226;81mX[38;2;255;225;80mX[38;2;255;226;80mX[0m
[0m[38;2;22;51;51m.[38;2;12;45;59m.[38;2;10;46;56m.[38;2;3;25;35m [38;2;11;48;53m.[38;2;4;32;37m [38;2;87;152;157ml[38;2;8;32;41m [38;2;9;47;46m.[38;2;8;18;39m [38;2;193;216;247mK[38;2;28;43;50m.[38;2;6;34;41m [38;2;23;62;73m.[38;2;77;136;141mc[38;2;6;24;41m [38;2;66;117;131m:[38;2;1;12;14m [38;2;18;47;76m.[38;2;9;50;78m.[38;2;9;47;88m.[38;2;12;51;92m.[38;2;17;54;107m.[38;2;8;59;114m.[38;2;11;57;141m.[38;2;21;62;188m'[38;2;35;107;222m:[38;2;23;83;223m,[38;2;11;128;246m:[38;2;3;131;250m:[38;2;6;150;250mc[38;2;4;149;255mc[38;2;4;147;254mc[38;2;12;154;251ml[38;2;9;140;252mc[38;2;112;192;254mk[38;2;28;70;203m'[38;2;14;78;176m'[38;2;11;43;131m.[38;2;180;209;243mK[38;2;35;59;125m.[38;2;18;51;90m.[38;2;25;66;113m.[38;2;34;88;121m,[38;2;18;39;59m.[38;2;9;23;82m [38;2;145;175;212mk[38;2;24;47;68m.[38;2;33;72;110m'[38;2;38;75;108m'[38;2;23;44;59m.[38;2;62;114;127m:[38;2;58;115;140m:[38;2;10;32;74m.[38;2;0;26;49m [38;2;109;113;107mc[38;2;227;209;129mK[38;2;247;215;89mK[38;2;174;133;55mo[38;2;123;94;76m:[38;2;186;145;171mx[38;2;156;180;241mO[38;2;148;231;255mK[38;2;171;247;255mX[38;2;0;167;255ml[38;2;173;185;236mO[38;2;187;138;125md[38;2;97;82;58m,[38;2;41;35;35m.[38;2;65;49;44m.[38;2;255;242;142mN[38;2;255;231;91mX[38;2;255;226;90mX[38;2;255;227;89mX[38;2;255;227;90mX[38;2;255;228;86mX[38;2;255;226;91mX[38;2;255;226;89mX[38;2;255;227;84mX[38;2;255;226;82mX[0m
[0m[38;2;25;51;53m.[38;2;11;46;61m.[38;2;11;51;49m.[38;2;4;16;18m [38;2;13;46;59m.[38;2;6;29;40m [38;2;77;139;150ml[38;2;10;29;35m [38;2;8;46;58m.[38;2;2;22;26m [38;2;106;132;193ml[38;2;120;139;145mo[38;2;7;27;35m [38;2;7;38;55m.[38;2;43;84;97m'[38;2;53;100;111m;[38;2;63;118;130m:[38;2;3;13;22m [38;2;17;48;70m.[38;2;8;46;73m.[38;2;10;48;74m.[38;2;10;46;83m.[38;2;16;46;103m.[38;2;8;53;95m.[38;2;5;55;110m.[38;2;13;59;124m.[38;2;10;68;145m.[38;2;14;33;124m.[38;2;15;68;168m.[38;2;7;68;185m.[38;2;14;69;187m'[38;2;5;70;198m'[38;2;11;71;189m'[38;2;8;58;180m.[38;2;30;81;207m,[38;2;137;196;251mO[38;2;6;30;111m.[38;2;4;40;122m.[38;2;29;71;172m'[38;2;172;190;218mO[38;2;0;4;52m [38;2;6;51;110m.[38;2;12;58;112m.[38;2;15;59;112m.[38;2;28;62;83m.[38;2;11;19;85m [38;2;141;162;193mx[38;2;8;18;42m [38;2;12;35;78m.[38;2;14;40;68m.[38;2;42;63;106m.[38;2;11;25;45m [38;2;46;69;96m'[38;2;101;131;152ml[38;2;97;114;127m:[38;2;222;212;177mK[38;2;135;135;88ml[38;2;110;98;82m:[38;2;67;75;90m'[38;2;72;64;86m'[38;2;58;79;169m,[38;2;49;154;252mo[38;2;150;246;255mX[38;2;107;237;255m0[38;2;47;182;255md[38;2;85;134;241ml[38;2;185;151;138mx[38;2;149;115;50mc[38;2;48;50;45m.[38;2;113;86;84m;[38;2;255;243;137mN[38;2;255;228;91mX[38;2;255;225;96mX[38;2;255;224;91mX[38;2;255;224;92mX[38;2;255;227;83mX[38;2;255;225;90mX[38;2;255;226;92mX[38;2;255;224;87mX[38;2;255;226;85mX[0m
[0m[38;2;22;45;48m.[38;2;6;41;49m.[38;2;10;43;55m.[38;2;1;14;13m [38;2;9;37;49m.[38;2;55;101;107m;[38;2;52;108;104m;[38;2;0;10;15m [38;2;7;34;41m [38;2;6;22;21m [38;2;27;42;74m.[38;2;158;197;227mO[38;2;22;36;37m.[38;2;1;27;29m [38;2;3;25;39m [38;2;52;87;99m,[38;2;50;89;88m,[38;2;1;4;6m [38;2;5;36;45m [38;2;4;33;35m [38;2;8;32;47m [38;2;5;36;51m [38;2;9;32;53m [38;2;9;31;57m [38;2;9;33;54m [38;2;8;38;79m.[38;2;6;32;81m.[38;2;3;17;50m [38;2;6;44;87m.[38;2;6;39;97m.[38;2;13;36;99m.[38;2;5;43;102m.[38;2;8;37;106m.[38;2;5;29;82m [38;2;36;72;177m'[38;2;151;211;255m0[38;2;3;15;51m [38;2;3;26;87m [38;2;138;179;235mk[38;2;75;92;128m;[38;2;3;19;70m [38;2;7;35;93m.[38;2;14;39;90m.[38;2;11;39;83m.[38;2;32;44;71m.[38;2;108;123;161ml[38;2;86;113;156m:[38;2;95;111;134m:[38;2;114;135;156ml[38;2;114;124;136ml[38;2;105;128;142ml[38;2;76;100;118m;[38;2;71;89;106m,[38;2;131;162;188md[38;2;119;155;169md[38;2;101;137;164ml[38;2;56;82;118m,[38;2;118;142;156mo[38;2;107;109;104m:[38;2;109;109;116m:[38;2;83;92;123m;[38;2;54;66;130m'[38;2;47;74;137m'[38;2;11;62;149m.[38;2;49;75;132m'[38;2;80;110;150m:[38;2;124;138;226mo[38;2;101;83;112m;[38;2;125;91;52m;[38;2;244;228;148mX[38;2;255;229;91mX[38;2;255;224;102mX[38;2;255;226;102mX[38;2;255;222;102mX[38;2;255;225;106mX[38;2;255;225;88mX[38;2;255;221;84mX[38;2;255;222;93mX[38;2;255;223;95mX[38;2;255;225;87mX[0m
[0m[38;2;23;48;56m.[38;2;15;43;65m.[38;2;10;29;31m [38;2;4;16;19m [38;2;8;36;54m.[38;2;67;116;124m:[38;2;51;107;108m;[38;2;2;9;14m [38;2;2;6;3m [38;2;10;20;16m [38;2;3;14;12m [38;2;55;91;158m;[38;2;128;160;187md[38;2;21;31;29m [38;2;1;2;0m [38;2;0;4;3m [38;2;0;6;1m [38;2;7;23;27m [38;2;6;27;34m [38;2;6;12;11m [38;2;1;15;21m [38;2;5;19;23m [38;2;3;9;13m [38;2;1;5;7m [38;2;1;3;14m [38;2;0;1;18m [38;2;3;9;23m [38;2;9;26;57m [38;2;6;29;61m [38;2;3;19;54m [38;2;3;11;50m [38;2;5;25;62m [38;2;10;19;57m [38;2;0;4;23m [38;2;33;73;183m'[38;2;175;238;254mX[38;2;0;2;53m [38;2;29;78;185m,[38;2;181;218;244mK[38;2;43;57;108m.[38;2;66;91;120m,[38;2;69;85;124m,[38;2;76;94;125m;[38;2;77;89;115m;[38;2;82;97;124m;[38;2;16;45;120m.[38;2;89;112;149m:[38;2;76;94;103m;[38;2;40;55;82m.[38;2;7;17;33m [38;2;0;0;5m [38;2;8;20;31m [38;2;4;18;37m [38;2;9;27;44m [38;2;7;13;29m [38;2;1;4;18m [38;2;63;54;50m.[38;2;194;163;129mk[38;2;178;149;95md[38;2;231;204;142mK[38;2;255;252;183mW[38;2;231;217;151mK[38;2;158;139;92mo[38;2;149;133;107mo[38;2;138;121;92ml[38;2;132;118;81mc[38;2;165;144;123md[38;2;181;174;141mk[38;2;234;221;127mK[38;2;255;234;102mX[38;2;255;228;108mX[38;2;255;228;106mX[38;2;255;225;101mX[38;2;255;221;97mX[38;2;255;225;101mX[38;2;255;226;104mX[38;2;255;224;103mX[38;2;255;224;87mX[38;2;255;223;96mX[38;2;255;221;97mX[0m
[0m[38;2;23;49;56m.[38;2;8;46;56m.[38;2;10;35;33m [38;2;2;15;18m [38;2;8;35;60m.[38;2;68;126;134m:[38;2;48;105;95m,[38;2;4;19;21m [38;2;2;6;6m [38;2;21;47;48m.[38;2;4;26;30m [38;2;9;24;35m [38;2;58;89;145m,[38;2;132;168;203mx[38;2;61;68;72m'[38;2;0;1;3m [38;2;0;1;0m [38;2;16;52;73m.[38;2;11;55;75m.[38;2;3;15;16m [38;2;18;48;66m.[38;2;5;29;45m [38;2;1;14;20m [38;2;1;6;5m [38;2;2;4;13m [38;2;0;6;10m [38;2;3;12;26m [38;2;7;54;86m.[38;2;10;52;96m.[38;2;1;20;44m [38;2;8;29;60m [38;2;4;23;70m [38;2;14;31;86m.[38;2;0;4;30m [38;2;33;89;214m,[38;2;175;208;245m0[38;2;13;38;144m.[38;2;135;186;249mk[38;2;64;86;174m;[38;2;82;140;229ml[38;2;104;172;242mx[38;2;111;170;242mx[38;2;114;177;235mx[38;2;111;172;234mx[38;2;120;154;228md[38;2;24;47;154m.[38;2;122;161;199md[38;2;91;130;172ml[38;2;66;93;147m;[38;2;80;104;149m:[38;2;56;85;122m,[38;2;99;131;160ml[38;2;33;44;58m.[38;2;5;22;36m [38;2;0;1;15m [38;2;0;11;34m [38;2;7;16;45m [38;2;92;128;185ml[38;2;59;63;84m'[38;2;174;152;158mx[38;2;201;175;199mO[38;2;199;183;189mO[38;2;239;220;217mX[38;2;236;226;206mN[38;2;251;231;182mN[38;2;255;241;162mN[38;2;255;242;150mN[38;2;243;199;97m0[38;2;255;236;116mN[38;2;255;227;119mX[38;2;255;223;109mX[38;2;255;223;102mX[38;2;255;228;102mX[38;2;255;224;94mX[38;2;255;226;91mX[38;2;255;224;92mX[38;2;255;229;103mX[38;2;255;231;96mX[38;2;255;231;96mX[38;2;253;215;94mK[0m
[0m[38;2;22;48;57m.[38;2;8;45;57m.[38;2;5;35;32m [38;2;5;22;24m [38;2;7;33;45m [38;2;69;128;146mc[38;2;42;93;96m,[38;2;4;16;18m [38;2;6;11;19m [38;2;11;22;23m [38;2;12;41;52m.[38;2;6;30;33m [38;2;3;3;7m [38;2;30;55;103m.[38;2;134;171;217mx[38;2;124;135;145ml[38;2;34;37;34m.[38;2;8;36;55m.[38;2;5;52;67m.[38;2;2;33;33m [38;2;9;27;31m [38;2;13;48;58m.[38;2;0;12;15m [38;2;0;6;3m [38;2;2;2;5m [38;2;0;6;8m [38;2;0;13;25m [38;2;11;45;83m.[38;2;11;47;92m.[38;2;8;43;76m.[38;2;7;30;68m [38;2;11;53;108m.[38;2;5;31;96m.[38;2;0;1;65m [38;2;37;94;234m;[38;2;161;192;247mO[38;2;94;143;239mo[38;2;89;174;255mx[38;2;9;119;238m:[38;2;8;137;246mc[38;2;5;149;253mc[38;2;4;134;252m:[38;2;1;131;252m:[38;2;3;117;245m;[38;2;2;94;239m,[38;2;19;79;235m,[38;2;117;141;204mo[38;2;4;33;136m.[38;2;0;7;66m [38;2;0;3;36m [38;2;2;7;23m [38;2;37;66;119m.[38;2;167;179;217mO[38;2;4;10;18m [38;2;7;13;36m [38;2;8;17;40m [38;2;29;41;107m.[38;2;98;134;183ml[38;2;12;35;123m.[38;2;52;126;240mc[38;2;91;215;255mO[38;2;95;207;253mk[38;2;137;217;255m0[38;2;118;207;255mO[38;2;111;180;245mx[38;2;163;163;222mk[38;2;217;194;191m0[38;2;139;101;82m:[38;2;218;197;129m0[38;2;231;200;118m0[38;2;233;206;108m0[38;2;235;209;100mK[38;2;236;210;104mK[38;2;238;201;70m0[38;2;230;192;80mO[38;2;221;182;65mO[38;2;218;169;68mk[38;2;206;146;51md[38;2;189;129;34mo[38;2;182;123;44ml[0m
[0m[38;2;26;51;58m.[38;2;14;45;59m.[38;2;8;43;49m.[38;2;4;18;17m [38;2;6;33;50m [38;2;76;142;153ml[38;2;37;84;87m'[38;2;5;12;12m [38;2;18;42;59m.[38;2;7;39;51m.[38;2;8;49;50m.[38;2;6;30;38m [38;2;5;12;12m [38;2;1;8;9m [38;2;11;27;41m [38;2;67;93;134m;[38;2;127;166;201mx[38;2;119;148;157mo[38;2;79;91;95m;[38;2;17;43;54m.[38;2;7;40;46m.[38;2;14;59;66m.[38;2;16;36;44m.[38;2;15;37;34m.[38;2;20;39;40m.[38;2;19;34;37m.[38;2;0;8;19m [38;2;34;71;91m.[38;2;22;50;81m.[38;2;16;42;79m.[38;2;25;48;97m.[38;2;32;68;126m.[38;2;29;54;131m.[38;2;39;71;185m'[38;2;45;126;252mc[38;2;164;228;255mK[38;2;72;220;255mk[38;2;95;242;255m0[38;2;102;249;255mK[38;2;122;252;255mK[38;2;121;255;255mX[38;2;135;253;255mX[38;2;145;252;255mX[38;2;147;251;255mX[38;2;39;230;255mk[38;2;13;167;255ml[38;2;129;174;242mx[38;2;33;103;214m;[38;2;27;84;168m,[38;2;58;130;170mc[38;2;39;75;108m'[38;2;2;18;63m [38;2;165;182;246mO[38;2;5;10;35m [38;2;48;100;158m;[38;2;45;85;98m'[38;2;43;67;150m'[38;2;108;149;214mo[38;2;51;129;247mc[38;2;47;212;255mx[38;2;109;254;255mK[38;2;219;255;255mW[38;2;220;255;255mW[38;2;174;255;255mN[38;2;24;220;255mx[38;2;48;164;255mo[38;2;60;67;193m,[38;2;82;70;90m,[38;2;138;128;124ml[38;2;117;87;56m;[38;2;128;90;49m;[38;2;134;93;36m:[38;2;136;95;50m:[38;2;142;90;34m:[38;2;142;98;32m:[38;2;150;104;34m:[38;2;163;114;44mc[38;2;176;127;44ml[38;2;166;112;42mc[38;2;155;106;42mc[0m
[0m[38;2;20;42;54m.[38;2;28;69;88m.[38;2;51;105;99m;[38;2;5;14;16m [38;2;5;33;51m [38;2;78;143;155ml[38;2;35;90;92m'[38;2;11;20;20m [38;2;45;86;99m'[38;2;38;77;84m'[38;2;45;85;89m'[38;2;47;104;112m;[38;2;39;72;80m.[38;2;20;54;59m.[38;2;27;59;70m.[38;2;21;50;51m.[38;2;5;18;27m [38;2;30;68;93m.[38;2;80;105;147m:[38;2;99;125;165ml[38;2;86;124;148mc[38;2;71;105;138m:[38;2;101;127;136mc[38;2;95;135;147ml[38;2;107;144;160mo[38;2;107;150;155mo[38;2;101;122;131mc[38;2;115;138;156ml[38;2;115;145;159mo[38;2;115;132;162ml[38;2;117;143;178mo[38;2;112;144;197mo[38;2;53;105;203m:[38;2;43;98;218m;[38;2;51;160;254mo[38;2;134;231;255mK[38;2;70;245;255m0[38;2;209;255;255mW[38;2;177;255;255mN[38;2;186;255;255mN[38;2;194;255;255mN[38;2;198;255;255mW[38;2;202;255;255mW[38;2;222;255;255mW[38;2;53;255;255m0[38;2;9;200;255md[38;2;102;174;254mx[38;2;44;144;241ml[38;2;20;69;166m'[38;2;66;151;193ml[38;2;52;101;135m;[38;2;0;10;51m [38;2;167;188;242mO[38;2;19;29;62m.[38;2;11;54;115m.[38;2;35;65;101m.[38;2;47;68;149m'[38;2;107;140;201mo[38;2;10;68;222m'[38;2;70;224;255mO[38;2;122;248;255mK[38;2;208;255;255mW[38;2;221;255;255mW[38;2;42;249;255mO[38;2;2;125;255m:[38;2;50;125;249mc[38;2;35;57;163m.[38;2;1;7;68m [38;2;139;187;254mO[38;2;0;18;49m [38;2;6;32;53m [38;2;10;22;32m [38;2;4;41;60m.[38;2;8;37;50m.[38;2;0;0;1m [38;2;13;44;56m.[38;2;38;75;90m'[38;2;17;35;36m.[38;2;19;33;37m.[38;2;9;38;48m.[0m
[0m[38;2;41;69;83m.[38;2;81;160;179mo[38;2;24;51;42m.[38;2;6;20;21m [38;2;7;38;53m.[38;2;78;145;153ml[38;2;40;81;88m'[38;2;23;41;54m.[38;2;84;174;174md[38;2;62;138;141mc[38;2;63;138;137mc[38;2;63;149;137ml[38;2;69;143;140mc[38;2;14;50;59m.[38;2;7;47;59m.[38;2;5;44;54m.[38;2;0;22;28m [38;2;5;50;60m.[38;2;6;43;53m.[38;2;7;37;43m [38;2;18;54;69m.[38;2;28;56;86m.[38;2;51;107;142m;[38;2;48;91;142m,[38;2;33;70;110m.[38;2;35;85;119m'[38;2;32;62;89m.[38;2;21;65;99m.[38;2;10;41;75m.[38;2;6;31;68m [38;2;15;43;88m.[38;2;71;145;186ml[38;2;69;151;193ml[38;2;49;111;223m:[38;2;64;159;254mo[38;2;118;221;255m0[38;2;70;242;255m0[38;2;212;255;255mW[38;2;169;255;255mN[38;2;174;255;255mN[38;2;174;255;255mN[38;2;181;255;255mN[38;2;194;255;255mN[38;2;210;255;255mW[38;2;41;252;255mO[38;2;29;203;255mx[38;2;106;160;249md[38;2;9;64;216m'[38;2;63;125;202mc[38;2;13;53;120m.[38;2;41;73;109m'[38;2;1;7;44m [38;2;160;188;239mO[38;2;22;34;67m.[38;2;15;36;91m.[38;2;10;27;61m [38;2;33;47;100m.[38;2;89;126;173mc[38;2;67;106;177m:[38;2;52;118;234mc[38;2;37;151;248ml[38;2;51;174;253md[38;2;64;213;255mk[38;2;23;142;243mc[38;2;0;34;191m.[38;2;58;98;187m;[38;2;39;59;110m.[38;2;7;19;59m [38;2;137;175;236mk[38;2;0;27;44m [38;2;5;36;55m [38;2;16;32;31m [38;2;1;34;43m [38;2;17;48;65m.[38;2;0;0;0m [38;2;71;128;133mc[38;2;11;43;55m.[38;2;10;43;56m.[38;2;19;35;40m.[38;2;11;44;56m.[0m
[0m[38;2;77;143;135ml[38;2;25;72;79m.[38;2;5;15;17m [38;2;6;20;24m [38;2;7;41;54m.[38;2;76;145;149ml[38;2;45;88;87m'[38;2;24;36;50m.[38;2;73;162;164mo[38;2;62;130;132m:[38;2;63;135;145mc[38;2;62;136;137mc[38;2;57;148;143mc[38;2;65;130;125mc[38;2;12;47;59m.[38;2;7;46;52m.[38;2;0;21;25m [38;2;5;46;56m.[38;2;7;48;62m.[38;2;6;46;57m.[38;2;7;47;60m.[38;2;5;37;48m [38;2;54;105;118m;[38;2;73;169;164mo[38;2;26;65;73m.[38;2;5;45;60m.[38;2;0;23;36m [38;2;10;55;70m.[38;2;16;51;74m.[38;2;8;49;81m.[38;2;8;38;92m.[38;2;31;77;125m'[38;2;57;133;181mc[38;2;26;80;182m,[38;2;96;159;253md[38;2;112;201;255mO[38;2;60;209;255mk[38;2;167;252;255mN[38;2;115;253;255mK[38;2;120;255;255mX[38;2;107;255;255mK[38;2;110;255;255mK[38;2;110;254;255mK[38;2;97;244;255m0[38;2;14;197;255md[38;2;34;188;255md[38;2;124;146;225md[38;2;16;58;188m.[38;2;16;70;148m.[38;2;33;65;113m.[38;2;53;102;146m;[38;2;0;2;29m [38;2;156;174;221mk[38;2;30;56;94m.[38;2;16;43;95m.[38;2;9;57;94m.[38;2;12;27;62m [38;2;78;124;159mc[38;2;113;141;193mo[38;2;6;26;91m [38;2;9;38;138m.[38;2;14;42;142m.[38;2;95;138;196ml[38;2;5;16;91m [38;2;0;4;49m [38;2;107;138;178mo[38;2;12;19;42m [38;2;55;78;107m'[38;2;157;179;207mk[38;2;5;25;43m [38;2;4;34;49m [38;2;14;31;34m [38;2;1;38;46m [38;2;13;48;63m.[38;2;17;29;22m [38;2;53;103;109m;[38;2;5;43;59m.[38;2;13;45;57m.[38;2;21;42;52m.[38;2;13;44;58m.[0m
[0m[38;2;35;73;68m.[38;2;4;41;60m.[38;2;4;26;25m [38;2;4;15;20m [38;2;4;35;48m [38;2;74;143;167ml[38;2;36;86;66m'[38;2;24;33;48m.[38;2;69;167;165mo[38;2;61;137;133mc[38;2;61;137;140mc[38;2;63;133;136mc[38;2;52;153;148ml[38;2;56;128;127m:[38;2;64;115;127m:[38;2;5;46;46m.[38;2;0;17;21m [38;2;9;47;58m.[38;2;7;45;57m.[38;2;6;42;49m.[38;2;7;43;53m.[38;2;5;40;50m.[38;2;10;23;35m [38;2;44;90;94m,[38;2;58;108;102m;[38;2;22;50;64m.[38;2;21;42;49m.[38;2;10;30;39m [38;2;19;48;61m.[38;2;17;54;68m.[38;2;25;53;76m.[38;2;23;49;78m.[38;2;30;64;109m.[38;2;8;31;109m.[38;2;107;165;242mx[38;2;124;150;223md[38;2;9;79;221m'[38;2;43;202;255mx[38;2;6;146;246mc[38;2;14;162;253ml[38;2;19;149;252ml[38;2;12;141;251mc[38;2;7;130;248m:[38;2;11;113;247m;[38;2;1;59;226m.[38;2;70;142;242ml[38;2;124;137;187mo[38;2;3;45;142m.[38;2;6;60;138m.[38;2;11;58;125m.[38;2;19;66;113m.[38;2;0;5;32m [38;2;130;163;213mx[38;2;64;94;114m;[38;2;7;23;57m [38;2;9;33;60m [38;2;0;7;28m [38;2;95;141;192ml[38;2;103;132;195ml[38;2;12;15;27m [38;2;10;16;40m [38;2;88;118;136mc[38;2;24;36;65m.[38;2;1;2;18m [38;2;11;20;31m [38;2;131;173;193mx[38;2;0;0;0m [38;2;131;140;145mo[38;2;105;117;122mc[38;2;2;36;59m [38;2;7;32;46m [38;2;7;27;28m [38;2;7;40;46m.[38;2;10;45;53m.[38;2;15;26;24m [38;2;7;44;51m.[38;2;7;39;54m.[38;2;8;40;47m.[38;2;20;42;53m.[38;2;13;36;45m.[0m
[0m[38;2;17;46;48m.[38;2;7;44;57m.[38;2;5;32;22m [38;2;2;15;20m [38;2;7;33;51m [38;2;70;137;158mc[38;2;29;74;62m.[38;2;18;29;37m [38;2;54;117;127m:[38;2;45;95;92m,[38;2;44;90;90m,[38;2;44;93;95m,[38;2;46;100;100m,[38;2;61;112;114m;[38;2;47;83;84m'[38;2;41;79;76m'[38;2;36;70;68m.[38;2;4;13;18m [38;2;11;41;45m.[38;2;4;36;44m [38;2;6;40;50m.[38;2;11;40;50m.[38;2;24;51;60m.[38;2;18;54;62m.[38;2;24;55;62m.[38;2;21;62;72m.[38;2;54;101;112m;[38;2;1;21;17m [38;2;14;53;68m.[38;2;8;55;70m.[38;2;5;50;73m.[38;2;6;49;68m.[38;2;9;47;99m.[38;2;5;17;63m [38;2;111;164;226md[38;2;118;128;155ml[38;2;1;3;78m [38;2;93;181;238mx[38;2;32;82;185m,[38;2;15;67;179m'[38;2;15;71;203m'[38;2;18;74;188m'[38;2;13;65;179m.[38;2;14;65;163m.[38;2;6;24;131m.[38;2;92;152;226mo[38;2;119;131;146ml[38;2;3;21;71m [38;2;4;26;84m [38;2;6;18;74m [38;2;3;19;54m [38;2;0;1;30m [38;2;106;149;212mo[38;2;86;121;140mc[38;2;8;21;64m [38;2;17;56;116m.[38;2;2;23;64m [38;2;87;117;155mc[38;2;93;129;165ml[38;2;73;89;102m,[38;2;48;62;80m.[38;2;115;160;198md[38;2;22;26;36m [38;2;14;20;31m [38;2;123;144;159mo[38;2;31;39;52m.[38;2;0;0;0m [38;2;219;234;243mN[38;2;12;20;27m [38;2;5;48;61m.[38;2;10;30;38m [38;2;8;31;29m [38;2;1;38;45m [38;2;6;27;37m [38;2;7;18;17m [38;2;10;44;48m.[38;2;12;38;50m.[38;2;7;33;40m [38;2;16;40;47m.[38;2;41;80;82m'[0m
[0m[38;2;18;39;41m.[38;2;11;37;51m.[38;2;6;32;35m [38;2;7;34;44m [38;2;4;29;39m [38;2;66;124;147m:[38;2;37;92;82m'[38;2;1;4;9m [38;2;8;32;41m [38;2;4;35;40m [38;2;12;49;52m.[38;2;19;55;61m.[38;2;23;60;78m.[38;2;28;65;70m.[38;2;25;64;69m.[38;2;41;82;100m'[38;2;93;170;166md[38;2;0;2;8m [38;2;10;48;58m.[38;2;7;46;53m.[38;2;8;44;54m.[38;2;7;45;54m.[38;2;7;45;53m.[38;2;8;46;58m.[38;2;9;45;58m.[38;2;7;48;57m.[38;2;13;59;63m.[38;2;20;38;44m.[38;2;12;55;64m.[38;2;8;49;64m.[38;2;8;48;69m.[38;2;8;48;73m.[38;2;8;47;83m.[38;2;5;21;59m [38;2;112;163;203md[38;2;117;132;139ml[38;2;0;4;21m [38;2;56;116;140m:[38;2;44;86;107m,[38;2;8;30;80m.[38;2;6;26;88m [38;2;4;18;83m [38;2;3;15;63m [38;2;0;10;62m [38;2;0;3;51m [38;2;120;164;225mx[38;2;85;119;135mc[38;2;9;29;102m.[38;2;0;19;92m [38;2;1;19;96m [38;2;1;17;100m [38;2;0;2;86m [38;2;70;124;234mc[38;2;96;126;182ml[38;2;8;34;168m.[38;2;16;69;183m'[38;2;7;44;150m.[38;2;14;30;117m.[38;2;132;168;205mx[38;2;72;75;77m'[38;2;25;34;52m.[38;2;134;163;180md[38;2;86;98;109m;[38;2;110;142;177mo[38;2;26;29;33m [38;2;0;0;0m [38;2;67;73;75m'[38;2;153;165;175mx[38;2;5;19;21m [38;2;5;51;61m.[38;2;11;41;54m.[38;2;7;22;19m [38;2;14;24;26m [38;2;3;25;29m [38;2;8;28;33m [38;2;10;36;43m.[38;2;43;82;87m'[38;2;54;101;106m;[38;2;65;112;126m:[38;2;51;94;113m,[0m
[0m[38;2;20;48;51m.[38;2;9;46;61m.[38;2;9;44;60m.[38;2;5;43;57m.[38;2;4;28;34m [38;2;63;116;142m:[38;2;50;102;93m,[38;2;0;10;16m [38;2;10;44;64m.[38;2;6;43;54m.[38;2;5;43;51m.[38;2;6;43;49m.[38;2;4;43;51m.[38;2;6;43;50m.[38;2;7;43;48m.[38;2;4;33;41m [38;2;58;108;109m;[38;2;1;11;12m [38;2;6;44;59m.[38;2;7;45;53m.[38;2;7;44;54m.[38;2;7;44;54m.[38;2;7;46;50m.[38;2;7;46;54m.[38;2;9;46;54m.[38;2;10;47;58m.[38;2;7;50;53m.[38;2;42;65;63m.[38;2;17;51;62m.[38;2;4;36;49m [38;2;4;29;41m [38;2;6;28;35m [38;2;5;20;28m [38;2;1;7;12m [38;2;113;151;192mo[38;2;128;135;136ml[38;2;3;16;33m [38;2;5;24;47m [38;2;4;14;25m [38;2;1;22;59m [38;2;26;59;125m.[38;2;2;27;60m [38;2;0;9;42m [38;2;0;8;62m [38;2;2;13;63m [38;2;146;176;242mk[38;2;61;84;149m,[38;2;9;55;182m.[38;2;0;41;193m.[38;2;1;58;210m.[38;2;1;78;219m'[38;2;0;67;222m'[38;2;35;171;255mo[38;2;93;173;246mx[38;2;82;166;254md[38;2;103;193;255mk[38;2;2;141;254mc[38;2;19;79;200m'[38;2;50;102;204m;[38;2;90;105;146m:[38;2;93;117;161mc[38;2;98;125;151mc[38;2;47;81;92m'[38;2;57;103;148m;[38;2;2;2;1m [38;2;0;0;1m [38;2;179;194;197mO[38;2;38;44;57m.[38;2;11;23;30m [38;2;10;49;67m.[38;2;9;51;65m.[38;2;8;44;54m.[38;2;5;26;32m [38;2;20;56;62m.[38;2;28;64;68m.[38;2;41;81;83m'[38;2;33;72;85m.[38;2;13;45;58m.[38;2;4;39;51m.[38;2;5;39;52m.[0m
[0m[38;2;20;46;52m.[38;2;8;46;59m.[38;2;4;43;53m.[38;2;4;43;56m.[38;2;3;28;34m [38;2;57;103;142m;[38;2;51;117;106m;[38;2;0;8;11m [38;2;10;44;58m.[38;2;3;43;54m.[38;2;6;43;52m.[38;2;6;43;48m.[38;2;6;43;49m.[38;2;6;43;51m.[38;2;6;43;49m.[38;2;6;43;50m.[38;2;7;45;55m.[38;2;3;18;25m [38;2;10;52;59m.[38;2;8;47;54m.[38;2;7;40;49m.[38;2;4;35;44m [38;2;6;32;36m [38;2;4;28;30m [38;2;4;26;25m [38;2;5;19;21m [38;2;3;18;13m [38;2;7;21;20m [38;2;4;22;28m [38;2;0;4;5m [38;2;14;30;27m [38;2;11;27;39m [38;2;7;21;20m [38;2;0;0;0m [38;2;97;138;181ml[38;2;130;143;148mo[38;2;9;28;46m [38;2;6;34;49m [38;2;6;12;17m [38;2;4;30;59m [38;2;16;69;118m.[38;2;5;28;61m [38;2;0;7;34m [38;2;0;13;80m [38;2;9;26;131m.[38;2;148;186;254mO[38;2;31;117;241m:[38;2;31;161;255ml[38;2;57;184;255md[38;2;84;214;255mO[38;2;115;232;255m0[38;2;75;239;255m0[38;2;91;248;255m0[38;2;18;245;255mk[38;2;195;255;255mN[38;2;202;255;255mW[38;2;0;213;255md[38;2;4;86;249m,[38;2;79;149;244mo[38;2;9;20;78m [38;2;23;52;102m.[38;2;81;116;145m:[38;2;6;23;38m [38;2;60;99;156m;[38;2;0;0;0m [38;2;47;65;85m.[38;2;171;178;193mk[38;2;0;0;0m [38;2;8;33;39m [38;2;9;46;65m.[38;2;9;48;59m.[38;2;6;22;32m [38;2;3;25;33m [38;2;14;45;53m.[38;2;6;35;46m [38;2;6;45;56m.[38;2;9;46;57m.[38;2;7;45;57m.[38;2;11;47;61m.[38;2;7;37;51m.[0m
[0m[38;2;24;46;51m.[38;2;8;43;59m.[38;2;6;44;53m.[38;2;6;43;52m.[38;2;4;28;40m [38;2;62;106;159m:[38;2;51;123;109m:[38;2;0;10;16m [38;2;4;44;57m.[38;2;4;46;56m.[38;2;5;47;53m.[38;2;6;44;55m.[38;2;4;41;45m.[38;2;6;39;44m.[38;2;4;29;34m [38;2;3;32;31m [38;2;6;25;37m [38;2;1;9;9m [38;2;3;19;15m [38;2;2;13;13m [38;2;26;30;28m [38;2;51;51;51m..[38;2;51;52;51m.[38;2;50;52;51m.[38;2;51;52;51m.[38;2;47;46;42m.[38;2;47;68;74m.[38;2;32;55;59m.[38;2;33;31;29m.[38;2;17;31;27m [38;2;10;27;39m [38;2;7;17;19m [38;2;0;0;0m [38;2;56;94;151m;[38;2;181;197;204m0[38;2;2;17;18m [38;2;12;44;59m.[38;2;12;30;49m [38;2;13;38;65m.[38;2;12;43;76m.[38;2;11;26;71m [38;2;21;47;87m.[38;2;30;70;130m'[38;2;14;52;210m.[38;2;145;221;255m0[38;2;83;226;255mO[38;2;134;255;255mX[38;2;153;255;255mX[38;2;149;255;255mX[38;2;168;255;255mN[38;2;86;255;255mK[38;2;73;248;255m0[38;2;6;238;255mk[38;2;174;255;255mN[38;2;167;255;255mN[38;2;1;202;255md[38;2;3;72;242m'[38;2;70;127;226mc[38;2;10;24;87m [38;2;4;19;54m [38;2;127;171;192mx[38;2;4;23;37m [38;2;53;93;142m,[38;2;0;0;0m [38;2;161;182;200mk[38;2;51;61;83m.[38;2;1;0;0m [38;2;7;37;37m [38;2;9;56;78m.[38;2;7;28;32m [38;2;15;33;40m [38;2;4;20;28m [38;2;4;24;25m [38;2;3;25;29m [38;2;8;32;40m [38;2;9;39;48m.[38;2;9;33;47m [38;2;12;43;53m.[38;2;4;31;37m [0m
[0m[38;2;21;51;62m.[38;2;7;44;56m.[38;2;7;41;55m.[38;2;4;42;56m.[38;2;3;33;48m [38;2;56;98;144m;[38;2;55;133;114m:[38;2;0;9;10m [38;2;3;22;28m [38;2;1;21;20m [38;2;1;17;17m [38;2;1;15;13m [38;2;0;5;3m [38;2;0;1;0m [38;2;0;3;0m [38;2;0;6;0m [38;2;5;19;34m [38;2;5;31;39m [38;2;15;33;35m [38;2;1;4;2m [38;2;143;164;173mx[38;2;187;223;224mK[38;2;186;221;221mK[38;2;187;225;220mK[38;2;180;220;220mK[38;2;192;223;221mK[38;2;180;193;192mO[38;2;130;147;148mo[38;2;146;173;165mx[38;2;133;154;148md[38;2;94;113;125m:[38;2;126;148;158mo[38;2;103;108;109m:[38;2;19;24;22m [38;2;21;36;71m.[38;2;228;250;255mW[38;2;20;35;35m.[38;2;16;41;52m.[38;2;8;41;54m.[38;2;8;40;64m.[38;2;4;39;75m.[38;2;4;39;90m.[38;2;71;146;177ml[38;2;75;163;206mo[38;2;24;70;229m'[38;2;121;228;255m0[38;2;94;255;255mK[38;2;101;255;255mK[38;2;111;255;255mK[38;2;118;255;255mK[38;2;141;255;255mX[38;2;109;255;255mK[38;2;46;238;255mO[38;2;18;200;255md[38;2;108;217;255mO[38;2;72;192;255mx[38;2;4;115;249m;[38;2;4;62;217m.[38;2;39;80;170m,[38;2;36;64;130m.[38;2;0;10;37m [38;2;139;176;216mk[38;2;18;37;57m.[38;2;68;100;128m;[38;2;21;34;46m.[38;2;193;208;226mK[38;2;0;0;5m [38;2;1;1;0m [38;2;12;42;42m.[38;2;11;54;76m.[38;2;0;7;10m [38;2;15;43;48m.[38;2;13;48;61m.[38;2;10;44;53m.[38;2;6;25;37m [38;2;2;13;17m [38;2;5;23;27m [38;2;10;30;40m [38;2;24;41;50m.[38;2;20;37;32m.[0m
[0m[38;2;11;34;35m [38;2;6;24;24m [38;2;9;26;24m [38;2;1;13;28m [38;2;7;39;57m.[38;2;53;84;133m,[38;2;63;137;136mc[38;2;3;10;5m [38;2;0;7;1m [38;2;11;21;20m [38;2;9;16;20m [38;2;16;25;28m [38;2;0;8;1m [38;2;0;5;0m [38;2;0;6;4m [38;2;0;6;1m [38;2;16;28;38m [38;2;9;47;64m.[38;2;17;45;53m.[38;2;4;16;18m [38;2;16;29;31m [38;2;28;51;49m.[38;2;24;48;39m.[38;2;27;51;44m.[38;2;22;49;47m.[38;2;29;59;58m.[38;2;24;38;39m.[38;2;25;41;37m.[38;2;35;56;53m.[38;2;20;44;33m.[38;2;6;16;29m [38;2;49;90;144m,[38;2;123;142;185mo[38;2;176;201;207m0[38;2;19;23;36m [38;2;198;219;251mX[38;2;85;133;145mc[38;2;66;115;124m:[38;2;21;52;58m.[38;2;32;72;92m.[38;2;6;55;66m.[38;2;8;49;90m.[38;2;23;69;113m.[38;2;70;138;212ml[38;2;37;86;226m;[38;2;106;206;255mO[38;2;105;255;255mK[38;2;96;255;255mK[38;2;89;255;255mK[38;2;101;255;255mK[38;2;116;255;255mK[38;2;44;203;255mx[38;2;40;205;255mx[38;2;33;93;240m;[38;2;15;79;231m,[38;2;8;56;222m.[38;2;9;43;172m.[38;2;9;53;126m.[38;2;12;49;110m.[38;2;73;92;149m;[38;2;0;3;23m [38;2;137;177;213mk[38;2;39;54;78m.[38;2;67;91;122m;[38;2;112;121;128mc[38;2;124;131;138ml[38;2;0;3;0m [38;2;1;2;0m [38;2;18;47;53m.[38;2;4;43;51m.[38;2;0;10;5m [38;2;21;39;48m.[38;2;13;33;46m [38;2;12;46;61m.[38;2;16;48;66m.[38;2;17;51;66m.[38;2;0;6;16m [38;2;2;7;5m [38;2;6;17;15m [38;2;1;2;5m [0m
