[0m[38;2;28;51;45m.[38;2;10;46;45m.[38;2;9;39;38m.[38;2;1;12;10m [38;2;8;37;47m.[38;2;0;21;29m [38;2;84;151;152ml[38;2;15;42;34m.[38;2;0;5;0m [38;2;0;13;0m [38;2;7;13;8m [38;2;5;15;19m [38;2;8;24;25m [38;2;0;15;17m [38;2;114;163;190md[38;2;103;113;122mc[38;2;3;12;7m [38;2;5;43;40m.[38;2;10;45;54m.[38;2;12;44;47m.[38;2;3;46;52m.[38;2;7;46;56m.[38;2;10;47;57m.[38;2;9;46;60m.[38;2;10;45;51m.[38;2;8;37;46m.[38;2;80;164;165mo[38;2;13;31;31m [38;2;30;80;80m'[38;2;47;102;118m;[38;2;47;91;104m,[38;2;21;54;75m.[38;2;12;43;58m.[38;2;12;48;56m.[38;2;8;37;51m.[38;2;62;112;115m;[38;2;46;65;70m.[38;2;74;169;167mo[38;2;47;105;121m;[38;2;9;38;47m.[38;2;9;41;36m.[38;2;26;49;121m.[38;2;139;161;167md[38;2;8;37;36m [38;2;3;21;29m [38;2;7;39;97m.[38;2;193;243;255mN[38;2;43;92;118m,[38;2;48;105;132m;[38;2;41;72;149m'[38;2;13;31;157m.[38;2;16;109;230m;[38;2;6;56;200m.[38;2;13;60;204m.[38;2;8;61;196m.[38;2;11;45;151m.[38;2;26;48;140m.[38;2;7;20;81m [38;2;57;97;166m;[38;2;15;30;76m.[38;2;1;27;49m [38;2;9;30;52m [38;2;9;33;37m [38;2;11;47;57m.[38;2;1;42;40m.[38;2;8;42;47m.[38;2;3;34;40m [38;2;8;46;42m.[38;2;10;45;49m.[38;2;11;49;51m.[38;2;0;30;35m [38;2;15;46;54m.[38;2;8;42;45m.[38;2;0;5;0m [38;2;1;32;25m [38;2;6;40;35m.[38;2;12;41;38m.[38;2;5;36;31m [38;2;12;46;42m.[38;2;5;40;41m.[0m
[0m[38;2;27;48;47m.[38;2;9;44;43m.[38;2;4;29;29m [38;2;0;13;10m [38;2;4;34;34m [38;2;0;27;31m [38;2;82;150;150ml[38;2;11;26;26m [38;2;0;8;5m [38;2;0;9;0m [38;2;2;6;0m [38;2;0;7;0m [38;2;0;3;0m [38;2;20;37;54m.[38;2;191;223;239mX[38;2;13;16;18m [38;2;1;16;11m [38;2;0;17;11m [38;2;4;19;23m [38;2;3;26;28m [38;2;2;36;34m [38;2;4;38;43m [38;2;8;42;48m.[38;2;4;45;52m.[38;2;6;45;62m.[38;2;8;43;56m.[38;2;35;88;94m'[38;2;18;35;35m.[38;2;8;45;52m.[38;2;7;41;57m.[38;2;11;43;61m.[38;2;15;52;75m.[38;2;18;49;67m.[38;2;19;55;71m.[38;2;20;52;69m.[38;2;47;79;97m'[38;2;39;57;61m.[38;2;72;153;163ml[38;2;81;153;189mo[38;2;17;45;61m.[38;2;3;20;28m [38;2;32;58;126m.[38;2;126;147;163mo[38;2;7;31;50m [38;2;7;18;48m [38;2;4;39;107m.[38;2;189;233;255mX[38;2;6;14;48m [38;2;66;134;199mc[38;2;71;163;245md[38;2;37;133;252mc[38;2;112;255;255mK[38;2;68;230;255mO[38;2;64;200;255mx[38;2;43;171;255mo[38;2;12;132;249m:[38;2;8;80;231m,[38;2;4;35;183m.[38;2;81;133;224ml[38;2;12;37;128m.[38;2;6;24;85m [38;2;6;30;83m [38;2;56;73;87m'[38;2;51;63;65m.[38;2;54;75;84m'[38;2;49;65;76m.[38;2;49;65;65m.[38;2;32;57;59m.[38;2;16;45;48m.[38;2;4;46;44m.[38;2;0;22;25m [38;2;8;44;49m.[38;2;4;32;35m [38;2;0;4;2m [38;2;4;31;30m [38;2;4;31;38m [38;2;9;30;39m [38;2;5;33;31m [38;2;10;46;47m.[38;2;1;34;42m [0m
[0m[38;2;23;47;48m.[38;2;10;44;47m.[38;2;12;32;37m [38;2;0;13;15m [38;2;0;39;42m [38;2;4;26;37m [38;2;86;147;142ml[38;2;3;16;24m [38;2;3;26;30m [38;2;8;24;23m [38;2;2;19;28m [38;2;5;25;39m [38;2;0;2;6m [38;2;139;174;198mx[38;2;99;106;125m:[38;2;3;25;33m [38;2;1;33;43m [38;2;0;7;1m [38;2;0;6;0m [38;2;0;8;0m [38;2;0;6;1m [38;2;0;7;1m [38;2;0;10;4m [38;2;1;16;13m [38;2;7;18;24m [38;2;7;28;33m [38;2;3;36;45m [38;2;7;17;22m [38;2;12;46;57m.[38;2;13;48;70m.[38;2;13;44;72m.[38;2;13;47;73m.[38;2;11;44;72m.[38;2;10;45;74m.[38;2;5;32;61m [38;2;69;130;145mc[38;2;36;54;60m.[38;2;25;56;69m.[38;2;42;93;119m,[38;2;35;72;95m.[38;2;13;30;48m [38;2;46;72;151m'[38;2;97;125;138mc[38;2;13;31;51m [38;2;6;18;40m [38;2;3;33;89m.[38;2;195;248;255mN[38;2;1;7;72m [38;2;19;56;174m.[38;2;83;172;254md[38;2;21;150;255ml[38;2;160;255;255mN[38;2;94;255;255mK[38;2;106;255;255mK[38;2;130;255;255mX[38;2;93;255;255mK[38;2;72;227;255mO[38;2;65;197;255mx[38;2;68;216;255mk[38;2;11;88;232m,[38;2;11;50;204m.[38;2;9;19;115m [38;2;64;86;135m,[38;2;63;87;109m,[38;2;70;96;106m;[38;2;63;84;97m,[38;2;68;88;88m,[38;2;45;68;75m.[38;2;76;98;110m;[38;2;50;73;93m'[38;2;3;20;28m [38;2;7;22;30m [38;2;7;13;15m [38;2;4;32;33m [38;2;10;47;53m.[38;2;9;25;34m [38;2;19;43;46m.[38;2;8;30;25m [38;2;10;42;49m.[38;2;3;36;43m [0m
[0m[38;2;21;48;50m.[38;2;11;46;48m.[38;2;12;36;36m [38;2;6;15;19m [38;2;7;41;56m.[38;2;5;28;48m [38;2;84;142;167ml[38;2;11;31;51m [38;2;2;6;23m [38;2;8;32;80m.[38;2;0;18;49m [38;2;12;28;59m [38;2;73;92;138m;[38;2;196;218;234mK[38;2;3;11;47m [38;2;4;42;86m.[38;2;3;30;61m [38;2;4;36;65m.[38;2;4;36;60m.[38;2;9;25;36m [38;2;6;13;17m [38;2;34;48;50m.[38;2;35;45;47m.[38;2;34;44;46m.[38;2;32;45;48m.[38;2;38;46;50m.[38;2;37;46;50m.[38;2;28;37;43m.[38;2;21;24;31m [38;2;34;45;51m.[38;2;21;35;41m.[38;2;9;24;32m [38;2;5;29;44m [38;2;11;34;53m [38;2;7;37;72m.[38;2;23;59;88m.[38;2;22;41;56m.[38;2;11;47;83m.[38;2;13;50;87m.[38;2;14;43;79m.[38;2;0;7;26m [38;2;74;107;177m:[38;2;85;114;136m:[38;2;36;76;91m'[38;2;46;81;101m'[38;2;9;20;72m [38;2;212;255;255mW[38;2;4;16;70m [38;2;15;33;174m.[38;2;42;122;248mc[38;2;32;189;255md[38;2;132;255;255mX[38;2;99;255;255mK[38;2;78;255;255m0[38;2;90;255;255mK[38;2;101;255;255mK[38;2;82;255;255mK[38;2;160;255;255mN[38;2;38;236;255mk[38;2;100;252;255mK[38;2;6;156;255ml[38;2;9;57;232m.[38;2;13;37;141m.[38;2;6;26;70m [38;2;10;46;83m.[38;2;5;34;49m [38;2;2;43;50m.[38;2;6;40;50m.[38;2;5;28;37m [38;2;98;115;149mc[38;2;23;28;38m [38;2;8;23;23m [38;2;13;39;47m.[38;2;10;49;56m.[38;2;10;37;44m.[38;2;2;1;2m [38;2;45;62;60m.[38;2;29;55;52m.[38;2;16;39;47m.[38;2;7;36;45m [0m
[0m[38;2;25;48;50m.[38;2;14;44;49m.[38;2;8;37;34m [38;2;5;15;22m [38;2;12;43;63m.[38;2;8;26;64m [38;2;77;141;186ml[38;2;18;49;150m.[38;2;12;73;189m'[38;2;0;61;193m.[38;2;8;42;197m.[38;2;13;45;179m.[38;2;204;230;255mX[38;2;55;67;170m'[38;2;4;42;161m.[38;2;10;52;169m.[38;2;1;28;124m.[38;2;6;43;111m.[38;2;9;50;96m.[38;2;5;19;34m [38;2;61;88;94m,[38;2;145;191;201mk[38;2;137;178;191mx[38;2;132;173;198mx[38;2;128;167;176md[38;2;136;174;194mx[38;2;115;150;174mo[38;2;133;143;163mo[38;2;97;110;130m:[38;2;110;153;153mo[38;2;104;123;139mc[38;2;115;128;150ml[38;2;54;67;89m'[38;2;84;91;97m;[38;2;24;26;30m [38;2;3;8;18m [38;2;0;10;15m [38;2;10;23;41m [38;2;10;32;56m [38;2;12;28;53m [38;2;2;16;40m [38;2;106;151;224md[38;2;48;73;103m'[38;2;9;36;74m.[38;2;61;118;152m:[38;2;8;18;61m [38;2;225;251;255mW[38;2;11;30;70m.[38;2;30;55;163m.[38;2;26;85;229m,[38;2;23;183;255mo[38;2;103;229;255m0[38;2;101;255;255mK[38;2;101;255;255mK[38;2;83;255;255mK[38;2;104;255;255mK[38;2;83;255;255mK[38;2;145;255;255mX[38;2;32;235;255mk[38;2;123;254;255mX[38;2;8;210;255md[38;2;12;73;242m'[38;2;11;46;169m.[38;2;47;97;140m;[38;2;9;39;73m.[38;2;1;22;37m [38;2;0;35;45m [38;2;1;39;40m [38;2;7;34;39m [38;2;37;47;83m.[38;2;65;85;110m,[38;2;6;46;44m.[38;2;10;46;64m.[38;2;10;38;46m.[38;2;29;43;39m.[38;2;32;54;50m.[38;2;17;49;49m.[38;2;6;43;49m.[38;2;13;44;50m.[38;2;14;34;43m.[0m
[0m[38;2;24;46;50m.[38;2;11;45;53m.[38;2;11;27;31m [38;2;6;17;29m [38;2;11;41;81m.[38;2;6;30;103m.[38;2;76;142;235ml[38;2;8;83;248m,[38;2;100;255;255mK[38;2;88;237;255m0[38;2;94;217;255mO[38;2;60;171;255md[38;2;92;218;255mO[38;2;77;164;253md[38;2;49;172;255mo[38;2;51;166;254mo[38;2;1;102;243m;[38;2;13;72;209m'[38;2;12;46;156m.[38;2;11;27;76m [38;2;5;16;35m [38;2;19;43;59m.[38;2;11;30;36m [38;2;11;24;25m [38;2;8;25;19m [38;2;10;21;27m [38;2;12;20;17m [38;2;17;35;53m.[38;2;16;33;53m.[38;2;4;15;13m [38;2;12;24;53m [38;2;19;38;87m.[38;2;32;49;79m.[38;2;111;120;137mc[38;2;176;203;220m0[38;2;88;89;113m;[38;2;3;9;25m [38;2;2;17;55m [38;2;2;10;43m [38;2;0;5;19m [38;2;0;22;83m [38;2;129;178;248mk[38;2;13;16;29m [38;2;2;14;44m [38;2;16;38;59m.[38;2;16;27;97m.[38;2;220;252;255mW[38;2;1;11;35m [38;2;14;43;111m.[38;2;14;41;174m.[38;2;36;99;220m;[38;2;11;68;224m'[38;2;11;131;250m:[38;2;40;165;254mo[38;2;43;180;255md[38;2;61;223;255mk[38;2;77;234;255mO[38;2;115;255;255mK[38;2;26;240;255mk[38;2;129;244;255mK[38;2;23;212;255mx[38;2;36;118;236m:[38;2;9;31;137m.[38;2;24;58;133m.[38;2;7;40;64m.[38;2;4;23;27m [38;2;5;35;45m [38;2;17;43;52m.[38;2;1;23;32m [38;2;35;59;91m.[38;2;63;81;112m,[38;2;6;48;44m.[38;2;7;36;40m [38;2;31;45;42m.[38;2;33;54;55m.[38;2;7;37;47m.[38;2;7;44;55m.[38;2;6;44;53m.[38;2;9;43;44m.[38;2;5;36;44m [0m
[0m[38;2;22;47;53m.[38;2;9;50;57m.[38;2;7;21;30m [38;2;8;22;40m [38;2;8;42;95m.[38;2;12;31;129m.[38;2;79;156;246mo[38;2;0;109;255m;[38;2;108;255;255mK[38;2;127;255;255mX[38;2;42;218;255mk[38;2;125;227;255m0[38;2;67;236;255mO[38;2;103;255;255mK[38;2;113;255;255mK[38;2;182;255;255mN[38;2;19;204;255md[38;2;16;139;255mc[38;2;24;61;206m'[38;2;30;60;143m.[38;2;24;56;106m.[38;2;26;60;89m.[38;2;28;44;61m.[38;2;23;41;45m.[38;2;20;35;36m.[38;2;16;26;22m [38;2;2;3;3m [38;2;11;39;71m.[38;2;12;43;74m.[38;2;4;20;27m [38;2;6;27;50m [38;2;10;34;67m.[38;2;11;46;94m.[38;2;1;3;21m [38;2;28;52;95m.[38;2;202;222;254mX[38;2;45;56;116m.[38;2;9;61;149m.[38;2;7;19;116m [38;2;13;15;109m [38;2;12;46;167m.[38;2;144;208;255m0[38;2;2;7;51m [38;2;15;40;131m.[38;2;7;23;71m [38;2;7;40;148m.[38;2;206;242;255mN[38;2;0;0;4m [38;2;0;8;48m [38;2;4;13;58m [38;2;8;20;72m [38;2;12;22;98m [38;2;8;35;138m.[38;2;10;45;170m.[38;2;10;54;184m.[38;2;8;71;218m'[38;2;4;64;214m.[38;2;11;100;220m;[38;2;52;152;244ml[38;2;67;142;237ml[38;2;28;126;220m:[38;2;42;114;195m:[38;2;7;31;84m.[38;2;5;40;74m.[38;2;5;28;42m [38;2;0;7;3m [38;2;7;14;15m [38;2;11;26;27m [38;2;9;25;33m [38;2;34;68;104m.[38;2;67;91;117m,[38;2;3;12;12m [38;2;27;45;47m.[38;2;10;32;33m [38;2;10;35;43m [38;2;3;37;44m [38;2;10;46;50m.[38;2;6;40;50m.[38;2;4;39;44m.[38;2;10;42;46m.[0m
[0m[38;2;19;49;57m.[38;2;6;47;59m.[38;2;7;29;36m [38;2;2;26;45m [38;2;11;43;105m.[38;2;11;33;144m.[38;2;78;162;248md[38;2;0;130;255m:[38;2;121;255;255mX[38;2;126;255;255mX[38;2;35;206;255mx[38;2;66;229;255mO[38;2;106;255;255mK[38;2;100;255;255mK[38;2;113;255;255mK[38;2;172;255;255mN[38;2;25;227;255mk[38;2;23;144;255mc[38;2;9;63;224m'[38;2;15;57;157m.[38;2;8;47;106m.[38;2;7;41;90m.[38;2;12;38;69m.[38;2;63;135;172mc[38;2;64;132;163mc[38;2;73;129;159mc[38;2;21;39;54m.[38;2;53;98;126m;[38;2;26;53;95m.[38;2;34;71;100m.[38;2;26;46;79m.[38;2;19;55;94m.[38;2;26;52;98m.[38;2;23;30;87m.[38;2;7;20;104m [38;2;138;165;252mx[38;2;117;143;235md[38;2;6;93;235m,[38;2;2;82;227m'[38;2;8;78;238m,[38;2;21;109;243m;[38;2;169;223;255mK[38;2;4;25;182m.[38;2;18;73;214m'[38;2;12;36;148m.[38;2;7;34;168m.[38;2;197;248;255mN[38;2;0;2;28m [38;2;0;16;53m [38;2;7;34;80m.[38;2;8;36;71m.[38;2;6;19;49m [38;2;0;9;30m [38;2;3;6;29m [38;2;0;8;30m [38;2;0;9;44m [38;2;4;8;57m [38;2;1;14;54m [38;2;87;115;186mc[38;2;9;23;87m [38;2;18;28;66m.[38;2;7;39;72m.[38;2;14;47;69m.[38;2;12;48;80m.[38;2;0;16;20m [38;2;2;10;5m [38;2;0;8;2m [38;2;2;10;0m [38;2;1;6;4m [38;2;64;85;117m,[38;2;46;55;83m.[38;2;11;31;34m [38;2;10;49;59m.[38;2;7;47;48m.[38;2;6;32;38m [38;2;8;37;44m.[38;2;7;33;45m [38;2;9;41;49m.[38;2;8;44;51m.[38;2;11;44;48m.[0m
[0m[38;2;20;49;57m.[38;2;10;47;62m.[38;2;7;28;39m [38;2;5;25;50m [38;2;14;45;105m.[38;2;8;35;133m.[38;2;80;153;251mo[38;2;0;128;255m:[38;2;132;255;255mX[38;2;96;249;255mK[38;2;82;209;255mk[38;2;53;235;255mO[38;2;95;255;255mK[38;2;107;255;255mK[38;2;118;255;255mK[38;2;182;255;255mN[38;2;17;220;255mx[38;2;48;194;255mx[38;2;11;66;226m'[38;2;17;46;170m.[38;2;8;55;117m.[38;2;11;46;90m.[38;2;6;33;64m [38;2;45;98;126m,[38;2;64;138;166mc[38;2;80;154;179mo[38;2;23;40;46m.[38;2;84;154;168mo[38;2;17;37;70m.[38;2;59;105;141m;[38;2;17;48;87m.[38;2;10;41;82m.[38;2;19;56;120m.[38;2;31;71;169m'[38;2;13;57;224m.[38;2;115;191;255mk[38;2;102;234;255m0[38;2;131;239;255mK[38;2;113;242;255mK[38;2;82;219;255mO[38;2;4;216;255mx[38;2;125;227;255m0[38;2;52;169;254mo[38;2;17;169;255ml[38;2;8;126;248m:[38;2;5;63;240m'[38;2;172;221;254mK[38;2;0;0;47m [38;2;9;33;102m.[38;2;12;49;114m.[38;2;6;29;73m [38;2;12;32;58m [38;2;18;33;45m.[38;2;97;123;123mc[38;2;91;117;120m:[38;2;95;116;112m:[38;2;77;102;103m;[38;2;49;67;57m.[38;2;86;109;118m:[38;2;31;50;50m.[38;2;39;49;60m.[38;2;26;31;30m.[38;2;1;11;12m [38;2;7;26;34m [38;2;0;10;13m [38;2;0;7;2m [38;2;0;8;4m  [38;2;1;4;1m [38;2;93;117;136mc[38;2;17;46;60m.[38;2;9;38;46m.[38;2;6;38;53m.[38;2;9;42;50m.[38;2;8;44;48m.[38;2;8;30;33m [38;2;6;37;42m [38;2;10;44;49m.[38;2;11;45;49m.[38;2;10;42;52m.[0m
[0m[38;2;18;41;42m.[38;2;7;39;51m.[38;2;6;26;28m [38;2;3;21;42m [38;2;11;45;99m.[38;2;6;38;119m.[38;2;76;146;247mo[38;2;0;140;255mc[38;2;172;255;255mN[38;2;51;212;255mk[38;2;77;230;255mO[38;2;89;255;255mK[38;2;107;255;255mK[38;2;112;255;255mK[38;2;117;255;255mK[38;2;194;255;255mN[38;2;2;226;255mx[38;2;42;194;255md[38;2;32;98;226m;[38;2;11;48;157m.[38;2;10;50;111m.[38;2;12;46;91m.[38;2;11;41;79m.[38;2;25;52;74m.[38;2;72;149;166ml[38;2;82;155;170mo[38;2;6;14;21m [38;2;81;160;174mo[38;2;68;131;169mc[38;2;13;28;66m [38;2;58;109;150m;[38;2;14;50;103m.[38;2;11;59;138m.[38;2;14;67;194m'[38;2;6;72;247m'[38;2;123;230;255m0[38;2;108;254;255mK[38;2;198;255;255mW[38;2;159;255;255mN[38;2;160;255;255mN[38;2;16;252;255mO[38;2;59;254;255m0[38;2;230;255;255mW[38;2;201;255;255mW[38;2;44;238;255mO[38;2;3;151;255mc[38;2;152;213;255m0[38;2;16;24;122m.[38;2;16;46;127m.[38;2;13;49;115m.[38;2;7;24;64m [38;2;20;36;56m.[38;2;2;21;38m [38;2;7;27;28m [38;2;5;16;15m [38;2;2;11;8m [38;2;8;32;32m [38;2;2;23;35m [38;2;80;105;121m:[38;2;1;24;30m [38;2;5;11;14m [38;2;149;164;176mx[38;2;15;27;34m [38;2;10;33;31m [38;2;2;10;9m [38;2;2;7;2m [38;2;0;8;0m  [38;2;0;0;0m [38;2;123;159;194md[38;2;7;31;31m [38;2;2;7;4m [38;2;11;42;44m.[38;2;6;46;50m.[38;2;13;47;52m.[38;2;13;50;51m.[38;2;7;28;36m [38;2;21;48;51m.[38;2;8;37;41m.[38;2;11;45;49m.[0m
[0m[38;2;35;71;68m.[38;2;33;69;78m.[38;2;33;73;81m.[38;2;8;26;33m [38;2;17;47;83m.[38;2;4;33;80m.[38;2;65;146;212ml[38;2;6;66;194m.[38;2;82;161;225mo[38;2;24;123;247m:[38;2;129;218;255m0[38;2;52;188;248md[38;2;77;215;255mk[38;2;75;221;255mO[38;2;94;227;255mO[38;2;142;232;255mK[38;2;17;210;255mx[38;2;34;129;239mc[38;2;81;150;234mo[38;2;23;63;126m.[38;2;20;60;106m.[38;2;21;52;83m.[38;2;12;40;66m.[38;2;5;29;51m [38;2;61;131;152mc[38;2;86;160;182mo[38;2;1;10;12m [38;2;90;164;178mo[38;2;68;143;163ml[38;2;65;117;157m:[38;2;15;38;76m.[38;2;50;88;143m,[38;2;17;45;142m.[38;2;16;68;198m'[38;2;12;107;252m;[38;2;97;224;255mO[38;2;115;255;255mK[38;2;208;255;255mW[38;2;187;255;255mN[38;2;128;255;255mX[38;2;110;255;255mK[38;2;70;255;255m0[38;2;192;255;255mN[38;2;210;255;255mW[38;2;60;251;255m0[38;2;1;179;255mo[38;2;116;196;255mk[38;2;9;41;168m.[38;2;15;55;156m.[38;2;9;59;120m.[38;2;7;27;66m [38;2;42;70;97m'[38;2;18;49;88m.[38;2;43;79;97m'[38;2;57;110;117m;[38;2;39;70;72m.[38;2;9;26;32m [38;2;6;31;43m [38;2;110;152;193mo[38;2;14;43;45m.[38;2;0;7;4m [38;2;84;107;147m:[38;2;24;40;61m.[38;2;6;38;37m [38;2;2;7;3m [38;2;3;9;2m [38;2;0;9;6m [38;2;0;6;2m [38;2;34;44;61m.[38;2;83;119;144mc[38;2;7;42;50m.[38;2;2;12;9m [38;2;16;41;50m.[38;2;4;28;33m [38;2;11;37;41m.[38;2;5;32;31m [38;2;10;33;41m [38;2;19;46;48m.[38;2;27;54;60m.[38;2;22;52;55m.[0m
[0m[38;2;19;50;50m.[38;2;11;46;60m.[38;2;9;50;53m.[38;2;0;19;34m [38;2;13;51;73m.[38;2;7;29;58m [38;2;75;135;165mc[38;2;0;13;52m [38;2;13;40;105m.[38;2;17;40;152m.[38;2;189;234;255mX[38;2;1;17;128m [38;2;8;59;208m.[38;2;44;115;234m:[38;2;16;74;203m'[38;2;8;66;186m.[38;2;57;137;221ml[38;2;11;17;110m [38;2;34;76;137m'[38;2;38;78;118m'[38;2;42;77;112m'[38;2;35;74;105m'[38;2;32;71;91m.[38;2;29;73;83m.[38;2;39;82;101m'[38;2;41;87;105m,[38;2;46;90;109m,[38;2;34;66;68m.[38;2;51;106;124m;[38;2;54;111;127m;[38;2;41;79;122m'[38;2;35;55;104m.[38;2;36;78;144m'[38;2;33;77;196m,[38;2;23;97;241m;[38;2;103;210;255mO[38;2;91;253;255mK[38;2;185;255;255mN[38;2;231;255;255mW[38;2;50;255;255m0[38;2;98;253;255mK[38;2;143;255;255mX[38;2;189;255;255mN[38;2;214;255;255mW[38;2;68;254;255m0[38;2;2;164;255ml[38;2;128;191;253mk[38;2;6;50;171m.[38;2;8;54;142m.[38;2;12;55;124m.[38;2;6;19;45m [38;2;92;146;177ml[38;2;15;46;72m.[38;2;4;28;50m [38;2;64;119;122m:[38;2;58;115;115m;[38;2;9;26;28m [38;2;0;19;37m [38;2;108;151;187mo[38;2;21;49;54m.[38;2;1;9;7m [38;2;79;108;157m:[38;2;23;49;65m.[38;2;53;97;101m,[38;2;0;5;1m [38;2;4;7;0m [38;2;0;5;2m [38;2;0;0;1m [38;2;130;164;180md[38;2;15;43;56m.[38;2;11;44;59m.[38;2;1;14;12m [38;2;9;35;40m [38;2;34;79;82m'[38;2;17;53;92m.[38;2;21;61;90m.[38;2;9;27;41m [38;2;89;104;101m:[38;2;39;57;52m.[38;2;27;64;67m.[0m
[0m[38;2;21;48;50m.[38;2;10;47;56m.[38;2;12;50;55m.[38;2;2;21;34m [38;2;11;49;65m.[38;2;4;30;43m [38;2;82;146;160ml[38;2;4;32;46m [38;2;12;47;73m.[38;2;4;9;60m [38;2;177;208;245m0[38;2;36;49;83m.[38;2;5;37;95m.[38;2;20;58;100m.[38;2;72;123;178mc[38;2;7;27;71m [38;2;62;115;168m:[38;2;2;12;32m [38;2;13;47;81m.[38;2;8;46;76m.[38;2;9;47;71m.[38;2;7;47;70m.[38;2;8;46;61m.[38;2;9;46;65m.[38;2;8;46;62m.[38;2;8;41;56m.[38;2;39;83;104m'[38;2;20;33;38m.[38;2;11;41;66m.[38;2;8;38;79m.[38;2;7;42;76m.[38;2;14;48;93m.[38;2;21;65;120m.[38;2;25;68;138m.[38;2;35;76;206m,[38;2;120;181;254mk[38;2;11;130;245m:[38;2;8;170;254ml[38;2;47;162;253mo[38;2;120;243;255mK[38;2;0;150;253mc[38;2;47;188;255md[38;2;83;214;255mO[38;2;94;221;255mO[38;2;33;194;255md[38;2;3;91;249m,[38;2;135;177;242mk[38;2;25;57;160m.[38;2;31;69;130m'[38;2;31;75;124m'[38;2;22;41;59m.[38;2;62;116;142m:[38;2;59;114;133m:[38;2;10;37;52m.[38;2;10;40;53m.[38;2;42;78;93m'[38;2;5;25;34m [38;2;20;37;50m.[38;2;107;139;146ml[38;2;5;34;34m [38;2;0;2;4m [38;2;98;124;169mc[38;2;3;24;37m [38;2;15;55;56m.[38;2;0;5;2m [38;2;2;9;1m [38;2;0;10;1m [38;2;35;41;59m.[38;2;102;133;141ml[38;2;8;37;46m.[38;2;7;47;56m.[38;2;0;15;14m [38;2;7;35;38m [38;2;24;40;53m.[38;2;18;29;41m [38;2;49;100;109m,[38;2;2;22;27m [38;2;130;147;143mo[38;2;56;84;77m'[38;2;30;73;77m.[0m
[0m[38;2;19;48;47m.[38;2;8;47;57m.[38;2;7;51;56m.[38;2;1;20;17m [38;2;10;50;63m.[38;2;7;35;44m [38;2;75;134;148mc[38;2;7;22;32m [38;2;11;46;56m.[38;2;2;20;34m [38;2;84;121;187mc[38;2;132;149;155mo[38;2;3;25;47m [38;2;6;38;58m.[38;2;38;77;111m'[38;2;52;99;131m;[38;2;55;113;141m:[38;2;4;15;23m [38;2;14;47;71m.[38;2;5;46;73m.[38;2;0;47;68m.[38;2;7;47;72m.[38;2;10;47;66m.[38;2;8;46;62m.[38;2;5;48;65m.[38;2;5;50;62m.[38;2;7;55;68m.[38;2;9;28;37m [38;2;8;47;65m.[38;2;9;45;70m.[38;2;4;45;79m.[38;2;8;47;83m.[38;2;8;49;89m.[38;2;8;37;93m.[38;2;34;71;169m'[38;2;138;181;242mk[38;2;4;27;129m.[38;2;9;45;172m.[38;2;26;72;215m'[38;2;167;195;231mO[38;2;0;23;169m.[38;2;4;74;219m'[38;2;20;75;215m'[38;2;14;82;217m,[38;2;23;70;188m'[38;2;5;31;155m.[38;2;144;160;209mx[38;2;4;22;62m [38;2;14;48;93m.[38;2;15;60;84m.[38;2;50;89;114m,[38;2;6;25;35m [38;2;22;60;76m.[38;2;22;63;71m.[38;2;27;67;79m.[38;2;42;91;88m,[38;2;3;17;24m [38;2;98;116;131mc[38;2;50;80;97m'[38;2;38;78;81m'[38;2;1;6;7m [38;2;113;143;172mo[38;2;21;47;62m.[38;2;35;70;79m.[38;2;6;12;12m [38;2;0;6;1m [38;2;3;8;6m [38;2;116;146;164mo[38;2;5;17;20m [38;2;9;51;65m.[38;2;8;47;54m.[38;2;2;16;17m [38;2;6;30;31m [38;2;60;77;72m'[38;2;58;70;64m'[38;2;25;35;29m.[38;2;0;1;0m [38;2;137;151;145md[38;2;31;49;48m.[38;2;20;56;65m.[0m
[0m[38;2;20;42;43m.[38;2;7;38;50m.[38;2;6;46;55m.[38;2;2;10;10m [38;2;8;41;56m.[38;2;53;98;117m,[38;2;46;109;99m;[38;2;0;9;11m [38;2;9;33;38m [38;2;5;22;31m [38;2;21;35;71m.[38;2;148;196;232mO[38;2;25;38;43m.[38;2;3;26;32m [38;2;2;23;31m [38;2;41;84;101m'[38;2;46;82;94m'[38;2;1;7;9m [38;2;7;36;40m [38;2;5;34;38m [38;2;2;32;44m [38;2;6;34;47m [38;2;6;32;45m [38;2;5;35;40m [38;2;7;32;44m [38;2;3;33;48m [38;2;6;33;41m [38;2;0;16;20m [38;2;4;35;37m [38;2;4;32;38m [38;2;2;32;46m [38;2;6;33;54m [38;2;2;33;44m [38;2;4;24;43m [38;2;34;69;148m'[38;2;145;208;252m0[38;2;4;10;40m [38;2;10;19;71m [38;2;125;166;225mx[38;2;83;94;124m;[38;2;0;20;72m [38;2;4;41;102m.[38;2;8;38;103m.[38;2;11;44;99m.[38;2;5;27;58m [38;2;15;36;111m.[38;2;135;153;165md[38;2;2;19;32m [38;2;8;31;59m [38;2;4;37;57m.[38;2;15;39;57m.[38;2;5;20;23m [38;2;8;35;40m [38;2;5;35;38m [38;2;5;36;42m [38;2;11;38;44m.[38;2;0;9;8m [38;2;130;163;199mx[38;2;4;18;17m [38;2;7;30;38m [38;2;55;81;102m,[38;2;70;88;108m,[38;2;6;24;31m [38;2;18;47;62m.[38;2;4;13;18m [38;2;1;3;2m [38;2;90;115;135m:[38;2;46;58;61m.[38;2;7;18;22m [38;2;9;56;63m.[38;2;6;49;52m.[38;2;3;15;16m [38;2;8;41;43m.[38;2;24;55;49m.[38;2;26;44;42m.[38;2;13;28;31m [38;2;5;21;26m [38;2;77;99;96m;[38;2;24;46;48m.[38;2;24;56;62m.[0m
[0m[38;2;16;46;49m.[38;2;12;44;54m.[38;2;8;32;34m [38;2;8;12;17m [38;2;9;37;51m.[38;2;64;116;134m:[38;2;48;105;106m;[38;2;2;6;10m [38;2;0;7;5m [38;2;9;19;18m [38;2;4;11;15m [38;2;53;83;153m,[38;2;124;158;192md[38;2;26;32;31m.[38;2;0;2;0m [38;2;0;8;6m [38;2;0;3;0m [38;2;2;27;38m [38;2;4;30;38m [38;2;2;13;17m [38;2;19;24;27m [38;2;47;51;55m.[38;2;48;51;55m.[38;2;49;53;52m.[38;2;50;55;55m.[38;2;51;57;59m.[38;2;53;61;64m.[38;2;53;58;69m.[38;2;45;49;51m.[38;2;46;59;58m.[38;2;48;64;63m.[38;2;8;10;25m [38;2;0;5;9m [38;2;0;0;0m [38;2;38;58;116m.[38;2;172;226;250mK[38;2;0;3;5m [38;2;30;61;128m.[38;2;175;206;226m0[38;2;49;56;64m.[38;2;71;86;91m,[38;2;72;85;103m,[38;2;76;90;101m,[38;2;69;87;99m,[38;2;78;97;105m;[38;2;12;34;89m.[38;2;136;149;152md[38;2;62;81;83m,[38;2;39;48;59m.[38;2;13;17;22m [38;2;0;4;4m [38;2;5;21;27m [38;2;5;24;36m [38;2;2;11;14m [38;2;0;4;7m [38;2;0;8;9m [38;2;0;0;4m [38;2;124;174;223mx[38;2;26;32;39m.[38;2;29;34;41m.[38;2;113;151;183mo[38;2;51;61;81m.[38;2;49;62;69m.[38;2;25;37;46m.[38;2;0;1;12m [38;2;40;54;79m.[38;2;94;125;147mc[38;2;2;0;1m [38;2;8;21;30m [38;2;8;53;73m.[38;2;5;47;48m.[38;2;3;19;19m [38;2;5;43;39m.[38;2;3;35;36m [38;2;5;30;34m [38;2;13;51;53m.[38;2;6;36;47m [38;2;72;131;137mc[38;2;15;49;53m.[38;2;20;53;51m.[0m
[0m[38;2;18;46;49m.[38;2;9;47;51m.[38;2;7;38;34m [38;2;5;15;18m [38;2;8;36;46m [38;2;63;119;131m:[38;2;44;100;108m,[38;2;2;10;17m [38;2;0;10;7m [38;2;16;48;51m.[38;2;3;23;26m [38;2;9;25;32m [38;2;47;77;141m,[38;2;128;163;202mx[38;2;64;70;75m'[38;2;0;3;4m [38;2;0;4;1m [38;2;4;58;96m.[38;2;12;51;83m.[38;2;2;18;26m [38;2;83;104;119m:[38;2;149;193;215mO[38;2;141;187;202mk[38;2;140;186;199mk[38;2;141;184;199mk[38;2;134;180;191mx[38;2;132;174;190mx[38;2;120;154;169md[38;2;106;122;134mc[38;2;95;129;131mc[38;2;100;143;155ml[38;2;111;126;161ml[38;2;90;104;134m:[38;2;39;75;121m'[38;2;45;86;144m,[38;2;71;127;184mc[38;2;35;49;100m.[38;2;95;122;194ml[38;2;67;74;80m'[38;2;86;118;116m:[38;2;104;141;141ml[38;2;111;147;162mo[38;2;100;143;151ml[38;2;95;144;163ml[38;2;112;144;146mo[38;2;18;30;70m.[38;2;118;154;157mo[38;2;85;120;111m:[38;2;69;92;125m;[38;2;85;103;125m:[38;2;55;69;102m'[38;2;102;127;143mc[38;2;34;45;50m.[38;2;5;17;17m [38;2;0;6;6m [38;2;0;7;14m [38;2;5;9;27m [38;2;118;155;189md[38;2;85;105;131m:[38;2;58;82;154m,[38;2;112;178;251mx[38;2;51;86;213m;[38;2;44;80;201m,[38;2;54;84;210m;[38;2;85;118;164mc[38;2;116;152;213md[38;2;7;9;26m [38;2;1;3;16m [38;2;6;24;39m [38;2;6;51;75m.[38;2;6;45;53m.[38;2;2;17;15m [38;2;11;51;58m.[38;2;13;51;65m.[38;2;0;3;3m [38;2;10;47;48m.[38;2;8;33;48m [38;2;78;137;136mc[38;2;7;36;33m [38;2;13;42;54m.[0m
[0m[38;2;23;47;53m.[38;2;8;45;55m.[38;2;5;37;36m [38;2;10;19;24m [38;2;7;33;44m [38;2;68;132;139mc[38;2;43;88;103m,[38;2;6;11;15m [38;2;1;16;23m [38;2;3;19;22m [38;2;11;39;53m.[38;2;4;30;40m [38;2;4;5;7m [38;2;29;53;100m.[38;2;127;166;223mx[38;2;123;138;154mo[38;2;34;38;57m.[38;2;7;41;99m.[38;2;15;50;118m.[38;2;4;30;91m [38;2;7;21;89m [38;2;16;51;159m.[38;2;10;35;143m.[38;2;10;29;144m.[38;2;12;32;147m.[38;2;8;35;129m.[38;2;11;34;120m.[38;2;15;42;108m.[38;2;13;44;87m.[38;2;7;36;75m.[38;2;14;34;59m.[38;2;4;32;47m [38;2;2;22;26m [38;2;0;0;0m [38;2;33;76;133m'[38;2;135;154;182md[38;2;77;98;129m;[38;2;57;73;136m,[38;2;56;72;122m'[38;2;3;25;33m [38;2;11;39;59m.[38;2;0;13;16m [38;2;2;4;4m [38;2;1;6;8m [38;2;8;16;12m [38;2;26;47;90m.[38;2;118;134;135ml[38;2;3;19;27m [38;2;0;6;6m [38;2;0;0;0m [38;2;1;2;9m [38;2;34;60;86m.[38;2;167;179;196mk[38;2;4;14;8m [38;2;6;15;14m [38;2;6;13;18m [38;2;23;41;79m.[38;2;101;128;153ml[38;2;14;32;147m.[38;2;37;115;236m:[38;2;74;223;255mO[38;2;77;199;255mk[38;2;81;206;255mk[38;2;99;198;255mk[38;2;31;180;255mo[38;2;74;135;213ml[38;2;0;0;103m [38;2;0;9;55m [38;2;12;23;60m [38;2;10;53;78m.[38;2;7;46;57m.[38;2;4;20;18m [38;2;11;46;59m.[38;2;21;53;61m.[38;2;0;0;1m [38;2;16;42;49m.[38;2;30;60;71m.[38;2;53;92;107m,[38;2;10;40;40m.[38;2;15;37;45m.[0m
[0m[38;2;23;48;52m.[38;2;9;46;51m.[38;2;10;41;41m.[38;2;6;16;18m [38;2;6;33;42m [38;2;74;142;148ml[38;2;40;82;86m'[38;2;0;13;15m [38;2;8;44;60m.[38;2;9;37;47m.[38;2;10;44;70m.[38;2;8;29;50m [38;2;6;11;21m [38;2;2;9;19m [38;2;11;24;65m [38;2;53;82;181m,[38;2;129;171;239mx[38;2;118;146;194mo[38;2;79;95;193m:[38;2;16;63;213m'[38;2;16;98;237m;[38;2;5;138;252mc[38;2;6;144;253mc[38;2;19;159;250ml[38;2;30;162;253ml[38;2;42;157;252mo[38;2;16;127;246m:[38;2;18;89;227m,[38;2;19;67;150m.[38;2;11;44;102m.[38;2;20;45;74m.[38;2;27;58;82m.[38;2;24;55;79m.[38;2;37;54;90m.[38;2;41;90;154m,[38;2;155;173;181mk[38;2;47;74;65m'[38;2;17;38;45m.[38;2;93;121;199ml[38;2;28;51;75m.[38;2;13;52;54m.[38;2;39;81;87m'[38;2;47;90;86m,[38;2;49;77;80m'[38;2;1;12;13m [38;2;27;53;101m.[38;2;127;163;162md[38;2;39;80;74m'[38;2;37;71;74m.[38;2;63;121;118m:[38;2;37;70;69m.[38;2;1;12;27m [38;2;167;186;232mO[38;2;5;14;20m [38;2;43;90;108m,[38;2;42;78;98m'[38;2;41;61;126m.[38;2;110;140;204mo[38;2;43;121;249mc[38;2;30;213;255mx[38;2;125;255;255mX[38;2;231;255;255mW[38;2;228;255;255mW[38;2;157;255;255mX[38;2;18;218;255mx[38;2;75;184;255mx[38;2;8;8;143m [38;2;0;11;66m [38;2;7;27;61m [38;2;12;53;85m.[38;2;7;42;52m.[38;2;11;23;20m [38;2;11;47;54m.[38;2;12;52;62m.[38;2;0;0;0m [38;2;7;41;46m.[38;2;64;110;119m;[38;2;13;42;50m.[38;2;11;44;51m.[38;2;15;42;51m.[0m
[0m[38;2;19;42;46m.[38;2;30;67;82m.[38;2;46;100;91m,[38;2;4;15;14m [38;2;5;33;45m [38;2;71;135;149mc[38;2;35;86;89m'[38;2;12;19;22m [38;2;41;81;86m'[38;2;38;76;89m'[38;2;43;85;92m'[38;2;50;95;109m,[38;2;35;82;109m'[38;2;20;52;110m.[38;2;20;67;177m'[38;2;17;71;216m'[38;2;3;147;253mc[38;2;115;215;255mO[38;2;122;236;255mK[38;2;74;219;255mO[38;2;60;221;255mk[38;2;81;247;255m0[38;2;110;250;255mK[38;2;149;250;255mX[38;2;162;254;255mN[38;2;168;253;255mN[38;2;122;246;255mK[38;2;91;176;255mx[38;2;118;155;227md[38;2;109;134;183ml[38;2;121;141;169mo[38;2;109;139;173mo[38;2;42;102;153m;[38;2;33;76;86m'[38;2;62;120;180m:[38;2;132;147;151mo[38;2;2;22;13m [38;2;3;34;33m [38;2;60;92;141m;[38;2;50;76;132m'[38;2;50;94;93m,[38;2;48;111;106m;[38;2;59;134;136mc[38;2;63;133;129mc[38;2;0;7;6m [38;2;42;77;131m'[38;2;126;139;136mo[38;2;51;102;99m,[38;2;22;50;59m.[38;2;68;131;128mc[38;2;46;97;90m,[38;2;0;8;26m [38;2;167;187;218mO[38;2;17;19;27m [38;2;7;48;65m.[38;2;29;53;72m.[38;2;44;62;136m'[38;2;111;131;185ml[38;2;13;72;224m'[38;2;41;212;255mx[38;2;125;252;255mX[38;2;208;255;255mW[38;2;201;255;255mW[38;2;32;244;255mO[38;2;2;106;255m;[38;2;51;112;239m:[38;2;37;49;142m.[38;2;0;7;53m [38;2;9;34;66m.[38;2;9;51;88m.[38;2;9;41;46m.[38;2;11;29;24m [38;2;14;43;51m.[38;2;4;46;48m.[38;2;0;1;1m [38;2;20;56;55m.[38;2;57;99;105m,[38;2;7;27;35m [38;2;17;41;51m.[38;2;8;41;48m.[0m
[0m[38;2;36;63;68m.[38;2;77;154;162ml[38;2;17;51;42m.[38;2;6;15;20m [38;2;5;35;46m [38;2;78;145;156ml[38;2;33;77;82m'[38;2;23;37;45m.[38;2;79;162;172mo[38;2;66;140;164mc[38;2;64;140;152mc[38;2;55;145;164mc[38;2;65;146;178ml[38;2;19;53;120m.[38;2;13;61;207m.[38;2;9;96;255m;[38;2;0;225;255mx[38;2;166;255;255mN[38;2;166;255;255mN[38;2;146;255;255mX[38;2;117;254;255mK[38;2;100;250;255mK[38;2;98;247;255mK[38;2;106;247;255mK[38;2;110;250;255mK[38;2;112;240;255mK[38;2;56;215;255mk[38;2;18;129;255mc[38;2;8;63;231m'[38;2;5;39;133m.[38;2;19;42;109m.[38;2;76;146;175ml[38;2;57;136;136mc[38;2;37;91;84m'[38;2;78;130;199ml[38;2;128;131;130ml[38;2;4;24;24m [38;2;5;39;39m [38;2;50;84;128m,[38;2;62;112;161m:[38;2;0;0;5m [38;2;37;82;78m'[38;2;49;94;104m,[38;2;50;101;102m,[38;2;3;10;17m [38;2;61;96;170m;[38;2;117;129;129ml[38;2;5;22;26m [38;2;57;110;110m;[38;2;14;40;40m.[38;2;40;67;68m.[38;2;1;5;15m [38;2;162;177;209mk[38;2;15;24;30m [38;2;4;37;48m [38;2;8;24;32m [38;2;30;52;84m.[38;2;89;111;147m:[38;2;66;102;169m:[38;2;40;106;218m:[38;2;38;154;244ml[38;2;47;159;252mo[38;2;50;196;255mx[38;2;18;125;241m:[38;2;0;20;167m.[38;2;55;91;172m;[38;2;33;53;97m.[38;2;3;2;17m [38;2;14;28;44m [38;2;12;54;69m.[38;2;9;34;46m [38;2;13;29;29m [38;2;2;33;40m [38;2;9;48;56m.[38;2;0;0;1m [38;2;70;128;127mc[38;2;13;42;46m.[38;2;10;42;52m.[38;2;22;38;46m.[38;2;14;40;49m.[0m
[0m[38;2;79;142;126mc[38;2;25;68;73m.[38;2;1;18;17m [38;2;8;18;26m [38;2;5;32;50m [38;2;83;141;159ml[38;2;34;88;72m'[38;2;24;38;47m.[38;2;68;151;163ml[38;2;57;131;165mc[38;2;61;130;149mc[38;2;60;130;168mc[38;2;63;135;167mc[38;2;68;125;173mc[38;2;24;66;195m'[38;2;15;99;255m;[38;2;3;221;255mx[38;2;157;255;255mX[38;2;136;255;255mX[38;2;145;255;255mX[38;2;144;255;255mX[38;2;136;255;255mX[38;2;164;255;255mN[38;2;181;255;255mN[38;2;165;255;255mN[38;2;191;255;255mN[38;2;73;240;255m0[38;2;12;171;255ml[38;2;4;73;241m'[38;2;6;64;161m.[38;2;10;44;110m.[38;2;28;71;115m.[38;2;55;122;122m:[38;2;25;58;75m.[38;2;101;152;195mo[38;2;126;129;128ml[38;2;3;14;13m [38;2;5;28;27m [38;2;49;86;125m,[38;2;66;117;172m:[38;2;9;16;18m [38;2;23;57;61m.[38;2;44;79;83m'[38;2;24;60;55m.[38;2;11;20;21m [38;2;65;110;174m:[38;2;128;129;130ml[38;2;19;41;43m.[38;2;25;58;56m.[38;2;30;57;64m.[38;2;54;91;89m,[38;2;0;3;5m [38;2;152;171;202mk[38;2;29;45;54m.[38;2;7;45;51m.[38;2;13;48;57m.[38;2;16;26;42m [38;2;83;111;136m:[38;2;105;139;184mo[38;2;4;21;57m [38;2;11;31;91m.[38;2;15;35;129m.[38;2;89;131;177ml[38;2;4;12;71m [38;2;2;2;31m [38;2;104;133;148ml[38;2;13;18;32m [38;2;2;4;6m [38;2;10;28;31m [38;2;10;53;60m.[38;2;7;31;41m [38;2;11;27;30m [38;2;6;35;35m [38;2;5;48;51m.[38;2;18;30;24m [38;2;51;94;92m,[38;2;6;42;46m.[38;2;16;48;48m.[38;2;19;34;45m.[38;2;16;39;49m.[0m
[0m[38;2;39;71;65m.[38;2;5;42;50m.[38;2;3;24;21m [38;2;9;16;21m [38;2;5;32;46m [38;2;74;143;155ml[38;2;32;79;64m.[38;2;21;36;52m.[38;2;71;150;155ml[38;2;59;134;139mc[38;2;57;128;156m:[38;2;61;128;161mc[38;2;61;133;174mc[38;2;56;126;176mc[38;2;48;123;201m:[38;2;20;90;251m;[38;2;6;184;255mo[38;2;144;255;255mX[38;2;123;255;255mX[38;2;137;255;255mX[38;2;121;255;255mX[38;2;124;255;255mX[38;2;121;255;255mX[38;2;115;255;255mK[38;2;114;250;255mK[38;2;124;251;255mK[38;2;39;217;255mk[38;2;8;109;254m;[38;2;8;68;220m'[38;2;13;59;134m.[38;2;22;50;99m.[38;2;24;50;75m.[38;2;24;65;76m.[38;2;11;26;28m [38;2;111;151;204md[38;2;125;134;136ml[38;2;8;15;15m [38;2;61;108;94m;[38;2;56;93;140m;[38;2;66;108;166m:[38;2;9;14;16m [38;2;24;59;62m.[38;2;13;49;59m.[38;2;9;47;52m.[38;2;0;16;18m [38;2;75;124;168mc[38;2;127;128;129ml[38;2;2;26;34m [38;2;9;47;52m.[38;2;2;50;54m.[38;2;19;50;56m.[38;2;0;7;3m [38;2;135;161;182md[38;2;65;87;93m,[38;2;2;26;26m [38;2;10;27;30m [38;2;0;5;8m [38;2;97;130;172ml[38;2;98;130;171ml[38;2;12;18;12m [38;2;10;14;10m [38;2;85;112;125m:[38;2;27;36;51m.[38;2;0;2;5m [38;2;10;16;24m [38;2;123;158;177md[38;2;0;1;0m [38;2;0;8;0m [38;2;9;32;31m [38;2;9;53;66m.[38;2;7;29;36m [38;2;13;22;29m [38;2;4;40;45m.[38;2;10;44;48m.[38;2;9;24;19m [38;2;10;39;41m.[38;2;11;36;45m.[38;2;14;39;38m.[38;2;14;41;45m.[38;2;8;29;38m [0m
[0m[38;2;17;47;46m.[38;2;5;50;54m.[38;2;4;29;24m [38;2;7;11;17m [38;2;8;34;40m [38;2;73;141;154ml[38;2;30;74;61m.[38;2;13;25;36m [38;2;54;113;121m;[38;2;42;96;90m,[38;2;43;86;104m'[38;2;44;88;102m,[38;2;53;93;129m,[38;2;54;97;137m;[38;2;33;89;149m,[38;2;36;89;200m,[38;2;38;111;248m:[38;2;27;118;238m:[38;2;20;157;255ml[38;2;11;155;254ml[38;2;8;167;255ml[38;2;3;159;253ml[38;2;11;158;251ml[38;2;7;150;250mc[38;2;6;127;251m:[38;2;9;110;239m;[38;2;34;116;235m:[38;2;5;35;158m.[38;2;6;62;144m.[38;2;12;51;103m.[38;2;6;45;76m.[38;2;7;44;64m.[38;2;3;44;65m.[38;2;1;20;27m [38;2;123;156;194md[38;2;115;128;128ml[38;2;0;0;1m [38;2;68;135;119mc[38;2;72;104;171m:[38;2;55;94;146m;[38;2;0;14;13m [38;2;13;51;53m.[38;2;6;49;54m.[38;2;11;45;45m.[38;2;0;14;21m [38;2;99;134;184ml[38;2;121;128;128ml[38;2;4;15;18m [38;2;2;20;20m [38;2;1;20;10m [38;2;3;14;6m [38;2;0;1;0m [38;2;102;143;159ml[38;2;82;109;116m:[38;2;9;15;17m [38;2;17;48;50m.[38;2;1;17;20m [38;2;98;124;136mc[38;2;86;121;136mc[38;2;69;85;76m,[38;2;56;50;52m.[38;2;116;145;177mo[38;2;24;25;20m [38;2;18;24;28m [38;2;115;136;147ml[38;2;28;41;41m.[38;2;0;6;0m [38;2;0;7;0m [38;2;12;32;29m [38;2;9;43;59m.[38;2;5;27;34m [38;2;8;26;27m [38;2;8;34;43m [38;2;7;29;30m [38;2;3;18;14m [38;2;12;45;48m.[38;2;12;34;44m [38;2;9;29;34m [38;2;17;37;43m.[38;2;37;78;83m'[0m
[0m[38;2;18;40;39m.[38;2;5;42;46m.[38;2;5;33;28m [38;2;2;33;34m [38;2;2;30;39m [38;2;65;125;153mc[38;2;37;85;73m'[38;2;0;4;10m [38;2;7;29;38m [38;2;5;33;49m [38;2;9;45;52m.[38;2;20;48;73m.[38;2;26;61;85m.[38;2;25;67;98m.[38;2;22;62;104m.[38;2;33;81;138m'[38;2;84;155;201mo[38;2;4;12;104m [38;2;16;59;176m.[38;2;11;61;178m.[38;2;13;65;191m'[38;2;16;62;186m.[38;2;12;63;183m.[38;2;8;57;172m.[38;2;9;58;157m.[38;2;11;53;148m.[38;2;13;51;130m.[38;2;19;41;86m.[38;2;11;51;102m.[38;2;11;47;79m.[38;2;3;50;78m.[38;2;3;48;70m.[38;2;6;45;61m.[38;2;3;24;34m [38;2;119;155;190md[38;2;113;131;129ml[38;2;0;1;0m [38;2;44;76;63m'[38;2;93;139;205ml[38;2;42;63;89m.[38;2;3;11;10m [38;2;5;18;15m [38;2;1;16;10m [38;2;2;5;2m [38;2;0;1;7m [38;2;129;155;198md[38;2;80;109;116m:[38;2;8;17;18m [38;2;3;8;16m [38;2;2;6;5m [38;2;0;8;5m [38;2;0;0;0m [38;2;89;132;162ml[38;2;101;124;128mc[38;2;6;15;19m [38;2;15;36;43m.[38;2;0;19;30m [38;2;14;29;39m [38;2;122;136;145ml[38;2;51;61;58m.[38;2;29;34;42m.[38;2;124;156;163md[38;2;88;94;99m;[38;2;119;139;157mo[38;2;26;27;28m [38;2;0;6;0m [38;2;0;9;0m [38;2;0;5;2m [38;2;13;36;32m [38;2;8;45;54m.[38;2;10;35;44m [38;2;8;20;16m [38;2;13;23;23m [38;2;7;22;22m [38;2;7;31;28m [38;2;11;35;43m [38;2;46;81;91m'[38;2;54;92;102m,[38;2;63;108;120m;[38;2;42;85;104m'[0m
[0m[38;2;25;46;47m.[38;2;10;46;56m.[38;2;4;46;48m.[38;2;3;44;48m.[38;2;1;26;33m [38;2;61;115;142m:[38;2;50;99;93m,[38;2;0;9;17m [38;2;3;43;62m.[38;2;4;40;54m.[38;2;0;40;51m.[38;2;0;41;52m.[38;2;9;43;61m.[38;2;4;43;67m.[38;2;5;44;72m.[38;2;2;33;64m [38;2;53;106;143m;[38;2;1;8;36m [38;2;7;45;89m.[38;2;5;47;93m.[38;2;8;50;105m.[38;2;6;48;104m.[38;2;8;48;96m.[38;2;6;45;95m.[38;2;10;47;104m.[38;2;9;48;92m.[38;2;11;50;73m.[38;2;43;66;77m.[38;2;14;48;71m.[38;2;7;35;51m [38;2;6;32;37m [38;2;1;25;35m [38;2;2;17;22m [38;2;0;7;7m [38;2;98;148;187mo[38;2;128;135;131ml[38;2;2;13;11m [38;2;26;36;49m.[38;2;112;157;231md[38;2;6;18;28m [38;2;14;29;33m [38;2;34;38;40m.[38;2;89;68;30m'[38;2;101;78;30m,[38;2;93;63;33m'[38;2;171;165;140mx[38;2;170;165;96mx[38;2;153;155;83md[38;2;153;143;71mo[38;2;127;112;63mc[38;2;102;102;53m;[38;2;73;61;33m.[38;2;103;101;84m:[38;2;151;135;100mo[38;2;153;147;79mo[38;2;160;155;72md[38;2;194;174;82mk[38;2;204;194;91mO[38;2;206;191;70mO[38;2;233;213;85mK[38;2;194;180;111mk[38;2;118;114;102mc[38;2;37;58;66m.[38;2;58;80;119m,[38;2;0;4;0m [38;2;0;10;0m [38;2;2;9;2m [38;2;0;4;1m [38;2;13;37;30m.[38;2;11;42;54m.[38;2;15;44;53m.[38;2;12;41;44m.[38;2;7;26;29m [38;2;21;52;53m.[38;2;34;63;69m.[38;2;39;73;77m.[38;2;32;71;78m.[38;2;13;43;49m.[38;2;7;35;40m [38;2;8;33;44m [0m
[0m[38;2;19;46;48m.[38;2;3;42;54m.[38;2;2;41;48m.[38;2;2;41;48m.[38;2;2;26;34m [38;2;59;104;142m;[38;2;54;110;104m;[38;2;0;6;11m [38;2;0;40;53m.[38;2;0;39;51m [38;2;4;41;50m.[38;2;2;40;53m.[38;2;4;41;51m.[38;2;6;41;55m.[38;2;5;43;56m.[38;2;3;40;61m.[38;2;5;38;71m.[38;2;4;14;34m [38;2;7;51;76m.[38;2;6;44;70m.[38;2;4;42;64m.[38;2;2;34;56m [38;2;6;33;45m [38;2;3;27;40m [38;2;5;23;34m [38;2;3;17;26m [38;2;4;19;19m [38;2;9;23;23m [38;2;10;20;28m [38;2;0;0;0m [38;2;76;86;88m,[38;2;112;125;125mc[38;2;107;125;126mc[38;2;104;118;118mc[38;2;120;154;171md[38;2;146;166;162mx[38;2;93;107;103m:[38;2;97;100;109m:[38;2;112;130;173ml[38;2;39;40;36m.[38;2;81;89;93m;[38;2;99;101;107m:[38;2;177;162;89mx[38;2;206;171;68mk[38;2;228;188;85mO[38;2;244;221;124mX[38;2;223;213;128mK[38;2;244;234;170mN[38;2;255;241;157mN[38;2;255;235;126mN[38;2;255;241;115mN[38;2;255;241;123mN[38;2;250;224;98mX[38;2;242;199;83m0[38;2;241;207;92mK[38;2;228;196;87m0[38;2;216;164;65mx[38;2;173;121;41ml[38;2;234;185;65mO[38;2;255;237;89mX[38;2;255;238;78mX[38;2;235;218;80mK[38;2;168;143;60mo[38;2;92;84;69m,[38;2;0;3;0m [38;2;0;7;0m [38;2;0;9;0m [38;2;2;4;0m [38;2;18;39;29m.[38;2;11;45;53m.[38;2;15;41;53m.[38;2;5;19;21m [38;2;11;25;26m [38;2;16;44;42m.[38;2;8;34;37m [38;2;8;44;53m.[38;2;10;43;51m.[38;2;7;42;51m.[38;2;10;44;53m.[38;2;11;32;42m [0m
[0m[38;2;13;45;50m.[38;2;3;41;52m.[38;2;6;39;50m.[38;2;0;38;50m [38;2;1;25;33m [38;2;56;103;148m;[38;2;59;124;104m:[38;2;0;14;15m [38;2;2;43;54m.[38;2;2;39;53m.[38;2;0;44;55m.[38;2;6;43;51m.[38;2;2;36;46m [38;2;4;30;41m [38;2;0;31;40m [38;2;2;24;30m [38;2;0;25;36m [38;2;2;10;14m [38;2;2;19;17m [38;2;3;12;10m [38;2;2;13;15m [38;2;5;16;19m [38;2;0;8;9m [38;2;0;5;1m [38;2;0;5;4m [38;2;0;4;4m [38;2;0;5;4m [38;2;15;53;72m.[38;2;11;52;67m.[38;2;0;7;6m [38;2;82;101;101m;[38;2;103;136;139ml[38;2;100;136;147ml[38;2;97;137;137ml[38;2;96;136;136ml[38;2;107;135;132ml[38;2;107;138;132ml[38;2;95;110;124m:[38;2;75;87;93m,[38;2;70;83;85m,[38;2;87;103;108m:[38;2;99;124;154mc[38;2;94;127;168ml[38;2;83;109;152m:[38;2;112;129;148ml[38;2;125;132;198mo[38;2;85;181;228mx[38;2;107;211;253mO[38;2;117;192;250mk[38;2;180;170;224mk[38;2;198;181;174mO[38;2;183;162;114mx[38;2;243;218;128mX[38;2;255;230;127mX[38;2;255;230;97mX[38;2;255;241;107mN[38;2;233;198;77m0[38;2;168;136;60mo[38;2;185;124;43ml[38;2;202;127;36mo[38;2;221;180;71mO[38;2;253;226;76mX[38;2;255;236;80mX[38;2;255;238;86mX[38;2;180;175;79mx[38;2;107;84;39m,[38;2;32;20;7m [38;2;0;2;0m [38;2;12;35;31m [38;2;12;52;58m.[38;2;8;24;28m [38;2;14;34;30m [38;2;4;20;27m [38;2;9;22;22m [38;2;8;23;23m [38;2;7;33;36m [38;2;13;38;45m.[38;2;9;41;44m.[38;2;9;38;49m.[38;2;6;22;33m [0m
[0m[38;2;20;50;53m.[38;2;6;43;52m.[38;2;2;37;47m [38;2;4;36;50m [38;2;1;27;38m [38;2;48;89;136m,[38;2;55;128;118m:[38;2;0;10;11m [38;2;2;24;32m [38;2;0;20;24m [38;2;0;14;19m [38;2;2;13;9m [38;2;0;6;4m [38;2;0;2;0m [38;2;0;7;2m [38;2;0;4;0m [38;2;0;22;31m [38;2;3;30;35m [38;2;7;32;45m [38;2;4;42;50m.[38;2;4;45;61m.[38;2;11;55;71m.[38;2;0;11;15m [38;2;0;6;12m [38;2;0;5;16m [38;2;0;7;12m [38;2;0;14;16m [38;2;11;51;73m.[38;2;6;49;61m.[38;2;4;35;38m [38;2;5;23;28m [38;2;6;36;39m [38;2;3;18;25m [38;2;0;1;3m [38;2;15;24;45m [38;2;177;201;205m0[38;2;12;16;17m [38;2;73;100;143m;[38;2;94;99;99m;[38;2;12;23;17m [38;2;6;34;31m [38;2;4;25;35m [38;2;65;113;122m:[38;2;60;128;139m:[38;2;25;48;138m.[38;2;104;158;239md[38;2;64;202;255mx[38;2;111;255;255mK[38;2;76;234;255mO[38;2;95;212;255mO[38;2;118;199;253mO[38;2;73;177;244md[38;2;88;132;222ml[38;2;188;158;138mx[38;2;237;209;91mK[38;2;255;236;80mX[38;2;255;226;82mX[38;2;255;227;81mX[38;2;255;234;85mX[38;2;241;207;72m0[38;2;226;181;60mO[38;2;232;183;60mO[38;2;249;211;71mK[38;2;255;214;69mK[38;2;255;229;76mX[38;2;255;236;88mX[38;2;236;209;80m0[38;2;184;176;79mx[38;2;94;76;44m,[38;2;6;34;50m [38;2;0;3;8m [38;2;20;43;42m.[38;2;14;45;52m.[38;2;13;44;49m.[38;2;13;26;31m [38;2;3;13;14m [38;2;12;23;25m [38;2;12;35;41m [38;2;18;39;42m.[38;2;22;37;35m.[0m
[0m[38;2;13;33;32m [38;2;5;24;26m [38;2;11;22;19m [38;2;2;11;22m [38;2;7;32;48m [38;2;44;74;128m'[38;2;64;133;131mc[38;2;3;12;3m [38;2;0;8;4m [38;2;16;21;19m [38;2;4;18;22m [38;2;10;24;25m [38;2;0;11;2m [38;2;5;9;0m [38;2;0;9;7m [38;2;3;8;2m [38;2;6;25;33m [38;2;10;45;55m.[38;2;7;45;66m.[38;2;10;43;73m.[38;2;8;49;77m.[38;2;18;49;86m.[38;2;0;18;45m [38;2;0;15;54m [38;2;0;14;75m [38;2;3;16;86m [38;2;0;13;72m [38;2;14;42;102m.[38;2;10;39;59m.[38;2;16;40;53m.[38;2;16;37;54m.[38;2;8;38;41m.[38;2;37;52;69m.[38;2;49;89;80m,[38;2;14;33;40m [38;2;189;220;249mK[38;2;75;90;81m,[38;2;130;161;187md[38;2;107;128;131ml[38;2;30;56;45m.[38;2;7;39;46m.[38;2;8;44;44m.[38;2;26;57;66m.[38;2;66;136;129mc[38;2;51;77;156m,[38;2;71;106;229m:[38;2;84;153;255mo[38;2;86;253;255mK[38;2;83;255;255mK[38;2;87;255;255mK[38;2;98;237;255m0[38;2;29;156;253ml[38;2;76;146;253mo[38;2;28;26;60m.[38;2;112;75;56m,[38;2;222;163;47mx[38;2;251;228;88mX[38;2;255;226;97mX[38;2;255;223;73mX[38;2;255;226;80mX[38;2;255;223;77mX[38;2;255;223;76mX[38;2;255;228;79mX[38;2;254;196;65m0[38;2;255;221;69mK[38;2;255;224;80mX[38;2;255;225;78mX[38;2;255;235;86mX[38;2;255;235;99mX[38;2;106;73;53m,[38;2;43;29;10m.[38;2;21;41;38m.[38;2;7;28;39m [38;2;17;49;53m.[38;2;17;52;56m.[38;2;25;41;55m.[38;2;3;7;11m [38;2;8;11;7m [38;2;9;17;12m [38;2;2;9;6m [0m
