[0m[38;2;39;67;58m.[38;2;16;63;67m.[38;2;17;56;55m.[38;2;2;20;10m [38;2;11;46;63m.[38;2;8;36;48m.[38;2;115;207;195mk[38;2;25;53;45m.[38;2;0;7;2m [38;2;0;17;0m [38;2;5;15;9m [38;2;9;23;20m [38;2;10;28;31m [38;2;4;14;24m [38;2;142;188;211mk[38;2;114;130;134ml[38;2;3;9;10m [38;2;11;62;61m.[38;2;10;72;85m.[38;2;7;61;64m.[38;2;12;61;80m.[38;2;13;60;90m.[38;2;13;64;88m.[38;2;17;69;96m.[38;2;14;64;66m.[38;2;12;54;50m.[38;2;115;220;225mO[38;2;20;31;35m [38;2;50;111;120m;[38;2;71;153;160ml[38;2;67;111;158m:[38;2;33;79;107m'[38;2;15;70;82m.[38;2;13;76;92m.[38;2;8;54;74m.[38;2;91;163;190mo[38;2;68;105;100m;[38;2;106;212;216mO[38;2;82;146;157ml[38;2;15;61;85m.[38;2;9;52;78m.[38;2;45;72;164m'[38;2;143;172;171mx[38;2;7;56;65m.[38;2;1;30;42m [38;2;29;57;161m.[38;2;249;255;255mM[38;2;60;140;161mc[38;2;69;151;153ml[38;2;43;105;105m,[38;2;8;42;32m.[38;2;14;56;61m.[38;2;3;35;39m [38;2;7;54;53m.[38;2;6;65;66m.[38;2;10;46;50m.[38;2;24;72;90m.[38;2;4;27;37m [38;2;80;133;192ml[38;2;11;49;78m.[38;2;5;41;59m.[38;2;4;45;51m.[38;2;15;39;52m.[38;2;20;61;85m.[38;2;5;49;65m.[38;2;19;53;80m.[38;2;3;40;54m.[38;2;16;59;66m.[38;2;11;59;67m.[38;2;17;74;81m.[38;2;2;38;44m [38;2;22;63;72m.[38;2;12;62;55m.[38;2;0;3;1m [38;2;7;40;32m.[38;2;10;48;57m.[38;2;15;56;63m.[38;2;6;51;40m.[38;2;18;56;63m.[38;2;3;56;54m.[0m
[0m[38;2;32;65;59m.[38;2;9;61;66m.[38;2;8;44;41m.[38;2;0;16;16m [38;2;7;47;55m.[38;2;2;35;41m [38;2;110;204;215mk[38;2;12;33;33m [38;2;0;6;7m [38;2;0;10;0m [38;2;0;1;0m [38;2;0;8;0m [38;2;0;1;0m [38;2;34;56;76m.[38;2;219;239;249mN[38;2;13;20;25m [38;2;6;16;19m [38;2;2;20;15m [38;2;7;32;32m [38;2;2;35;43m [38;2;8;44;56m.[38;2;7;52;65m.[38;2;6;58;67m.[38;2;11;64;78m.[38;2;5;65;88m.[38;2;8;58;82m.[38;2;52;122;152m:[38;2;29;44;48m.[38;2;12;66;80m.[38;2;17;60;85m.[38;2;12;65;91m.[38;2;23;76;85m.[38;2;24;67;97m.[38;2;25;71;107m.[38;2;30;87;97m'[38;2;61;114;126m:[38;2;54;88;82m,[38;2;98;204;212mk[38;2;114;202;241mO[38;2;20;68;116m.[38;2;2;31;50m [38;2;54;81;169m,[38;2;138;150;173md[38;2;3;61;68m.[38;2;3;34;50m [38;2;28;71;164m'[38;2;250;255;255mM[38;2;20;39;68m.[38;2;105;214;238mO[38;2;114;250;251mK[38;2;56;129;133m:[38;2;64;123;125m:[38;2;10;52;59m.[38;2;56;107;112m;[38;2;19;58;61m.[38;2;0;20;23m [38;2;13;49;56m.[38;2;3;28;32m [38;2;127;181;234mk[38;2;10;38;88m.[38;2;6;41;59m.[38;2;5;47;73m.[38;2;61;80;105m,[38;2;58;69;74m'[38;2;62;86;97m,[38;2;64;83;93m,[38;2;54;76;80m'[38;2;41;77;81m'[38;2;21;56;70m.[38;2;7;62;76m.[38;2;0;28;34m [38;2;16;63;71m.[38;2;11;42;46m.[38;2;0;6;3m [38;2;7;43;43m.[38;2;8;41;44m.[38;2;9;44;47m.[38;2;9;37;33m [38;2;18;54;60m.[38;2;5;46;58m.[0m
[0m[38;2;36;68;61m.[38;2;10;60;76m.[38;2;17;45;48m.[38;2;0;17;27m [38;2;4;50;63m.[38;2;5;44;55m.[38;2;113;203;203mk[38;2;0;19;33m [38;2;8;35;47m [38;2;8;30;37m [38;2;2;30;42m [38;2;10;35;43m [38;2;0;4;10m [38;2;169;194;216mO[38;2;103;114;142mc[38;2;9;33;50m [38;2;7;41;54m.[38;2;0;4;1m [38;2;3;5;0m [38;2;0;8;2m [38;2;0;6;0m [38;2;0;4;6m [38;2;0;10;3m [38;2;4;16;15m [38;2;6;28;32m [38;2;9;32;43m [38;2;15;50;69m.[38;2;8;20;28m [38;2;21;65;78m.[38;2;23;65;128m.[38;2;15;72;108m.[38;2;18;75;113m.[38;2;15;68;109m.[38;2;12;62;106m.[38;2;10;47;102m.[38;2;104;176;193md[38;2;42;72;90m'[38;2;34;77;111m'[38;2;65;127;156mc[38;2;47;102;153m;[38;2;17;39;58m.[38;2;67;104;172m:[38;2;127;129;155ml[38;2;13;56;69m.[38;2;3;20;45m [38;2;34;94;174m,[38;2;253;255;255mM[38;2;20;40;81m.[38;2;45;108;159m;[38;2;121;253;250mK[38;2;55;111;144m;[38;2;123;214;219mO[38;2;26;61;91m.[38;2;83;174;189md[38;2;150;236;237mK[38;2;41;78;84m'[38;2;34;61;79m.[38;2;32;60;78m.[38;2;173;212;235mK[38;2;8;35;88m.[38;2;16;35;55m.[38;2;7;30;58m [38;2;74;111;109m:[38;2;74;105;107m;[38;2;82;113;124m:[38;2;79;108;111m:[38;2;85;111;107m:[38;2;61;94;112m,[38;2;95;109;126m:[38;2;70;100;120m;[38;2;0;36;31m [38;2;10;34;35m [38;2;11;14;16m [38;2;3;48;52m.[38;2;10;65;77m.[38;2;11;36;43m.[38;2;21;56;57m.[38;2;12;40;34m.[38;2;13;53;61m.[38;2;7;53;64m.[0m
[0m[38;2;40;65;81m.[38;2;22;61;76m.[38;2;13;46;51m.[38;2;14;20;26m [38;2;16;61;65m.[38;2;6;41;54m.[38;2;105;200;218mk[38;2;11;41;59m.[38;2;0;10;9m [38;2;11;54;63m.[38;2;2;23;26m [38;2;15;39;47m.[38;2;91;117;156mc[38;2;214;227;237mX[38;2;2;20;43m [38;2;8;58;87m.[38;2;4;37;56m.[38;2;7;52;71m.[38;2;8;49;85m.[38;2;5;33;47m [38;2;9;19;20m [38;2;50;55;51m.[38;2;47;53;53m.[38;2;50;52;53m.[38;2;48;53;52m.[38;2;50;52;51m.[38;2;45;54;53m.[38;2;43;50;51m.[38;2;26;39;54m.[38;2;42;60;76m.[38;2;30;46;62m.[38;2;15;31;48m [38;2;7;44;70m.[38;2;16;46;83m.[38;2;18;53;97m.[38;2;36;88;127m,[38;2;29;50;67m.[38;2;27;69;118m.[38;2;16;73;113m.[38;2;14;59;112m.[38;2;0;15;33m [38;2;100;146;195mo[38;2;116;137;140ml[38;2;52;103;131m;[38;2;66;102;109m;[38;2;23;55;138m.[38;2;254;255;255mM[38;2;31;59;98m.[38;2;31;94;164m,[38;2;104;198;206mk[38;2;67;122;133m:[38;2;84;149;183mo[38;2;87;152;176mo[38;2;29;96;134m,[38;2;164;234;241mK[38;2;37;75;102m'[38;2;18;58;88m.[38;2;90;160;192mo[38;2;158;174;231mk[38;2;1;24;62m [38;2;25;43;72m.[38;2;2;43;75m.[38;2;10;50;62m.[38;2;0;39;63m.[38;2;20;62;99m.[38;2;8;52;70m.[38;2;5;50;63m.[38;2;17;57;69m.[38;2;8;38;54m.[38;2;127;143;170mo[38;2;32;41;56m.[38;2;9;30;36m [38;2;17;59;69m.[38;2;7;73;79m.[38;2;10;54;60m.[38;2;4;5;6m [38;2;67;84;83m,[38;2;39;75;79m'[38;2;18;48;70m.[38;2;4;53;61m.[0m
[0m[38;2;32;68;72m.[38;2;15;63;73m.[38;2;8;44;50m.[38;2;8;24;31m [38;2;8;62;84m.[38;2;5;35;50m [38;2;107;205;210mk[38;2;11;52;57m.[38;2;12;44;60m.[38;2;3;24;35m [38;2;3;30;40m [38;2;30;57;91m.[38;2;229;248;255mW[38;2;59;71;89m'[38;2;1;54;54m.[38;2;8;57;87m.[38;2;2;30;44m [38;2;9;66;81m.[38;2;12;66;103m.[38;2;4;25;40m [38;2;87;102;100m;[38;2;195;217;219mK[38;2;180;213;217mK[38;2;194;209;215mK[38;2;176;200;207m0[38;2;183;207;212m0[38;2;157;181;192mk[38;2;180;178;195mO[38;2;128;161;173md[38;2;157;191;193mO[38;2;129;145;182mo[38;2;128;147;154mo[38;2;71;91;113m;[38;2;86;97;103m;[38;2;26;26;36m [38;2;1;7;12m [38;2;1;9;12m [38;2;16;35;61m.[38;2;15;39;69m.[38;2;10;41;67m.[38;2;0;18;55m [38;2;160;180;239mO[38;2;67;94;133m;[38;2;4;62;115m.[38;2;92;157;196mo[38;2;20;40;114m.[38;2;252;255;255mM[38;2;25;43;115m.[38;2;37;111;184m;[38;2;52;114;152m:[38;2;75;129;156mc[38;2;40;92;130m,[38;2;127;209;235mO[38;2;40;131;164m:[38;2;83;180;200md[38;2;45;104;128m;[38;2;18;65;94m.[38;2;25;81;121m'[38;2;147;175;238mk[38;2;8;35;82m.[38;2;82;110;140m:[38;2;14;71;95m.[38;2;12;61;97m.[38;2;73;130;151mc[38;2;11;56;73m.[38;2;7;31;45m [38;2;7;44;55m.[38;2;10;44;57m.[38;2;13;44;55m.[38;2;51;72;116m'[38;2;94;108;132m:[38;2;11;59;65m.[38;2;12;63;90m.[38;2;15;55;57m.[38;2;43;55;55m.[38;2;47;80;75m'[38;2;33;70;80m.[38;2;13;57;77m.[38;2;12;61;78m.[38;2;13;49;60m.[0m
[0m[38;2;36;62;70m.[38;2;15;63;77m.[38;2;8;40;42m.[38;2;8;33;50m [38;2;6;61;70m.[38;2;1;42;62m.[38;2;116;205;217mO[38;2;4;23;28m [38;2;47;84;94m'[38;2;50;85;94m'[38;2;23;45;67m.[38;2;151;184;217mk[38;2;127;146;165mo[38;2;26;52;67m.[38;2;29;71;80m.[38;2;35;83;98m'[38;2;4;18;35m [38;2;18;68;80m.[38;2;13;55;84m.[38;2;7;36;53m.[38;2;7;20;28m [38;2;25;59;64m.[38;2;14;41;55m.[38;2;16;34;38m [38;2;14;30;35m [38;2;15;35;39m.[38;2;16;32;28m [38;2;33;56;77m.[38;2;15;48;69m.[38;2;5;26;25m [38;2;17;51;85m.[38;2;31;69;105m.[38;2;45;64;93m.[38;2;125;133;153ml[38;2;198;214;231mK[38;2;102;107;111m:[38;2;1;8;25m [38;2;2;21;47m [38;2;0;16;18m [38;2;4;3;7m [38;2;3;24;63m [38;2;181;205;253mK[38;2;12;17;33m [38;2;5;17;32m [38;2;23;47;66m.[38;2;25;51;134m.[38;2;255;255;255mM[38;2;2;16;42m [38;2;11;65;96m.[38;2;6;64;98m.[38;2;69;123;171mc[38;2;8;44;70m.[38;2;32;104;139m,[38;2;36;101;158m;[38;2;42;130;192mc[38;2;53;111;148m;[38;2;15;45;84m.[38;2;21;67;99m.[38;2;135;158;224mx[38;2;19;44;86m.[38;2;81;112;126m:[38;2;59;144;172ml[38;2;0;49;75m.[38;2;27;92;110m'[38;2;11;55;80m.[38;2;7;32;35m [38;2;8;44;62m.[38;2;18;62;71m.[38;2;0;33;39m [38;2;58;84;128m,[38;2;87;112;137m:[38;2;12;58;69m.[38;2;13;52;56m.[38;2;46;70;68m.[38;2;48;78;75m'[38;2;10;58;72m.[38;2;13;61;79m.[38;2;14;59;72m.[38;2;6;60;69m.[38;2;11;49;63m.[0m
[0m[38;2;32;64;71m.[38;2;12;67;88m.[38;2;8;35;47m [38;2;5;31;41m [38;2;6;60;83m.[38;2;5;38;62m.[38;2;115;207;220mO[38;2;0;8;18m [38;2;14;54;77m.[38;2;5;48;55m.[38;2;38;66;143m'[38;2;202;213;223mK[38;2;6;19;22m [38;2;77;156;165mo[38;2;84;164;175mo[38;2;102;176;196md[38;2;20;37;52m.[38;2;65;117;127m:[38;2;30;80;99m'[38;2;40;84;109m'[38;2;34;78;111m'[38;2;36;82;114m'[38;2;34;62;92m.[38;2;35;57;87m.[38;2;32;50;55m.[38;2;21;33;43m.[38;2;0;0;6m [38;2;31;66;126m.[38;2;22;67;152m.[38;2;13;34;81m.[38;2;21;48;93m.[38;2;24;60;118m.[38;2;13;74;148m'[38;2;0;1;0m [38;2;44;69;133m'[38;2;222;239;255mN[38;2;58;81;131m,[38;2;14;80;130m'[38;2;2;31;62m [38;2;11;25;54m [38;2;17;54;165m.[38;2;203;247;255mN[38;2;1;9;24m [38;2;25;63;107m.[38;2;2;25;55m [38;2;15;70;189m'[38;2;254;255;255mM[38;2;0;0;0m [38;2;4;13;21m [38;2;2;16;25m [38;2;3;28;36m [38;2;5;30;44m [38;2;20;43;75m.[38;2;15;47;87m.[38;2;9;59;95m.[38;2;27;75;106m'[38;2;5;29;62m [38;2;40;88;112m,[38;2;117;153;192md[38;2;26;60;95m.[38;2;63;88;109m,[38;2;75;157;175mo[38;2;3;48;77m.[38;2;6;55;92m.[38;2;4;44;55m.[38;2;0;5;4m [38;2;4;16;18m [38;2;21;36;34m.[38;2;6;30;41m [38;2;53;96;135m;[38;2;97;113;128m:[38;2;6;16;20m [38;2;39;61;70m.[38;2;14;45;54m.[38;2;12;53;66m.[38;2;5;55;62m.[38;2;12;62;73m.[38;2;8;54;63m.[38;2;2;55;62m.[38;2;17;60;76m.[0m
[0m[38;2;27;69;65m.[38;2;8;69;94m.[38;2;11;34;45m [38;2;10;33;45m [38;2;5;62;81m.[38;2;4;40;65m.[38;2;116;206;224mO[38;2;0;4;8m [38;2;6;64;76m.[38;2;4;30;45m [38;2;134;163;238mx[38;2;77;99;110m;[38;2;6;35;42m [38;2;25;72;76m.[38;2;106;206;210mk[38;2;102;183;200mx[38;2;20;52;60m.[38;2;74;137;159mc[38;2;6;52;69m.[38;2;12;64;89m.[38;2;11;64;98m.[38;2;12;55;92m.[38;2;16;55;120m.[38;2;101;184;233mx[38;2;95;175;213md[38;2;107;197;229mk[38;2;21;62;130m.[38;2;134;209;227mO[38;2;55;192;239md[38;2;87;180;234mx[38;2;54;162;218mo[38;2;74;158;232mo[38;2;45;144;208ml[38;2;53;65;76m.[38;2;22;55;121m.[38;2;170;222;255mK[38;2;128;130;174mo[38;2;9;72;148m.[38;2;4;35;39m [38;2;12;30;60m [38;2;58;90;243m;[38;2;221;245;255mW[38;2;1;17;40m [38;2;28;74;117m'[38;2;3;30;46m [38;2;15;47;145m.[38;2;249;255;255mM[38;2;0;5;7m [38;2;1;19;29m [38;2;17;43;68m.[38;2;12;41;57m.[38;2;10;22;35m [38;2;7;9;14m [38;2;0;5;14m [38;2;0;2;8m [38;2;2;13;19m [38;2;1;6;12m [38;2;5;21;25m [38;2;123;145;170mo[38;2;11;38;78m.[38;2;20;35;48m.[38;2;17;57;77m.[38;2;15;66;88m.[38;2;21;72;103m.[38;2;4;19;23m [38;2;0;11;4m [38;2;5;8;2m [38;2;0;7;2m [38;2;1;5;2m [38;2;89;115;129m:[38;2;63;80;110m,[38;2;21;44;54m.[38;2;15;68;78m.[38;2;12;62;68m.[38;2;6;46;58m.[38;2;11;48;53m.[38;2;16;51;54m.[38;2;10;58;71m.[38;2;11;59;70m.[38;2;16;56;73m.[0m
[0m[38;2;23;68;62m.[38;2;14;63;82m.[38;2;8;43;40m.[38;2;13;40;51m.[38;2;0;65;90m.[38;2;0;48;64m.[38;2;121;220;202mO[38;2;1;8;12m [38;2;8;64;74m.[38;2;27;45;93m.[38;2;181;212;255mK[38;2;2;25;29m [38;2;8;58;64m.[38;2;3;35;44m [38;2;85;167;173mo[38;2;89;190;192mx[38;2;27;40;49m.[38;2;120;209;224mO[38;2;4;44;62m.[38;2;7;67;78m.[38;2;8;70;97m.[38;2;14;63;112m.[38;2;6;43;106m.[38;2;76;139;198ml[38;2;108;212;244mO[38;2;99;229;255m0[38;2;22;98;216m;[38;2;161;255;255mN[38;2;45;242;255mO[38;2;132;255;255mX[38;2;41;240;254mO[38;2;41;243;247mO[38;2;47;249;255mO[38;2;71;250;255m0[38;2;69;223;251mO[38;2;153;231;255mK[38;2;140;151;217md[38;2;26;83;165m,[38;2;27;94;141m,[38;2;13;31;93m.[38;2;93;160;254md[38;2;163;185;223mO[38;2;13;37;53m.[38;2;31;67;103m.[38;2;5;30;35m [38;2;9;44;114m.[38;2;227;255;255mW[38;2;0;1;4m [38;2;17;36;53m.[38;2;14;71;104m.[38;2;7;38;67m.[38;2;12;46;59m.[38;2;25;42;54m.[38;2;120;142;143mo[38;2;105;134;134ml[38;2;106;136;135ml[38;2;94;122;119mc[38;2;63;81;82m,[38;2;105;125;137mc[38;2;49;63;72m.[38;2;51;63;77m.[38;2;27;32;32m.[38;2;1;17;22m [38;2;6;35;44m [38;2;3;14;10m [38;2;0;10;1m [38;2;5;8;0m [38;2;0;8;3m [38;2;0;3;0m [38;2;136;141;152mo[38;2;29;65;93m.[38;2;9;52;60m.[38;2;10;51;62m.[38;2;11;60;66m.[38;2;10;58;76m.[38;2;12;43;47m.[38;2;16;53;61m.[38;2;11;60;65m.[38;2;14;59;65m.[38;2;12;58;67m.[0m
[0m[38;2;26;58;64m.[38;2;12;52;81m.[38;2;4;34;34m [38;2;10;36;49m.[38;2;9;63;76m.[38;2;1;39;66m.[38;2;111;213;208mO[38;2;3;15;26m [38;2;9;52;59m.[38;2;36;74;156m'[38;2;207;238;254mN[38;2;3;27;29m [38;2;7;62;70m.[38;2;8;59;65m.[38;2;28;73;81m.[38;2;105;198;202mk[38;2;33;51;64m.[38;2;119;233;239m0[38;2;40;105;116m;[38;2;6;57;65m.[38;2;14;67;103m.[38;2;15;68;118m.[38;2;8;54;106m.[38;2;39;88;140m,[38;2;116;219;255m0[38;2;123;234;255mK[38;2;1;115;246m;[38;2;172;255;255mN[38;2;139;255;255mX[38;2;46;255;255m0[38;2;133;255;255mX[38;2;59;255;255m0[38;2;68;255;255m0[38;2;72;255;255m0[38;2;66;253;255m0[38;2;142;235;255mK[38;2;139;212;255m0[38;2;63;164;227mo[38;2;7;63;143m.[38;2;13;44;130m.[38;2;192;241;255mN[38;2;128;146;158mo[38;2;76;133;167mc[38;2;97;187;207mx[38;2;3;10;18m [38;2;11;44;112m.[38;2;216;245;255mN[38;2;13;26;28m [38;2;17;50;79m.[38;2;12;66;90m.[38;2;6;33;46m [38;2;21;56;70m.[38;2;7;24;37m [38;2;14;34;36m [38;2;5;18;18m [38;2;1;17;13m [38;2;8;46;50m.[38;2;3;27;44m [38;2;106;124;146mc[38;2;4;24;54m [38;2;9;16;38m [38;2;160;173;200mk[38;2;22;35;56m.[38;2;12;44;54m.[38;2;0;8;8m [38;2;0;8;9m [38;2;0;6;5m [38;2;0;11;1m [38;2;0;0;0m [38;2;181;205;235m0[38;2;4;36;46m [38;2;1;7;7m [38;2;22;63;70m.[38;2;15;57;74m.[38;2;16;64;72m.[38;2;26;62;69m.[38;2;13;44;53m.[38;2;27;68;69m.[38;2;14;52;60m.[38;2;16;62;66m.[0m
[0m[38;2;52;93;91m,[38;2;42;89;107m,[38;2;49;102;105m,[38;2;13;33;38m [38;2;14;64;74m.[38;2;5;38;64m.[38;2;111;207;202mk[38;2;6;17;25m [38;2;37;77;77m'[38;2;37;84;147m,[38;2;183;203;230m0[38;2;27;60;61m.[38;2;35;88;100m'[38;2;39;85;97m'[38;2;34;85;89m'[38;2;84;159;159mo[38;2;53;90;97m,[38;2;83;149;157ml[38;2;100;203;202mk[38;2;31;78;93m'[38;2;26;85;113m'[38;2;21;73;109m.[38;2;12;65;89m.[38;2;13;53;125m.[38;2;99;190;241mk[38;2;113;234;255m0[38;2;3;156;255ml[38;2;212;255;255mW[38;2;190;255;255mN[38;2;155;255;255mX[38;2;84;255;255mK[38;2;131;255;255mX[38;2;83;255;255mK[38;2;89;255;255mK[38;2;94;255;255mK[38;2;136;236;255mK[38;2;120;204;255mO[38;2;106;220;255mO[38;2;49;122;185m:[38;2;44;74;177m,[38;2;254;255;255mM[38;2;45;78;110m'[38;2;10;50;94m.[38;2;106;204;222mk[38;2;2;8;28m [38;2;6;37;102m.[38;2;198;221;243mX[38;2;14;31;44m [38;2;15;64;90m.[38;2;12;69;99m.[38;2;11;36;51m.[38;2;48;101;108m,[38;2;26;64;95m.[38;2;57;106;121m;[38;2;82;148;161ml[38;2;57;93;91m,[38;2;10;35;48m.[38;2;7;49;68m.[38;2;158;190;232mO[38;2;30;53;74m.[38;2;3;17;65m [38;2;115;166;209md[38;2;39;89;173m,[38;2;23;88;148m,[38;2;5;17;43m [38;2;6;7;29m [38;2;0;7;10m [38;2;1;4;4m [38;2;55;58;79m.[38;2;120;145;169mo[38;2;8;58;63m.[38;2;0;14;6m [38;2;24;61;67m.[38;2;8;38;49m.[38;2;17;51;60m.[38;2;9;41;49m.[38;2;13;49;55m.[38;2;26;64;64m.[38;2;37;77;83m'[38;2;32;76;81m.[0m
[0m[38;2;26;67;65m.[38;2;11;64;78m.[38;2;16;68;73m.[38;2;0;24;30m [38;2;19;68;72m.[38;2;6;41;59m.[38;2;101;190;207mx[38;2;1;14;21m [38;2;9;51;62m.[38;2;31;65;130m.[38;2;227;245;250mW[38;2;0;14;14m [38;2;0;38;57m [38;2;74;130;138mc[38;2;18;62;80m.[38;2;17;58;71m.[38;2;89;172;193md[38;2;6;16;19m [38;2;46;107;125m;[38;2;52;110;134m;[38;2;50;114;128m;[38;2;46;105;133m;[38;2;45;104;126m;[38;2;49;92;146m,[38;2;57;123;194mc[38;2;60;136;223ml[38;2;57;185;254md[38;2;94;175;255mx[38;2;102;227;255m0[38;2;105;229;255m0[38;2;89;238;255m0[38;2;79;248;255m0[38;2;86;255;255mK[38;2;90;255;255mK[38;2;95;237;255m0[38;2;136;231;255mK[38;2;91;202;253mk[38;2;89;185;242mx[38;2;84;170;212md[38;2;123;141;209mo[38;2;229;248;255mW[38;2;0;19;52m [38;2;15;55;95m.[38;2;41;90;122m,[38;2;8;31;46m [38;2;8;38;89m.[38;2;185;207;242mK[38;2;6;30;44m [38;2;11;64;88m.[38;2;13;69;92m.[38;2;3;30;36m [38;2;130;215;212mO[38;2;17;66;90m.[38;2;7;39;63m.[38;2;79;159;174mo[38;2;78;142;133mc[38;2;20;37;49m.[38;2;1;28;86m [38;2;153;197;239mO[38;2;41;76;105m'[38;2;2;67;197m.[38;2;110;252;255mK[38;2;91;224;255mO[38;2;148;244;255mX[38;2;1;56;141m.[38;2;0;32;73m [38;2;0;23;36m [38;2;0;6;6m [38;2;174;192;207mO[38;2;25;56;72m.[38;2;13;61;76m.[38;2;0;18;10m [38;2;7;49;64m.[38;2;45;101;109m,[38;2;24;69;120m.[38;2;36;77;106m'[38;2;12;39;49m.[38;2;106;107;103m:[38;2;55;87;86m,[38;2;41;97;95m,[0m
[0m[38;2;24;67;69m.[38;2;12;65;78m.[38;2;20;70;78m.[38;2;1;28;48m [38;2;20;64;68m.[38;2;2;40;61m.[38;2;114;207;213mk[38;2;7;42;57m.[38;2;6;65;68m.[38;2;13;23;69m [38;2;202;241;255mN[38;2;36;56;68m.[38;2;2;50;71m.[38;2;32;89;95m'[38;2;96;172;174md[38;2;4;37;52m [38;2;75;163;184mo[38;2;0;8;10m [38;2;18;68;94m.[38;2;10;63;83m.[38;2;10;68;86m.[38;2;10;65;85m.[38;2;14;66;92m.[38;2;14;66;105m.[38;2;16;65;128m.[38;2;15;63;142m.[38;2;54;133;189mc[38;2;34;54;174m.[38;2;24;104;222m;[38;2;19;112;234m;[38;2;15;110;241m;[38;2;25;133;242mc[38;2;23;132;243mc[38;2;12;134;237m:[38;2;42;133;252mc[38;2;151;207;255m0[38;2;34;84;191m,[38;2;30;97;161m,[38;2;30;53;133m.[38;2;196;222;250mX[38;2;52;91;134m,[38;2;27;71;100m.[38;2;41;82;131m,[38;2;54;111;140m;[38;2;27;51;63m.[38;2;12;33;82m.[38;2;164;190;222mO[38;2;30;71;76m.[38;2;37;100;129m,[38;2;45;106;133m;[38;2;27;60;70m.[38;2;92;163;157mo[38;2;83;155;173mo[38;2;13;51;67m.[38;2;16;55;67m.[38;2;56;104;100m;[38;2;18;34;54m.[38;2;28;50;104m.[38;2;128;145;174mo[38;2;10;59;144m.[38;2;29;120;209m:[38;2;111;214;255mO[38;2;118;255;255mK[38;2;121;255;255mX[38;2;1;68;130m.[38;2;2;38;87m.[38;2;1;20;41m [38;2;48;57;78m.[38;2;134;154;171md[38;2;7;46;60m.[38;2;14;67;86m.[38;2;2;20;19m [38;2;15;51;56m.[38;2;40;51;69m.[38;2;23;45;51m.[38;2;75;118;124m:[38;2;3;34;37m [38;2;144;158;152md[38;2;81;119;113m:[38;2;33;92;91m'[0m
[0m[38;2;23;69;70m.[38;2;12;63;72m.[38;2;10;73;77m.[38;2;4;24;34m [38;2;19;65;75m.[38;2;3;42;56m.[38;2;111;189;190mx[38;2;8;36;40m [38;2;11;67;71m.[38;2;4;25;47m [38;2;122;162;232mx[38;2;137;152;161md[38;2;2;39;52m.[38;2;4;54;71m.[38;2;60;112;133m:[38;2;70;136;142mc[38;2;79;161;170mo[38;2;4;13;23m [38;2;14;64;97m.[38;2;8;69;81m.[38;2;12;63;90m.[38;2;8;64;84m.[38;2;12;69;86m.[38;2;12;67;106m.[38;2;15;68;108m.[38;2;14;67;117m.[38;2;25;75;124m'[38;2;21;43;82m.[38;2;24;72;127m'[38;2;24;74;137m'[38;2;13;74;164m'[38;2;20;75;165m'[38;2;19;80;167m'[38;2;14;62;150m.[38;2;61;112;230mc[38;2;181;225;255mX[38;2;2;34;103m.[38;2;4;56;124m.[38;2;49;83;164m,[38;2;191;207;226mK[38;2;0;10;41m [38;2;5;66;104m.[38;2;15;65;112m.[38;2;25;86;114m'[38;2;42;80;93m'[38;2;10;39;91m.[38;2;158;178;203mk[38;2;8;37;60m.[38;2;22;79;107m'[38;2;33;79;110m'[38;2;68;126;141mc[38;2;19;34;41m.[38;2;27;83;105m'[38;2;42;85;109m'[38;2;38;87;97m'[38;2;60;114;125m:[38;2;7;19;42m [38;2;121;129;146ml[38;2;74;98;130m;[38;2;49;122;151m:[38;2;18;58;141m.[38;2;133;188;240mk[38;2;92;205;252mk[38;2;75;233;254mO[38;2;0;53;131m.[38;2;0;20;57m [38;2;5;15;35m [38;2;156;166;194mx[38;2;14;28;37m [38;2;24;71;105m.[38;2;10;70;91m.[38;2;6;22;22m [38;2;11;40;43m.[38;2;90;110;95m:[38;2;81;100;87m;[38;2;33;42;39m.[38;2;0;2;1m [38;2;140;151;146md[38;2;43;75;72m'[38;2;31;76;76m.[0m
[0m[38;2;26;59;61m.[38;2;12;54;64m.[38;2;13;59;74m.[38;2;0;20;19m [38;2;15;51;62m.[38;2;73;133;163mc[38;2;78;150;141ml[38;2;1;13;9m [38;2;6;46;52m.[38;2;5;33;31m [38;2;37;60;126m.[38;2;190;219;251mK[38;2;29;50;58m.[38;2;2;40;47m.[38;2;5;30;47m [38;2;59;118;128m:[38;2;57;122;115m:[38;2;0;7;14m [38;2;8;44;57m.[38;2;2;47;52m.[38;2;9;44;59m.[38;2;7;41;51m.[38;2;12;47;48m.[38;2;7;43;57m.[38;2;12;41;53m.[38;2;13;43;77m.[38;2;10;49;71m.[38;2;5;20;40m [38;2;16;45;71m.[38;2;14;44;75m.[38;2;7;44;93m.[38;2;15;46;89m.[38;2;14;43;90m.[38;2;9;38;66m.[38;2;44;85;199m,[38;2;215;251;255mW[38;2;6;15;51m [38;2;8;33;105m.[38;2;155;199;246mO[38;2;95;104;127m:[38;2;4;30;48m [38;2;10;47;80m.[38;2;14;51;75m.[38;2;10;62;74m.[38;2;10;36;45m.[38;2;26;59;125m.[38;2;143;165;180mx[38;2;7;26;42m [38;2;12;46;53m.[38;2;8;50;58m.[38;2;22;56;63m.[38;2;5;28;36m [38;2;12;50;62m.[38;2;14;46;55m.[38;2;12;49;55m.[38;2;20;48;57m.[38;2;0;9;21m [38;2;172;186;221mO[38;2;9;21;45m [38;2;13;50;58m.[38;2;86;111;145m:[38;2;82;114;139m:[38;2;17;44;110m.[38;2;27;80;136m'[38;2;4;25;41m [38;2;0;1;4m [38;2;120;136;159mo[38;2;49;62;66m.[38;2;7;29;30m [38;2;13;76;99m.[38;2;14;63;67m.[38;2;5;26;22m [38;2;23;53;57m.[38;2;46;68;69m.[38;2;42;68;74m.[38;2;12;40;41m.[38;2;6;25;31m [38;2;96;114;110m:[38;2;26;66;67m.[38;2;34;74;78m.[0m
[0m[38;2;28;69;61m.[38;2;8;60;71m.[38;2;11;48;42m.[38;2;0;19;28m [38;2;11;48;60m.[38;2;86;164;165mo[38;2;71;143;153ml[38;2;1;12;12m [38;2;1;9;9m [38;2;12;26;28m [38;2;7;16;21m [38;2;82;122;202mc[38;2;149;175;204mk[38;2;31;32;33m.[38;2;0;3;1m [38;2;0;7;8m [38;2;0;5;0m [38;2;6;35;46m [38;2;5;35;39m [38;2;6;15;17m [38;2;25;30;27m [38;2;51;51;51m.[38;2;52;51;51m.[38;2;51;51;53m.[38;2;54;54;60m.[38;2;56;60;66m.[38;2;59;62;73m.[38;2;65;69;72m'[38;2;58;61;69m.[38;2;67;69;74m'[38;2;61;68;72m'[38;2;8;17;37m [38;2;0;5;14m [38;2;1;0;0m [38;2;52;85;184m,[38;2;243;255;255mM[38;2;0;3;35m [38;2;46;100;184m;[38;2;206;230;244mX[38;2;62;73;92m'[38;2;97;102;108m:[38;2;94;99;104m;[38;2;100;103;106m:[38;2;97;102;103m:[38;2;101;108;113m:[38;2;35;54;138m.[38;2;147;157;177md[38;2;97;100;99m:[38;2;57;64;71m.[38;2;20;22;24m [38;2;2;3;3m [38;2;9;25;30m [38;2;8;29;26m [38;2;8;19;14m [38;2;0;5;2m [38;2;0;7;1m [38;2;0;2;14m [38;2;182;214;240mK[38;2;36;41;44m.[38;2;31;33;42m.[38;2;151;170;210mk[38;2;64;77;97m,[38;2;62;72;68m'[38;2;37;40;43m.[38;2;1;0;2m [38;2;51;65;86m.[38;2;125;148;159mo[38;2;0;0;1m [38;2;8;33;31m [38;2;16;77;98m.[38;2;18;57;67m.[38;2;10;28;27m [38;2;20;52;56m.[38;2;11;43;46m.[38;2;13;39;50m.[38;2;24;68;78m.[38;2;8;46;55m.[38;2;111;180;184mx[38;2;18;72;80m.[38;2;30;68;68m.[0m
[0m[38;2;27;69;71m.[38;2;11;65;77m.[38;2;6;52;46m.[38;2;4;20;24m [38;2;9;48;62m.[38;2;89;161;183mo[38;2;66;134;145mc[38;2;4;17;21m [38;2;2;12;19m [38;2;27;62;76m.[38;2;4;36;44m [38;2;12;36;53m.[38;2;71;112;190m:[38;2;153;193;224mO[38;2;69;75;78m'[38;2;0;4;4m [38;2;0;2;0m [38;2;12;77;110m.[38;2;11;75;90m.[38;2;4;21;22m [38;2;108;134;130ml[38;2;179;209;213m0[38;2;178;202;204m0[38;2;177;204;214m0[38;2;177;208;207m0[38;2;165;194;205mO[38;2;164;189;201mO[38;2;158;178;188mk[38;2;137;152;164md[38;2;129;158;158md[38;2;138;174;184mx[38;2;121;144;176mo[38;2;99;123;147mc[38;2;59;98;139m;[38;2;60;119;209mc[38;2;111;164;233md[38;2;47;84;166m,[38;2;121;168;241mx[38;2;73;89;129m;[38;2;118;145;178mo[38;2;162;182;204mk[38;2;157;184;208mk[38;2;147;182;194mk[38;2;158;180;202mk[38;2;163;186;206mO[38;2;37;55;123m.[38;2;146;160;179mx[38;2;137;152;154md[38;2;93;119;147mc[38;2;106;117;137mc[38;2;76;98;122m;[38;2;123;142;162mo[38;2;38;49;56m.[38;2;15;29;35m [38;2;0;5;9m [38;2;2;7;10m [38;2;7;13;34m [38;2;153;177;195mk[38;2;109;124;131mc[38;2;71;88;149m;[38;2;172;210;246mK[38;2;64;87;111m,[38;2;56;79;93m'[38;2;70;90;124m;[38;2;110;119;156mc[38;2;154;180;212mk[38;2;10;15;16m [38;2;0;4;7m [38;2;14;32;44m [38;2;21;77;90m.[38;2;13;58;68m.[38;2;7;28;28m [38;2;21;69;78m.[38;2;17;70;80m.[38;2;0;0;0m [38;2;21;66;69m.[38;2;11;45;57m.[38;2;120;185;184mx[38;2;10;42;62m.[38;2;19;55;66m.[0m
[0m[38;2;28;67;73m.[38;2;11;63;74m.[38;2;8;49;46m.[38;2;10;28;31m [38;2;9;45;57m.[38;2;96;180;198mx[38;2;48;122;119m:[38;2;7;23;29m [38;2;2;21;28m [38;2;12;27;37m [38;2;9;60;83m.[38;2;4;43;44m.[38;2;5;7;17m [38;2;44;85;138m,[38;2;152;195;244mO[38;2;128;149;151mo[38;2;36;43;48m.[38;2;7;60;86m.[38;2;6;70;88m.[38;2;2;44;47m.[38;2;2;16;19m [38;2;12;60;75m.[38;2;8;31;34m [38;2;11;29;27m [38;2;8;35;31m [38;2;7;31;31m [38;2;11;37;43m.[38;2;11;53;67m.[38;2;20;56;79m.[38;2;10;56;67m.[38;2;11;51;62m.[38;2;20;50;78m.[38;2;6;24;44m [38;2;1;0;0m [38;2;69;123;222mc[38;2;158;182;244mO[38;2;100;131;222ml[38;2;87;126;240ml[38;2;70;113;193m:[38;2;13;64;156m.[38;2;9;124;182m;[38;2;3;46;129m.[38;2;2;34;80m.[38;2;1;35;68m [38;2;10;51;115m.[38;2;40;83;201m,[38;2;130;145;164mo[38;2;10;26;58m [38;2;3;6;16m [38;2;0;0;13m [38;2;5;7;11m [38;2;60;71;116m'[38;2;208;201;215mK[38;2;7;14;15m [38;2;14;19;31m [38;2;9;15;13m [38;2;47;65;96m.[38;2;130;136;138mo[38;2;18;31;62m.[38;2;71;121;192mc[38;2;118;208;255mO[38;2;63;142;213ml[38;2;85;125;173mc[38;2;66;127;154mc[38;2;79;166;237md[38;2;119;153;184md[38;2;0;8;10m [38;2;0;11;17m [38;2;8;35;52m [38;2;15;77;100m.[38;2;10;57;66m.[38;2;12;32;28m [38;2;14;71;85m.[38;2;21;71;80m.[38;2;0;0;1m [38;2;29;64;70m.[38;2;41;87;104m,[38;2;70;125;140mc[38;2;6;53;64m.[38;2;10;60;65m.[0m
[0m[38;2;28;67;69m.[38;2;12;62;73m.[38;2;17;56;59m.[38;2;10;21;26m [38;2;5;45;63m.[38;2;104;195;201mk[38;2;49;114;111m;[38;2;2;15;26m [38;2;11;63;82m.[38;2;18;54;80m.[38;2;5;67;92m.[38;2;6;46;42m.[38;2;1;12;13m [38;2;2;10;18m [38;2;15;41;63m.[38;2;79;118;167mc[38;2;147;198;229mO[38;2;136;164;172mx[38;2;77;102;104m;[38;2;18;55;69m.[38;2;14;45;65m.[38;2;20;76;96m.[38;2;17;45;43m.[38;2;19;44;46m.[38;2;29;53;49m.[38;2;31;46;42m.[38;2;0;11;6m [38;2;39;91;104m,[38;2;17;73;92m.[38;2;24;65;83m.[38;2;17;63;86m.[38;2;43;83;115m'[38;2;37;70;101m'[38;2;51;79;136m,[38;2;80;149;242mo[38;2;164;212;250m0[38;2;78;156;241mo[38;2;90;186;245mx[38;2;85;229;255mO[38;2;66;199;255mx[38;2;93;231;255m0[38;2;125;205;241mO[38;2;134;203;237mO[38;2;129;202;224mO[38;2;17;144;221mc[38;2;40;141;242ml[38;2;153;181;220mk[38;2;55;126;177mc[38;2;61;103;131m;[38;2;105;168;174md[38;2;63;95;100m,[38;2;7;22;42m [38;2;222;221;248mX[38;2;11;14;32m [38;2;81;129;147mc[38;2;67;103;111m;[38;2;71;91;132m;[38;2;138;154;181md[38;2;68;141;225ml[38;2;115;200;255mO[38;2;79;224;255mO[38;2;231;255;255mW[38;2;248;255;255mM[38;2;146;255;255mX[38;2;117;175;218mx[38;2;131;178;224mk[38;2;3;12;32m [38;2;2;13;14m [38;2;20;36;62m.[38;2;23;79;113m'[38;2;12;51;71m.[38;2;11;36;33m [38;2;8;72;78m.[38;2;30;66;78m.[38;2;0;2;0m [38;2;24;59;65m.[38;2;95;158;173mo[38;2;17;58;64m.[38;2;14;61;76m.[38;2;21;67;78m.[0m
[0m[38;2;29;53;64m.[38;2;41;99;119m,[38;2;66;136;133mc[38;2;4;20;22m [38;2;6;47;65m.[38;2;103;190;205mx[38;2;50;122;124m:[38;2;17;31;35m [38;2;57;109;108m;[38;2;57;106;123m;[38;2;58;120;137m:[38;2;59;144;140mc[38;2;46;107;101m;[38;2;25;69;84m.[38;2;33;87;90m'[38;2;27;69;63m.[38;2;6;30;49m [38;2;46;94;129m,[38;2;89;126;169mc[38;2;111;155;182mo[38;2;105;150;182mo[38;2;86;134;158ml[38;2;109;138;158ml[38;2;109;163;168md[38;2;136;172;170mx[38;2;141;168;167mx[38;2;118;130;128ml[38;2;130;163;174md[38;2;134;165;187mx[38;2;124;155;170md[38;2;133;152;186md[38;2;131;169;207mx[38;2;74;142;200ml[38;2;61;114;180m:[38;2;96;174;255mx[38;2;130;201;255mO[38;2;44;170;245mo[38;2;139;255;255mX[38;2;64;247;255m0[38;2;67;240;255mO[38;2;170;255;255mN[38;2;120;255;255mX[38;2;190;255;255mN[38;2;210;255;255mW[38;2;16;208;255md[38;2;53;197;255mx[38;2;139;157;220mx[38;2;76;158;216mo[38;2;33;77;107m'[38;2;104;184;209mx[38;2;73;123;128m:[38;2;3;18;44m [38;2;201;218;241mX[38;2;32;31;48m.[38;2;14;63;85m.[38;2;45;80;92m'[38;2;82;101;138m:[38;2;128;128;158ml[38;2;22;76;180m'[38;2;115;180;236mx[38;2;67;195;246mx[38;2;133;255;255mX[38;2;197;255;255mW[38;2;108;219;255mO[38;2;9;32;117m.[38;2;86;126;140mc[38;2;50;70;103m'[38;2;3;4;5m [38;2;20;42;58m.[38;2;29;74;103m.[38;2;11;50;64m.[38;2;14;41;35m.[38;2;15;64;71m.[38;2;23;60;68m.[38;2;0;4;2m [38;2;31;75;75m.[38;2;84;138;144ml[38;2;7;37;49m.[38;2;23;63;73m.[38;2;19;65;71m.[0m
[0m[38;2;52;91;112m,[38;2;114;213;226mO[38;2;23;67;59m.[38;2;2;24;31m [38;2;6;43;65m.[38;2;105;201;210mk[38;2;41;111;109m;[38;2;37;60;80m.[38;2;109;225;230mO[38;2;96;192;194mx[38;2;86;187;187mx[38;2;82;200;220mx[38;2;99;209;207mk[38;2;22;62;74m.[38;2;5;62;70m.[38;2;7;64;69m.[38;2;0;29;39m [38;2;12;63;78m.[38;2;11;59;70m.[38;2;10;48;62m.[38;2;25;70;98m.[38;2;36;77;120m'[38;2;72;142;199ml[38;2;55;135;171mc[38;2;60;100;137m;[38;2;47;105;132m;[38;2;46;79;97m'[38;2;30;86;122m'[38;2;14;59;100m.[38;2;4;49;71m.[38;2;20;64;88m.[38;2;95;196;209mx[38;2;84;187;209mx[38;2;61;126;173mc[38;2;113;159;208md[38;2;171;204;245m0[38;2;84;192;248mx[38;2;186;255;255mN[38;2;163;250;255mX[38;2;146;246;255mX[38;2;221;255;255mW[38;2;215;255;255mW[38;2;206;255;255mW[38;2;217;255;255mW[38;2;98;212;251mO[38;2;92;195;253mk[38;2;142;156;193md[38;2;10;52;122m.[38;2;81;149;176ml[38;2;20;51;83m.[38;2;79;103;101m;[38;2;5;10;35m [38;2;185;210;236mK[38;2;32;35;48m.[38;2;10;51;68m.[38;2;11;31;37m [38;2;57;86;114m,[38;2;126;128;134ml[38;2;102;120;152mc[38;2;57;119;172m:[38;2;42;99;176m;[38;2;36;143;228mc[38;2;101;202;255mk[38;2;56;116;202m:[38;2;0;8;44m [38;2;84;123;128mc[38;2;50;75;110m'[38;2;0;2;1m [38;2;19;42;50m.[38;2;18;73;94m.[38;2;15;47;70m.[38;2;29;41;40m.[38;2;2;45;50m.[38;2;26;67;80m.[38;2;0;2;1m [38;2;111;171;169md[38;2;20;60;73m.[38;2;14;62;66m.[38;2;30;55;61m.[38;2;23;59;67m.[0m
[0m[38;2;112;198;192mk[38;2;31;94;109m,[38;2;4;26;22m [38;2;7;26;37m [38;2;5;45;68m.[38;2;104;201;216mk[38;2;53;118;110m;[38;2;31;55;75m.[38;2;107;214;221mO[38;2;83;186;195md[38;2;77;187;193md[38;2;83;184;199md[38;2;96;194;197mx[38;2;83;183;185md[38;2;12;60;77m.[38;2;8;61;61m.[38;2;0;31;43m [38;2;12;62;78m.[38;2;11;61;73m.[38;2;6;61;72m.[38;2;7;61;71m.[38;2;5;44;66m.[38;2;73;155;159ml[38;2;104;222;207mO[38;2;37;84;100m'[38;2;9;59;67m.[38;2;0;35;38m [38;2;11;65;82m.[38;2;7;63;79m.[38;2;8;64;84m.[38;2;8;62;85m.[38;2;34;91;127m,[38;2;84;169;200md[38;2;30;72;114m'[38;2;157;180;216mk[38;2;182;206;216m0[38;2;138;213;209mO[38;2;187;233;241mX[38;2;177;242;249mX[38;2;142;223;228m0[38;2;153;199;218mO[38;2;218;252;255mW[38;2;252;255;255mM[38;2;214;255;255mW[38;2;164;244;252mX[38;2;230;250;255mW[38;2;216;219;206mX[38;2;157;159;141md[38;2;124;137;124ml[38;2;147;131;109mo[38;2;157;162;135mx[38;2;105;82;35m,[38;2;224;234;220mN[38;2;131;116;85mc[38;2;87;98;76m;[38;2;63;84;74m,[38;2;60;73;69m'[38;2;132;135;135mo[38;2;133;155;176md[38;2;8;29;55m [38;2;22;40;69m.[38;2;25;57;103m.[38;2;139;163;180mx[38;2;6;13;35m [38;2;0;5;4m [38;2;133;150;157md[38;2;18;27;47m [38;2;0;3;3m [38;2;16;39;44m.[38;2;15;74;84m.[38;2;17;43;60m.[38;2;26;39;42m.[38;2;11;48;53m.[38;2;21;68;70m.[38;2;28;41;37m.[38;2;77;135;127mc[38;2;11;57;66m.[38;2;23;63;73m.[38;2;28;57;65m.[38;2;27;57;65m.[0m
[0m[38;2;48;97;87m,[38;2;9;59;78m.[38;2;4;36;29m [38;2;12;22;29m [38;2;3;45;64m.[38;2;105;194;219mk[38;2;43;99;73m,[38;2;33;55;75m.[38;2;107;207;218mk[38;2;79;192;193mx[38;2;75;185;192md[38;2;84;183;188md[38;2;88;188;182mx[38;2;82;178;164md[38;2;73;156;164ml[38;2;11;59;63m.[38;2;0;28;35m [38;2;13;65;87m.[38;2;7;63;82m.[38;2;8;58;71m.[38;2;6;55;58m.[38;2;6;53;62m.[38;2;6;38;47m.[38;2;57;118;120m:[38;2;81;146;144ml[38;2;27;71;66m.[38;2;25;59;57m.[38;2;4;42;46m.[38;2;23;63;70m.[38;2;24;71;76m.[38;2;26;65;77m.[38;2;25;73;74m.[38;2;40;87;100m'[38;2;16;34;63m.[38;2;152;181;250mO[38;2;119;136;168mo[38;2;10;37;73m.[38;2;70;164;209mo[38;2;65;146;216ml[38;2;78;147;216mo[38;2;0;27;88m [38;2;49;98;170m;[38;2;120;173;193mx[38;2;94;158;165mo[38;2;105;156;156mo[38;2;150;172;173mx[38;2;206;201;157m0[38;2;164;175;135mx[38;2;163;172;127mx[38;2;176;157;119mx[38;2;175;178;126mk[38;2;85;81;35m,[38;2;219;215;193mK[38;2;168;155;93md[38;2;125;110;66m:[38;2;143;126;77ml[38;2;147;125;53ml[38;2;246;234;192mN[38;2;210;204;168m0[38;2;59;37;18m.[38;2;98;78;37m,[38;2;129;135;114ml[38;2;37;48;61m.[38;2;1;3;6m [38;2;14;23;35m [38;2;168;183;194mk[38;2;0;0;0m [38;2;2;2;2m [38;2;23;43;43m.[38;2;24;73;84m.[38;2;15;42;44m.[38;2;21;39;37m.[38;2;12;58;55m.[38;2;21;51;54m.[38;2;21;39;31m.[38;2;17;55;65m.[38;2;13;55;65m.[38;2;17;55;61m.[38;2;31;58;75m.[38;2;8;44;45m.[0m
[0m[38;2;27;64;66m.[38;2;5;69;80m.[38;2;4;41;32m [38;2;12;19;23m [38;2;8;47;63m.[38;2;101;187;218mx[38;2;40;93;75m'[38;2;24;42;60m.[38;2;74;148;161ml[38;2;62;129;128m:[38;2;55;131;132m:[38;2;60;126;125m:[38;2;69;126;131m:[38;2;82;152;151ml[38;2;52;109;106m;[38;2;54;93;99m,[38;2;48;91;91m,[38;2;2;18;20m [38;2;14;57;63m.[38;2;7;44;61m.[38;2;15;51;67m.[38;2;10;55;69m.[38;2;30;73;76m.[38;2;24;78;80m.[38;2;34;79;83m'[38;2;29;85;99m'[38;2;63;136;138mc[38;2;1;23;22m [38;2;13;72;78m.[38;2;11;66;82m.[38;2;4;64;72m.[38;2;4;62;69m.[38;2;8;60;87m.[38;2;0;22;41m [38;2;158;177;244mk[38;2;128;128;135ml[38;2;0;0;13m [38;2;100;166;181md[38;2;75;150;223mo[38;2;81;124;199mc[38;2;88;97;99m;[38;2;128;145;128mo[38;2;119;122;106mc[38;2;63;85;84m,[38;2;47;58;51m.[38;2;128;147;147mo[38;2;138;130;108ml[38;2;107;104;68m:[38;2;128;111;74mc[38;2;112;107;77m:[38;2;114;96;54m;[38;2;104;78;24m,[38;2;243;226;194mN[38;2;183;167;124mx[38;2;137;125;81ml[38;2;159;144;99mo[38;2;114;95;68m;[38;2;199;189;175mO[38;2;225;206;151mK[38;2;176;152;103md[38;2;185;163;98mx[38;2;242;232;187mN[38;2;108;89;40m;[38;2;88;81;49m,[38;2;135;137;149mo[38;2;40;43;52m.[38;2;0;7;0m [38;2;0;6;2m [38;2;26;51;38m.[38;2;23;72;87m.[38;2;17;41;40m.[38;2;25;45;47m.[38;2;17;46;53m.[38;2;14;40;42m.[38;2;15;27;22m [38;2;24;60;65m.[38;2;15;53;53m.[38;2;14;39;46m.[38;2;24;48;58m.[38;2;55;111;111m;[0m
[0m[38;2;24;56;57m.[38;2;10;53;65m.[38;2;7;44;41m.[38;2;7;45;64m.[38;2;5;36;54m [38;2;91;175;211md[38;2;51;119;99m;[38;2;3;3;12m [38;2;8;41;48m.[38;2;5;42;65m.[38;2;17;71;81m.[38;2;24;78;80m.[38;2;37;82;92m'[38;2;33;95;102m,[38;2;33;87;97m'[38;2;46;106;129m;[38;2;122;227;226m0[38;2;0;11;7m [38;2;13;64;81m.[38;2;8;62;79m.[38;2;12;63;76m.[38;2;7;61;74m.[38;2;3;63;65m.[38;2;13;62;76m.[38;2;12;62;74m.[38;2;10;63;84m.[38;2;16;76;86m.[38;2;30;52;63m.[38;2;13;70;79m.[38;2;7;55;81m.[38;2;22;65;75m.[38;2;53;76;62m'[38;2;62;92;88m,[38;2;75;71;50m'[38;2;192;199;210m0[38;2;173;169;137mx[38;2;75;62;26m.[38;2;113;121;97mc[38;2;171;162;147mx[38;2;206;172;93mk[38;2;165;143;69mo[38;2;169;133;62mo[38;2;148;115;49mc[38;2;78;69;39m'[38;2;23;16;8m [38;2;115;147;183mo[38;2;138;142;154mo[38;2;103;87;57m;[38;2;62;39;31m.[38;2;45;31;22m.[38;2;59;56;37m.[38;2;95;75;45m,[38;2;240;223;207mX[38;2;193;185;144mO[38;2;163;154;122md[38;2;178;182;146mk[38;2;160;166;145mx[38;2;125;123;84mc[38;2;221;216;198mX[38;2;132;106;82mc[38;2;112;95;57m;[38;2;214;207;177mK[38;2;161;146;108md[38;2;233;221;174mX[38;2;114;84;50m;[38;2;13;6;3m [38;2;2;9;4m [38;2;0;3;7m [38;2;22;50;38m.[38;2;21;69;87m.[38;2;26;52;60m.[38;2;16;29;30m [38;2;19;29;31m [38;2;15;32;33m [38;2;20;37;42m.[38;2;25;53;64m.[38;2;66;111;111m;[38;2;81;128;139mc[38;2;88;151;161ml[38;2;73;127;137mc[0m
[0m[38;2;29;63;69m.[38;2;16;64;85m.[38;2;8;61;70m.[38;2;5;59;73m.[38;2;5;34;54m [38;2;90;156;202mo[38;2;66;136;127mc[38;2;0;13;20m [38;2;7;60;69m.[38;2;4;60;79m.[38;2;9;59;76m.[38;2;7;59;77m.[38;2;5;59;67m.[38;2;11;61;69m.[38;2;5;61;67m.[38;2;5;48;62m.[38;2;71;139;163mc[38;2;5;19;21m [38;2;6;68;76m.[38;2;6;63;76m.[38;2;5;63;76m.[38;2;7;62;83m.[38;2;6;62;74m.[38;2;13;64;89m.[38;2;7;63;76m.[38;2;7;67;92m.[38;2;9;65;79m.[38;2;53;78;87m'[38;2;26;64;83m.[38;2;102;89;61m;[38;2;124;126;84mc[38;2;114;122;66mc[38;2;111;101;52m;[38;2;83;82;36m,[38;2;222;215;168mK[38;2;173;157;118mx[38;2;90;100;63m;[38;2;160;150;91md[38;2;244;219;162mX[38;2;148;126;47ml[38;2;184;178;92mk[38;2;110;96;44m;[38;2;79;63;36m'[38;2;90;72;42m'[38;2;112;87;44m;[38;2;182;156;89md[38;2;234;195;103m0[38;2;166;113;34mc[38;2;117;81;40m;[38;2;63;51;30m.[38;2;140;122;73ml[38;2;150;129;93ml[38;2;237;224;191mX[38;2;200;223;210mX[38;2;179;227;237mK[38;2;211;238;251mN[38;2;150;215;246m0[38;2;168;194;172mO[38;2;185;184;150mO[38;2;179;168;133mx[38;2;201;196;158m0[38;2;211;202;165m0[38;2;202;181;106mk[38;2;230;218;168mX[38;2;105;75;22m,[38;2;114;90;48m;[38;2;22;14;12m [38;2;0;2;5m [38;2;24;51;42m.[38;2;19;62;83m.[38;2;24;61;76m.[38;2;23;63;59m.[38;2;11;39;39m.[38;2;36;72;73m.[38;2;52;84;88m'[38;2;60;109;106m;[38;2;50;91;98m,[38;2;19;55;69m.[38;2;7;49;59m.[38;2;10;49;68m.[0m
[0m[38;2;27;64;70m.[38;2;8;61;77m.[38;2;5;55;75m.[38;2;3;54;72m.[38;2;6;36;59m.[38;2;82;146;201ml[38;2;73;150;147ml[38;2;0;9;17m [38;2;5;54;79m.[38;2;0;55;80m.[38;2;5;57;70m.[38;2;2;56;67m.[38;2;2;59;65m.[38;2;2;60;65m.[38;2;5;58;71m.[38;2;3;60;67m.[38;2;8;52;67m.[38;2;8;23;36m [38;2;5;72;86m.[38;2;9;64;83m.[38;2;8;59;68m.[38;2;7;49;61m.[38;2;5;45;48m.[38;2;10;43;47m.[38;2;4;31;32m [38;2;8;26;27m [38;2;47;58;39m.[38;2;93;68;30m'[38;2;114;105;56m:[38;2;76;60;27m.[38;2;84;69;33m'[38;2;72;73;46m'[38;2;65;63;34m.[38;2;25;25;5m [38;2;171;173;133mx[38;2;164;152;115md[38;2;48;65;46m.[38;2;129;137;101ml[38;2;211;208;178mK[38;2;107;85;33m,[38;2;169;180;123mk[38;2;105;104;59m:[38;2;85;79;50m,[38;2;80;80;47m,[38;2;153;130;70ml[38;2;238;210;117mK[38;2;255;245;91mN[38;2;249;217;75mK[38;2;167;132;48ml[38;2;152;111;58mc[38;2;255;246;153mW[38;2;255;248;115mN[38;2;255;255;192mW[38;2;234;251;225mW[38;2;255;255;255mMM[38;2;163;245;254mX[38;2;138;193;205mk[38;2;231;224;223mN[38;2;119;93;43m;[38;2;156;153;107md[38;2;203;195;166m0[38;2;156;134;75mo[38;2;220;193;165m0[38;2;113;78;17m,[38;2;146;107;55mc[38;2;143;98;51m:[38;2;16;11;8m [38;2;23;46;41m.[38;2;22;67;79m.[38;2;25;60;76m.[38;2;8;31;32m [38;2;20;34;41m.[38;2;31;59;63m.[38;2;15;47;66m.[38;2;15;61;76m.[38;2;16;54;71m.[38;2;18;59;78m.[38;2;26;65;72m.[38;2;18;46;58m.[0m
[0m[38;2;28;63;78m.[38;2;5;58;77m.[38;2;9;52;73m.[38;2;2;56;64m.[38;2;1;36;55m [38;2;85;151;206mo[38;2;75;169;151mo[38;2;0;16;25m [38;2;6;57;81m.[38;2;5;60;86m.[38;2;7;66;70m.[38;2;7;63;73m.[38;2;13;53;67m.[38;2;0;50;62m.[38;2;2;43;54m.[38;2;5;39;43m.[38;2;10;40;46m.[38;2;0;15;20m [38;2;5;21;24m [38;2;1;12;14m [38;2;26;32;30m.[38;2;51;51;51m..[38;2;51;52;51m..[38;2;81;73;61m'[38;2;98;83;38m,[38;2;126;113;68mc[38;2;75;87;53m,[38;2;77;57;30m.[38;2;50;54;35m.[38;2;10;29;40m [38;2;7;16;28m [38;2;22;25;13m [38;2;186;159;152mx[38;2;227;204;152mK[38;2;45;42;18m.[38;2;129;122;104ml[38;2;93;114;107m:[38;2;45;42;20m.[38;2;48;67;53m.[38;2;73;77;52m'[38;2;87;90;60m,[38;2;120;113;67mc[38;2;181;160;107mx[38;2;228;204;145mK[38;2;216;196;80mO[38;2;180;154;50md[38;2;188;189;125mO[38;2;221;227;177mX[38;2;210;160;66mx[38;2;255;255;141mW[38;2;255;255;145mW[38;2;255;255;162mW[38;2;255;255;171mW[38;2;255;255;203mW[38;2;228;236;184mN[38;2;204;190;142mO[38;2;227;204;162mK[38;2;153;141;74mo[38;2;126;98;51m:[38;2;232;224;192mX[38;2;142;132;61ml[38;2;208;184;162mO[38;2;122;77;19m,[38;2;120;98;44m;[38;2;130;104;51m:[38;2;112;88;37m;[38;2;37;46;41m.[38;2;18;65;84m.[38;2;15;38;48m.[38;2;30;40;49m.[38;2;6;29;36m [38;2;7;30;28m [38;2;8;36;42m [38;2;14;47;51m.[38;2;17;54;68m.[38;2;17;50;68m.[38;2;21;63;74m.[38;2;14;36;54m.[0m
[0m[38;2;28;68;79m.[38;2;7;62;78m.[38;2;2;53;68m.[38;2;7;53;83m.[38;2;4;35;48m [38;2;71;129;183mc[38;2;73;172;160mo[38;2;0;16;18m [38;2;4;34;42m [38;2;5;30;33m [38;2;0;23;23m [38;2;2;19;13m [38;2;3;10;5m [38;2;0;2;3m [38;2;0;7;0m  [38;2;3;32;46m [38;2;6;35;55m [38;2;10;39;57m.[38;2;4;15;19m [38;2;140;156;174md[38;2;218;231;239mN[38;2;213;231;231mX[38;2;211;227;236mX[38;2;215;232;238mN[38;2;214;235;242mN[38;2;146;172;184mx[38;2;106;133;144ml[38;2;63;101;109m;[38;2;101;140;139ml[38;2;91;126;146mc[38;2;132;159;165md[38;2;104;115;116mc[38;2;53;51;37m.[38;2;117;94;65m;[38;2;230;230;181mX[38;2;26;17;6m [38;2;113;149;185mo[38;2;121;119;136mc[38;2;80;80;50m,[38;2;140;121;67mc[38;2;48;35;30m.[38;2;155;167;117mx[38;2;209;221;159mK[38;2;185;170;113mx[38;2;235;230;195mN[38;2;115;104;38m:[38;2;115;137;100ml[38;2;182;199;131mO[38;2;177;164;97mx[38;2;233;211;114mK[38;2;255;255;133mW[38;2;255;255;107mW[38;2;255;255;121mW[38;2;255;255;119mW[38;2;255;249;100mN[38;2;255;255;109mW[38;2;255;255;116mW[38;2;255;246;129mN[38;2;190;141;51md[38;2;129;107;56m:[38;2;250;237;196mN[38;2;134;122;67mc[38;2;191;173;143mk[38;2;120;85;24m;[38;2;125;96;41m;[38;2;118;97;45m;[38;2;113;88;36m;[38;2;186;157;94mx[38;2;60;56;55m.[38;2;0;12;13m [38;2;29;66;55m.[38;2;19;69;81m.[38;2;25;62;61m.[38;2;14;38;45m.[38;2;5;23;26m [38;2;7;35;44m [38;2;14;49;55m.[38;2;28;67;68m.[38;2;26;52;50m.[0m
[0m[38;2;16;40;41m.[38;2;9;32;46m [38;2;16;29;25m [38;2;2;15;42m [38;2;15;45;69m.[38;2;62;107;169m:[38;2;84;196;179mx[38;2;0;13;4m [38;2;0;10;7m [38;2;22;27;32m [38;2;5;22;27m [38;2;17;36;37m.[38;2;0;8;0m [38;2;8;9;4m [38;2;0;14;0m [38;2;4;6;2m [38;2;16;43;55m.[38;2;12;60;78m.[38;2;13;66;80m.[38;2;8;32;48m [38;2;17;32;39m [38;2;36;75;98m'[38;2;30;76;70m.[38;2;27;71;92m.[38;2;37;76;86m'[38;2;33;96;120m,[38;2;44;76;82m'[38;2;95;90;91m;[38;2;77;76;60m'[38;2;58;64;41m.[38;2;33;44;78m.[38;2;64;118;167m:[38;2;149;190;201mk[38;2;153;183;208mk[38;2;61;56;58m.[38;2;156;163;126md[38;2;164;126;78ml[38;2;241;228;197mN[38;2;180;153;116mx[38;2;255;251;125mW[38;2;255;231;63mX[38;2;188;155;68md[38;2;121;81;30m;[38;2;193;194;121mO[38;2;191;191;136mO[38;2;212;196;156m0[38;2;126;130;63mc[38;2;151;152;97md[38;2;138;119;66mc[38;2;229;197;123m0[38;2;255;255;135mW[38;2;255;255;111mW[38;2;255;255;118mW[38;2;255;255;105mW[38;2;255;255;114mW[38;2;255;249;99mN[38;2;255;255;108mW[38;2;255;255;125mW[38;2;255;255;140mW[38;2;214;160;63mx[38;2;138;85;26m;[38;2;251;239;196mW[38;2;144;121;92ml[38;2;175;162;111mx[38;2;135;93;33m:[38;2;132;102;45m:[38;2;131;107;49m:[38;2;94;82;40m,[38;2;200;169;99mk[38;2;193;166;108mx[38;2;18;13;8m [38;2;23;60;64m.[38;2;19;55;59m.[38;2;36;65;76m.[38;2;26;72;92m.[38;2;33;67;80m.[38;2;2;14;20m [38;2;0;16;8m [38;2;6;25;19m [38;2;0;11;10m [0m
