[0m[38;2;22;56;49m.[38;2;12;50;60m.[38;2;11;42;41m.[38;2;1;16;8m [38;2;10;47;53m.[38;2;2;32;35m [38;2;85;171;169md[38;2;17;45;42m.[38;2;0;4;0m [38;2;0;12;0m [38;2;2;14;6m [38;2;7;22;16m [38;2;10;27;29m [38;2;2;15;23m [38;2;129;178;205mx[38;2;105;115;127mc[38;2;1;9;15m [38;2;11;54;57m.[38;2;3;55;69m.[38;2;15;52;63m.[38;2;11;53;69m.[38;2;13;53;72m.[38;2;13;56;70m.[38;2;12;55;64m.[38;2;10;54;69m.[38;2;7;43;53m.[38;2;97;183;209mx[38;2;12;23;33m [38;2;42;89;104m,[38;2;55;117;130m:[38;2;52;97;106m,[38;2;24;67;80m.[38;2;13;55;61m.[38;2;11;52;60m.[38;2;7;39;55m.[38;2;70;128;141mc[38;2;50;81;76m'[38;2;82;169;214md[38;2;56;108;138m;[38;2;2;50;62m.[38;2;8;42;54m.[38;2;34;59;137m.[38;2;139;161;159md[38;2;9;45;60m.[38;2;3;26;33m [38;2;16;45;103m.[38;2;210;252;255mW[38;2;48;102;124m;[38;2;59;113;123m;[38;2;43;80;106m'[38;2;11;28;34m [38;2;10;47;57m.[38;2;2;40;40m [38;2;14;47;48m.[38;2;4;50;59m.[38;2;9;38;52m.[38;2;11;50;64m.[38;2;3;13;19m [38;2;65;109;162m:[38;2;6;38;46m [38;2;1;30;42m [38;2;3;40;43m.[38;2;9;35;44m [38;2;12;54;69m.[38;2;1;44;50m.[38;2;12;47;61m.[38;2;0;37;48m [38;2;17;56;52m.[38;2;10;50;58m.[38;2;12;57;75m.[38;2;0;31;36m [38;2;14;53;57m.[38;2;9;56;49m.[38;2;0;4;2m [38;2;1;34;28m [38;2;9;43;49m.[38;2;9;48;50m.[38;2;8;45;37m.[38;2;14;50;48m.[38;2;5;55;46m.[0m
[0m[38;2;26;50;52m.[38;2;6;50;52m.[38;2;12;39;34m.[38;2;0;10;14m [38;2;5;42;49m.[38;2;3;33;32m [38;2;88;166;177mo[38;2;11;28;28m [38;2;2;8;7m [38;2;0;5;2m [38;2;0;4;0m [38;2;0;3;0m [38;2;0;1;0m [38;2;28;50;60m.[38;2;207;231;247mX[38;2;10;13;21m [38;2;3;13;13m [38;2;3;20;18m [38;2;2;26;24m [38;2;5;29;36m [38;2;5;36;53m [38;2;6;42;59m.[38;2;5;49;62m.[38;2;9;52;68m.[38;2;5;52;72m.[38;2;5;46;69m.[38;2;43;103;123m;[38;2;17;28;39m [38;2;9;53;61m.[38;2;6;47;64m.[38;2;9;49;66m.[38;2;25;61;72m.[38;2;16;57;73m.[38;2;23;62;85m.[38;2;18;61;88m.[38;2;47;87;103m,[38;2;40;71;75m.[38;2;74;170;190mo[38;2;95;166;193md[38;2;14;51;75m.[38;2;2;23;42m [38;2;33;71;154m'[38;2;129;142;150mo[38;2;8;43;55m.[38;2;3;23;31m [38;2;16;41;113m.[38;2;218;251;255mW[38;2;7;20;26m [38;2;74;150;168ml[38;2;90;188;206mx[38;2;41;90;99m,[38;2;47;89;114m,[38;2;9;41;51m.[38;2;45;81;99m'[38;2;9;37;50m.[38;2;3;25;38m [38;2;6;44;55m.[38;2;3;16;34m [38;2;94;136;191ml[38;2;7;42;45m.[38;2;5;27;38m [38;2;2;42;43m.[38;2;59;82;98m,[38;2;57;66;71m'[38;2;58;81;93m,[38;2;59;80;83m'[38;2;51;71;73m'[38;2;36;64;67m.[38;2;17;52;68m.[38;2;4;51;59m.[38;2;0;25;27m [38;2;11;51;55m.[38;2;7;39;41m.[38;2;0;3;4m [38;2;3;37;34m [38;2;4;36;42m [38;2;8;40;45m.[38;2;8;37;37m [38;2;10;45;53m.[38;2;4;44;46m.[0m
[0m[38;2;29;53;63m.[38;2;12;50;61m.[38;2;20;40;32m.[38;2;1;10;15m [38;2;6;45;57m.[38;2;3;31;45m [38;2;91;172;178md[38;2;3;15;28m [38;2;10;25;32m [38;2;11;28;29m [38;2;9;24;29m [38;2;7;26;37m [38;2;1;3;8m [38;2;160;185;214mO[38;2;96;111;133m:[38;2;10;28;46m [38;2;4;33;50m [38;2;0;4;1m [38;2;0;7;3m [38;2;0;8;5m [38;2;6;8;4m [38;2;0;5;7m [38;2;0;12;7m [38;2;4;16;14m [38;2;3;24;27m [38;2;4;29;35m [38;2;8;42;52m.[38;2;8;14;20m [38;2;14;56;68m.[38;2;19;54;78m.[38;2;12;54;77m.[38;2;10;54;83m.[38;2;15;53;82m.[38;2;15;50;81m.[38;2;2;42;72m.[38;2;86;145;168ml[38;2;37;65;69m.[38;2;27;64;81m.[38;2;45;103;128m;[38;2;39;88;117m,[38;2;12;33;33m [38;2;49;81;157m,[38;2;104;128;131mc[38;2;14;41;52m.[38;2;7;18;32m [38;2;13;40;124m.[38;2;236;253;255mW[38;2;1;10;23m [38;2;17;58;89m.[38;2;93;182;214mx[38;2;44;71;92m'[38;2;84;156;185mo[38;2;6;38;74m.[38;2;56;112;154m:[38;2;88;181;214mx[38;2;22;49;68m.[38;2;29;54;68m.[38;2;23;57;80m.[38;2;142;186;237mk[38;2;4;26;42m [38;2;7;29;45m [38;2;8;25;34m [38;2;59;95;90m,[38;2;72;96;92m;[38;2;72;97;112m;[38;2;69;97;108m;[38;2;76;99;103m;[38;2;51;80;104m'[38;2;86;103;125m:[38;2;60;89;103m,[38;2;3;25;30m [38;2;11;26;31m [38;2;3;17;15m [38;2;2;38;40m [38;2;12;53;63m.[38;2;10;33;42m [38;2;22;44;43m.[38;2;11;31;26m [38;2;19;49;55m.[38;2;8;42;52m.[0m
[0m[38;2;24;62;63m.[38;2;12;53;64m.[38;2;12;40;42m.[38;2;6;17;22m [38;2;11;47;62m.[38;2;5;31;46m [38;2;91;167;177md[38;2;11;31;48m [38;2;1;7;5m [38;2;20;47;52m.[38;2;3;16;21m [38;2;10;34;41m [38;2;82;108;140m:[38;2;203;219;229mX[38;2;4;16;30m [38;2;13;51;69m.[38;2;2;31;46m [38;2;10;42;60m.[38;2;14;51;69m.[38;2;10;30;41m [38;2;9;16;16m [38;2;42;53;55m.[38;2;44;49;49m.[38;2;38;49;52m.[38;2;43;53;52m.[38;2;46;52;52m.[38;2;39;46;50m.[38;2;34;44;49m.[38;2;24;33;35m.[38;2;39;53;57m.[38;2;27;42;48m.[38;2;10;25;38m [38;2;13;32;43m [38;2;14;39;54m.[38;2;12;47;69m.[38;2;29;72;94m.[38;2;25;44;54m.[38;2;23;60;78m.[38;2;18;58;93m.[38;2;10;53;89m.[38;2;0;10;38m [38;2;91;126;186ml[38;2;93;119;134mc[38;2;47;87;117m,[38;2;53;90;97m,[38;2;11;24;76m [38;2;242;255;255mM[38;2;6;16;30m [38;2;2;30;65m [38;2;61;119;160m:[38;2;50;78;97m'[38;2;40;95;135m,[38;2;37;89;124m,[38;2;2;35;63m [38;2;92;169;205md[38;2;22;50;74m.[38;2;15;37;71m.[38;2;63;155;178ml[38;2;128;164;213mx[38;2;0;22;31m [38;2;16;39;53m.[38;2;11;43;51m.[38;2;3;41;46m.[38;2;2;33;38m [38;2;5;52;76m.[38;2;8;41;56m.[38;2;5;47;57m.[38;2;12;47;64m.[38;2;9;35;55m.[38;2;112;129;162ml[38;2;24;34;50m.[38;2;9;27;23m [38;2;7;47;60m.[38;2;5;56;68m.[38;2;9;43;50m.[38;2;2;4;4m [38;2;50;73;74m'[38;2;34;61;65m.[38;2;17;46;57m.[38;2;8;41;52m.[0m
[0m[38;2;24;58;57m.[38;2;12;52;60m.[38;2;11;34;34m [38;2;8;19;25m [38;2;9;49;68m.[38;2;5;28;54m [38;2;90;162;184mo[38;2;21;38;62m.[38;2;9;42;56m.[38;2;6;19;30m [38;2;8;25;45m [38;2;22;46;94m.[38;2;218;240;255mN[38;2;48;62;81m.[38;2;9;40;66m.[38;2;14;57;73m.[38;2;0;30;44m [38;2;5;53;65m.[38;2;8;57;71m.[38;2;3;17;30m [38;2;72;94;95m;[38;2;165;215;208m0[38;2;163;197;204mO[38;2;149;201;200mO[38;2;156;199;198mO[38;2;159;198;200mO[38;2;141;170;173mx[38;2;155;165;188mx[38;2;96;127;135mc[38;2;121;162;168md[38;2;117;135;150ml[38;2;121;136;153ml[38;2;60;76;95m'[38;2;87;94;102m;[38;2;25;26;27m [38;2;1;15;8m [38;2;0;9;5m [38;2;12;31;34m [38;2;13;33;51m.[38;2;12;32;47m [38;2;0;20;53m [38;2;124;171;233mx[38;2;57;78;114m,[38;2;12;52;63m.[38;2;69;123;150m:[38;2;14;25;75m [38;2;234;255;255mW[38;2;14;31;35m [38;2;26;65;95m.[38;2;32;65;103m.[38;2;52;94;113m,[38;2;11;44;65m.[38;2;65;123;159m:[38;2;0;43;75m.[38;2;37;94;115m,[38;2;29;61;68m.[38;2;4;49;63m.[38;2;14;74;103m.[38;2;142;165;212mx[38;2;4;18;49m [38;2;63;101;122m;[38;2;20;53;72m.[38;2;13;49;66m.[38;2;67;115;129m:[38;2;6;43;56m.[38;2;3;26;39m [38;2;3;43;55m.[38;2;11;40;48m.[38;2;11;38;55m.[38;2;46;56;99m.[38;2;78;99;123m;[38;2;12;51;59m.[38;2;9;51;76m.[38;2;11;39;49m.[38;2;37;47;49m.[38;2;34;63;66m.[38;2;24;59;62m.[38;2;11;50;59m.[38;2;12;50;65m.[38;2;14;38;48m.[0m
[0m[38;2;21;52;55m.[38;2;10;52;64m.[38;2;12;34;32m [38;2;7;24;30m [38;2;8;48;70m.[38;2;3;29;51m [38;2;90;164;195md[38;2;9;19;34m [38;2;33;82;89m'[38;2;32;72;91m.[38;2;20;35;93m.[38;2;134;175;218mx[38;2;113;130;160ml[38;2;19;53;84m.[38;2;21;69;92m.[38;2;24;82;95m'[38;2;2;20;39m [38;2;16;54;65m.[38;2;6;43;62m.[38;2;9;29;48m [38;2;3;13;14m [38;2;21;46;55m.[38;2;12;34;33m [38;2;13;31;33m [38;2;13;29;20m [38;2;9;29;29m [38;2;11;23;22m [38;2;16;38;48m.[38;2;21;31;43m.[38;2;6;17;11m [38;2;6;33;48m [38;2;22;49;76m.[38;2;39;49;69m.[38;2;117;124;140ml[38;2;185;208;220m0[38;2;89;103;110m:[38;2;4;8;10m [38;2;1;20;11m [38;2;0;14;6m [38;2;1;2;3m [38;2;6;31;73m [38;2;159;199;250m0[38;2;13;17;24m [38;2;6;11;14m [38;2;16;36;46m.[38;2;16;36;95m.[38;2;242;255;255mM[38;2;3;11;24m [38;2;10;47;74m.[38;2;6;48;83m.[38;2;56;99;134m;[38;2;16;34;50m.[38;2;23;74;104m.[38;2;23;62;110m.[38;2;24;69;104m.[38;2;30;63;91m.[38;2;12;47;67m.[38;2;12;54;66m.[38;2;133;152;195md[38;2;14;39;76m.[38;2;55;96;113m,[38;2;67;113;141m:[38;2;8;42;59m.[38;2;28;72;85m.[38;2;8;44;53m.[38;2;8;20;33m [38;2;4;42;51m.[38;2;13;52;63m.[38;2;2;28;38m [38;2;42;68;103m'[38;2;66;93;132m;[38;2;11;50;62m.[38;2;15;40;55m.[38;2;35;57;57m.[38;2;35;65;66m.[38;2;11;47;53m.[38;2;10;51;61m.[38;2;9;51;62m.[38;2;12;47;60m.[38;2;14;41;53m.[0m
[0m[38;2;22;53;59m.[38;2;7;55;62m.[38;2;8;28;32m [38;2;4;27;36m [38;2;5;50;61m.[38;2;3;34;39m [38;2;98;176;209md[38;2;0;11;20m [38;2;1;51;67m.[38;2;1;41;49m.[38;2;28;61;162m.[38;2;183;208;226mK[38;2;6;16;23m [38;2;56;134;148mc[38;2;51;158;168ml[38;2;73;153;162ml[38;2;16;38;54m.[38;2;58;102;123m;[38;2;30;66;77m.[38;2;33;66;76m.[38;2;30;61;71m.[38;2;33;64;88m.[38;2;29;50;51m.[38;2;28;49;53m.[38;2;23;33;34m.[38;2;22;31;34m [38;2;0;5;1m [38;2;13;44;66m.[38;2;17;52;81m.[38;2;5;19;27m [38;2;11;32;55m [38;2;13;38;56m.[38;2;13;50;69m.[38;2;0;1;2m [38;2;37;57;99m.[38;2;210;225;252mX[38;2;47;66;84m.[38;2;8;59;69m.[38;2;1;21;24m [38;2;9;21;21m [38;2;13;53;111m.[38;2;166;227;255mK[38;2;1;9;14m [38;2;16;53;65m.[38;2;0;20;26m [38;2;12;49;127m.[38;2;235;254;255mW[38;2;0;0;0m [38;2;0;12;7m [38;2;2;13;13m [38;2;6;17;25m [38;2;8;19;27m [38;2;7;36;63m.[38;2;10;41;69m.[38;2;14;45;69m.[38;2;21;64;85m.[38;2;6;25;37m [38;2;29;80;98m'[38;2;101;141;179ml[38;2;19;59;92m.[38;2;43;79;89m'[38;2;68;131;133mc[38;2;3;43;61m.[38;2;9;40;67m.[38;2;3;38;40m [38;2;1;4;2m [38;2;4;19;16m [38;2;8;31;36m [38;2;6;27;46m [38;2;42;74;108m'[38;2;78;103;126m;[38;2;5;14;14m [38;2;31;51;62m.[38;2;12;39;46m.[38;2;10;39;54m.[38;2;11;43;51m.[38;2;9;51;63m.[38;2;9;47;53m.[38;2;8;44;57m.[38;2;10;52;60m.[0m
[0m[38;2;21;58;60m.[38;2;9;54;65m.[38;2;7;28;32m [38;2;5;29;37m [38;2;6;50;60m.[38;2;1;29;50m [38;2;100;170;197md[38;2;0;7;25m [38;2;9;51;62m.[38;2;4;28;43m [38;2;109;149;221md[38;2;79;95;102m;[38;2;0;40;62m.[38;2;19;56;67m.[38;2;77;172;191md[38;2;76;148;174ml[38;2;20;42;45m.[38;2;66;115;150m:[38;2;4;46;72m.[38;2;7;54;69m.[38;2;11;48;67m.[38;2;6;40;62m.[38;2;13;45;63m.[38;2;84;160;180mo[38;2;72;142;174ml[38;2;91;149;190mo[38;2;20;44;53m.[38;2;73;118;128m:[38;2;24;63;84m.[38;2;43;82;94m'[38;2;21;56;69m.[38;2;22;61;86m.[38;2;27;62;68m.[38;2;17;31;31m [38;2;4;12;28m [38;2;160;181;236mO[38;2;119;126;144ml[38;2;2;44;74m.[38;2;4;22;37m [38;2;6;22;29m [38;2;42;95;161m,[38;2;182;226;247mX[38;2;1;17;25m [38;2;19;69;86m.[38;2;0;18;29m [38;2;15;41;104m.[38;2;232;255;255mW[38;2;0;4;3m [38;2;0;18;21m [38;2;17;34;50m.[38;2;8;38;40m [38;2;12;20;25m [38;2;0;8;4m [38;2;0;4;3m [38;2;1;2;1m [38;2;4;11;11m [38;2;2;9;8m [38;2;6;19;23m [38;2;99;136;168ml[38;2;7;28;52m [38;2;14;30;38m [38;2;9;44;62m.[38;2;12;52;74m.[38;2;18;55;78m.[38;2;3;20;21m [38;2;0;9;4m [38;2;0;10;6m [38;2;3;9;2m [38;2;1;4;4m [38;2;67;95;120m;[38;2;50;65;91m.[38;2;18;40;51m.[38;2;13;58;75m.[38;2;13;50;59m.[38;2;10;41;48m.[38;2;12;40;45m.[38;2;12;39;47m.[38;2;10;46;57m.[38;2;9;51;59m.[38;2;6;51;60m.[0m
[0m[38;2;21;63;59m.[38;2;11;52;69m.[38;2;8;26;34m [38;2;14;28;39m [38;2;9;51;67m.[38;2;4;28;53m [38;2;105;173;202md[38;2;0;10;38m [38;2;11;49;64m.[38;2;22;47;95m.[38;2;153;199;246mO[38;2;4;23;30m [38;2;6;50;61m.[38;2;4;33;45m [38;2;57;133;158mc[38;2;67;158;151ml[38;2;19;39;36m.[38;2;109;195;206mk[38;2;6;38;72m.[38;2;10;48;74m.[38;2;13;50;69m.[38;2;10;50;67m.[38;2;4;35;49m [38;2;61;114;124m:[38;2;75;164;166mo[38;2;85;178;195md[38;2;22;30;39m [38;2;111;177;188mx[38;2;21;51;72m.[38;2;74;118;146m:[38;2;20;59;74m.[38;2;8;45;68m.[38;2;21;56;74m.[38;2;22;65;81m.[38;2;8;35;67m.[38;2;164;183;229mO[38;2;113;136;145ml[38;2;20;54;55m.[38;2;25;66;79m.[38;2;4;19;31m [38;2;75;146;235mo[38;2;155;172;195mk[38;2;10;30;37m [38;2;13;60;74m.[38;2;7;26;41m [38;2;10;32;95m.[38;2;209;237;247mN[38;2;0;1;1m [38;2;10;33;45m [38;2;17;55;79m.[38;2;6;39;45m.[38;2;11;37;50m.[38;2;22;41;44m.[38;2;111;133;139ml[38;2;101;126;125mc[38;2;97;121;121mc[38;2;88;108;112m:[38;2;55;73;67m'[38;2;100;123;124mc[38;2;37;55;62m.[38;2;50;59;63m.[38;2;28;35;33m.[38;2;1;13;18m [38;2;14;25;32m [38;2;0;14;13m [38;2;0;10;7m [38;2;0;11;3m [38;2;1;7;9m [38;2;4;2;1m [38;2;108;137;144ml[38;2;23;52;78m.[38;2;8;45;52m.[38;2;5;44;55m.[38;2;9;48;62m.[38;2;13;53;58m.[38;2;7;37;42m [38;2;8;46;47m.[38;2;10;51;59m.[38;2;9;51;57m.[38;2;9;49;56m.[0m
[0m[38;2;24;46;49m.[38;2;12;42;58m.[38;2;6;26;28m [38;2;10;31;35m [38;2;9;51;67m.[38;2;2;31;48m [38;2;106;172;202md[38;2;0;14;23m [38;2;8;39;44m.[38;2;30;59;127m.[38;2;170;220;238mK[38;2;2;24;27m [38;2;8;50;56m.[38;2;2;50;54m.[38;2;16;56;67m.[38;2;90;167;170mo[38;2;23;43;42m.[38;2;105;203;207mk[38;2;39;85;126m,[38;2;11;48;69m.[38;2;14;52;67m.[38;2;13;53;69m.[38;2;11;49;56m.[38;2;29;66;82m.[38;2;84;173;168md[38;2;96;182;188mx[38;2;2;13;19m [38;2;100;178;197mx[38;2;85;148;174ml[38;2;16;34;53m.[38;2;69;119;124m:[38;2;9;50;67m.[38;2;17;51;73m.[38;2;13;56;79m.[38;2;13;36;75m.[38;2;167;191;228mO[38;2;101;147;180mo[38;2;53;112;108m;[38;2;10;39;53m.[38;2;11;26;54m [38;2;161;226;255mK[38;2;123;134;141ml[38;2;57;115;116m;[38;2;77;161;166mo[38;2;3;8;11m [38;2;17;33;89m.[38;2;204;230;246mX[38;2;7;20;31m [38;2;14;43;51m.[38;2;15;55;66m.[38;2;4;25;30m [38;2;24;44;44m.[38;2;5;22;29m [38;2;11;29;35m [38;2;5;15;13m [38;2;1;14;10m [38;2;9;38;45m.[38;2;0;27;37m [38;2;94;114;140mc[38;2;2;27;46m [38;2;5;18;22m [38;2;158;168;186mx[38;2;20;35;39m.[38;2;8;35;42m [38;2;2;12;8m [38;2;2;9;5m [38;2;0;6;4m [38;2;1;9;1m [38;2;1;0;0m [38;2;146;182;218mk[38;2;4;34;37m [38;2;2;7;6m [38;2;18;53;62m.[38;2;10;52;58m.[38;2;15;54;59m.[38;2;13;53;59m.[38;2;9;35;48m [38;2;26;58;61m.[38;2;11;43;53m.[38;2;10;52;52m.[0m
[0m[38;2;42;82;79m'[38;2;36;74;84m'[38;2;36;80;92m'[38;2;9;27;34m [38;2;9;56;64m.[38;2;1;33;52m [38;2;98;166;204md[38;2;7;19;36m [38;2;31;65;77m.[38;2;32;69;146m'[38;2;167;194;211mO[38;2;27;53;58m.[38;2;27;77;73m.[38;2;29;79;84m'[38;2;28;62;70m.[38;2;67;127;133m:[38;2;44;76;74m'[38;2;67;143;131mc[38;2;80;162;186mo[38;2;24;65;89m.[38;2;19;66;78m.[38;2;19;57;71m.[38;2;10;48;51m.[38;2;7;36;43m [38;2;74;152;151ml[38;2;97;178;188md[38;2;2;9;16m [38;2;100;179;181md[38;2;85;168;186md[38;2;62;135;147mc[38;2;16;45;50m.[38;2;50;94;115m,[38;2;7;43;81m.[38;2;14;44;97m.[38;2;17;40;110m.[38;2;133;162;224mx[38;2;62;116;139m:[38;2;72;136;140mc[38;2;61;80;87m'[38;2;81;90;98m;[38;2;238;236;196mN[38;2;135;135;105ml[38;2;94;101;73m;[38;2;106;159;159mo[38;2;85;81;54m,[38;2;81;81;85m,[38;2;174;187;182mO[38;2;17;22;37m [38;2;50;57;69m.[38;2;15;41;57m.[38;2;5;23;39m [38;2;47;79;103m'[38;2;15;52;75m.[38;2;45;95;98m,[38;2;70;128;142mc[38;2;46;82;78m'[38;2;7;30;34m [38;2;7;45;55m.[38;2;130;168;205mx[38;2;20;45;55m.[38;2;3;11;5m [38;2;98;124;158mc[38;2;30;50;72m.[38;2;10;39;49m.[38;2;2;7;4m [38;2;0;6;3m [38;2;0;10;3m [38;2;2;5;2m [38;2;44;52;67m.[38;2;99;138;155ml[38;2;10;46;53m.[38;2;1;12;12m [38;2;11;47;62m.[38;2;5;34;36m [38;2;13;44;51m.[38;2;5;35;39m [38;2;10;42;44m.[38;2;18;54;56m.[38;2;33;61;66m.[38;2;24;62;63m.[0m
[0m[38;2;16;59;54m.[38;2;10;54;61m.[38;2;12;52;63m.[38;2;2;25;37m [38;2;14;53;64m.[38;2;4;35;43m [38;2;94;153;182mo[38;2;1;14;29m [38;2;10;39;69m.[38;2;24;45;113m.[38;2;221;241;248mN[38;2;2;14;35m [38;2;1;41;67m.[38;2;61;121;145m:[38;2;14;50;82m.[38;2;12;54;68m.[38;2;90;134;168ml[38;2;7;21;34m [38;2;40;86;107m'[38;2;38;86;121m,[38;2;45;87;104m,[38;2;37;84;106m'[38;2;37;81;86m'[38;2;37;79;82m'[38;2;41;87;103m'[38;2;47;98;111m,[38;2;56;105;111m;[38;2;35;72;73m.[38;2;64;121;137m:[38;2;53;114;136m;[38;2;32;76;79m.[38;2;77;84;79m,[38;2;140;142;103mo[38;2;155;157;116md[38;2;162;157;114md[38;2;210;188;128mO[38;2;208;198;98mO[38;2;227;211;112mK[38;2;255;247;107mN[38;2;255;252;111mN[38;2;255;250;110mN[38;2;255;251;105mN[38;2;255;252;121mW[38;2;255;251;116mN[38;2;255;244;100mN[38;2;255;249;139mW[38;2;255;246;126mN[38;2;220;208;95m0[38;2;252;225;122mX[38;2;212;203;105m0[38;2;158;152;80md[38;2;176;181;122mk[38;2;133;130;94ml[38;2;29;41;36m.[38;2;64;131;144mc[38;2;71;124;128m:[38;2;14;29;35m [38;2;5;27;50m [38;2;125;171;207mx[38;2;26;59;60m.[38;2;0;8;9m [38;2;102;130;184ml[38;2;26;56;75m.[38;2;56;111;109m;[38;2;1;3;0m [38;2;2;8;0m [38;2;0;6;0m [38;2;0;4;0m [38;2;141;176;191mx[38;2;18;52;66m.[38;2;13;48;69m.[38;2;2;17;15m [38;2;6;41;54m.[38;2;37;84;95m'[38;2;18;67;99m.[38;2;27;69;99m.[38;2;12;35;39m [38;2;97;106;101m:[38;2;49;70;64m.[38;2;32;80;75m'[0m
[0m[38;2;19;53;55m.[38;2;9;52;63m.[38;2;13;53;59m.[38;2;1;28;38m [38;2;14;52;62m.[38;2;2;33;51m [38;2;98;170;182md[38;2;11;34;45m [38;2;9;51;65m.[38;2;11;15;55m [38;2;188;223;252mX[38;2;30;44;64m.[38;2;7;43;65m.[38;2;21;71;94m.[38;2;77;143;170ml[38;2;2;41;43m.[38;2;75;138;162ml[38;2;0;9;14m [38;2;12;59;76m.[38;2;7;53;73m.[38;2;9;54;71m.[38;2;6;51;67m.[38;2;8;53;65m.[38;2;11;53;59m.[38;2;12;50;63m.[38;2;5;47;60m.[38;2;42;89;113m,[38;2;13;24;34m [38;2;77;79;86m,[38;2;132;128;88ml[38;2;207;194;131mO[38;2;247;212;106mK[38;2;218;204;99m0[38;2;248;230;107mX[38;2;249;225;108mX[38;2;251;225;111mX[38;2;251;234;121mN[38;2;223;193;105m0[38;2;236;197;86m0[38;2;255;250;131mW[38;2;255;244;105mN[38;2;255;246;100mN[38;2;255;248;110mN[38;2;255;249;109mN[38;2;255;249;108mN[38;2;255;248;105mN[38;2;255;247;103mN[38;2;255;248;101mN[38;2;255;248;109mN[38;2;255;249;109mN[38;2;255;247;107mN[38;2;255;241;95mN[38;2;255;252;120mW[38;2;230;219;99mK[38;2;128;114;68mc[38;2;54;88;83m,[38;2;10;25;44m [38;2;26;45;65m.[38;2;121;143;149mo[38;2;3;44;39m.[38;2;0;2;7m [38;2;105;149;207mo[38;2;4;25;30m [38;2;22;64;68m.[38;2;1;5;1m [38;2;2;5;4m [38;2;1;7;1m [38;2;33;50;57m.[38;2;120;151;171mo[38;2;8;43;56m.[38;2;14;53;72m.[38;2;6;17;18m [38;2;9;40;51m.[38;2;27;43;50m.[38;2;29;32;42m.[38;2;61;109;114m;[38;2;3;32;31m [38;2;140;152;144md[38;2;65;105;99m;[38;2;28;81;84m'[0m
[0m[38;2;21;56;55m.[38;2;9;53;62m.[38;2;13;55;67m.[38;2;3;21;34m [38;2;15;56;58m.[38;2;2;31;53m [38;2;90;155;171mo[38;2;5;33;43m [38;2;12;54;67m.[38;2;4;18;36m [38;2;108;146;211mo[38;2;127;140;147mo[38;2;3;28;49m [38;2;7;47;74m.[38;2;47;101;113m,[38;2;54;116;122m;[38;2;66;137;143mc[38;2;3;10;16m [38;2;11;58;81m.[38;2;12;56;81m.[38;2;4;54;73m.[38;2;4;55;65m.[38;2;5;54;67m.[38;2;7;55;68m.[38;2;4;53;67m.[38;2;1;35;48m [38;2;105;101;101m:[38;2;205;195;127mO[38;2;243;221;112mX[38;2;236;197;75m0[38;2;228;176;63mk[38;2;214;140;36md[38;2;83;57;33m.[38;2;179;120;39ml[38;2;192;123;28ml[38;2;164;108;39mc[38;2;178;128;40ml[38;2;85;50;24m.[38;2;229;188;69mO[38;2;255;252;126mW[38;2;255;248;99mN[38;2;255;246;96mN[38;2;255;246;108mN[38;2;255;246;104mN[38;2;255;246;103mN[38;2;255;247;112mN[38;2;255;247;110mN[38;2;255;249;113mN[38;2;255;247;108mN[38;2;255;248;105mN[38;2;255;246;103mN[38;2;255;236;99mX[38;2;255;229;89mX[38;2;255;242;98mN[38;2;255;251;111mN[38;2;230;226;100mK[38;2;137;129;67ml[38;2;128;125;115ml[38;2;55;84;114m,[38;2;37;85;95m'[38;2;3;7;21m [38;2;125;162;173md[38;2;31;51;59m.[38;2;41;86;93m'[38;2;4;13;13m [38;2;0;5;3m [38;2;2;9;9m [38;2;131;157;173md[38;2;9;28;29m [38;2;14;63;69m.[38;2;11;57;72m.[38;2;9;19;24m [38;2;7;32;41m [38;2;69;89;77m,[38;2;63;81;71m'[38;2;25;38;27m.[38;2;0;4;1m [38;2;138;146;144mo[38;2;39;59;53m.[38;2;26;62;69m.[0m
[0m[38;2;24;49;53m.[38;2;5;46;57m.[38;2;15;48;53m.[38;2;1;17;12m [38;2;9;45;51m.[38;2;61;107;139m;[38;2;56;123;119m:[38;2;2;10;25m [38;2;6;37;43m [38;2;5;25;32m [38;2;31;45;96m.[38;2;162;204;236m0[38;2;22;40;43m.[38;2;3;33;40m [38;2;2;28;41m [38;2;50;99;110m,[38;2;50;98;106m,[38;2;0;6;7m [38;2;5;40;51m.[38;2;3;38;48m [38;2;7;38;56m.[38;2;5;39;43m.[38;2;5;33;45m [38;2;4;31;43m [38;2;64;76;62m'[38;2;138;132;77ml[38;2;247;228;123mX[38;2;177;138;62mo[38;2;149;104;34m:[38;2;172;131;39ml[38;2;177;124;37ml[38;2;156;121;40ml[38;2;137;108;49m:[38;2;143;112;43mc[38;2;96;96;85m;[38;2;117;170;177md[38;2;111;94;44m;[38;2;94;57;17m.[38;2;187;152;66md[38;2;255;251;127mW[38;2;255;251;116mN[38;2;255;245;103mN[38;2;255;246;114mN[38;2;255;246;104mN[38;2;255;246;105mN[38;2;255;246;109mN[38;2;255;248;110mN[38;2;255;247;102mN[38;2;255;248;101mN[38;2;255;247;104mN[38;2;255;248;100mN[38;2;255;246;104mN[38;2;255;246;110mN[38;2;255;229;86mX[38;2;252;212;78mK[38;2;255;247;99mN[38;2;255;253;112mN[38;2;244;231;110mX[38;2;128;117;82mc[38;2;32;41;46m.[38;2;69;87;113m,[38;2;73;99;113m;[38;2;7;25;30m [38;2;20;55;62m.[38;2;6;18;18m [38;2;0;0;2m [38;2;102;123;143mc[38;2;48;61;66m.[38;2;11;20;25m [38;2;16;63;84m.[38;2;19;51;72m.[38;2;6;20;21m [38;2;20;43;51m.[38;2;34;58;60m.[38;2;33;56;57m.[38;2;15;33;35m [38;2;4;27;25m [38;2;83;102;100m;[38;2;26;61;63m.[38;2;31;65;76m.[0m
[0m[38;2;22;53;59m.[38;2;10;49;72m.[38;2;8;35;32m [38;2;2;19;25m [38;2;9;38;53m.[38;2;74;132;144mc[38;2;50;118;124m;[38;2;4;11;15m [38;2;0;10;6m [38;2;4;21;21m [38;2;5;14;20m [38;2;63;102;180m:[38;2;137;165;196mx[38;2;22;29;27m [38;2;0;3;1m [38;2;0;6;4m [38;2;1;6;2m [38;2;6;26;35m [38;2;8;30;38m [38;2;7;12;12m [38;2;10;14;17m [38;2;62;68;71m'[38;2;64;64;65m'[38;2;140;127;109ml[38;2;233;222;108mK[38;2;205;174;70mk[38;2;151;110;38mc[38;2;116;100;67m:[38;2;112;85;44m;[38;2;141;129;57ml[38;2;157;125;58ml[38;2;103;82;31m,[38;2;4;6;10m [38;2;0;0;0m [38;2;33;66;127m.[38;2;178;232;250mX[38;2;123;93;43m;[38;2;215;166;47mx[38;2;65;53;26m.[38;2;199;178;107mk[38;2;255;255;124mW[38;2;255;247;101mN[38;2;255;245;105mN[38;2;255;245;108mN[38;2;255;245;102mN[38;2;255;246;101mN[38;2;255;247;113mN[38;2;255;248;104mN[38;2;255;246;104mN[38;2;255;246;95mN[38;2;255;246;105mN[38;2;255;243;111mN[38;2;255;246;94mN[38;2;255;246;94mN[38;2;252;235;92mX[38;2;248;205;82mK[38;2;251;214;80mK[38;2;255;254;104mN[38;2;255;252;116mN[38;2;211;192;86mO[38;2;132;123;101ml[38;2;52;61;71m.[38;2;31;43;48m.[38;2;7;11;11m [38;2;0;2;2m [38;2;40;55;60m.[38;2;107;141;160ml[38;2;0;0;1m [38;2;13;22;24m [38;2;16;56;82m.[38;2;14;48;55m.[38;2;9;24;24m [38;2;17;42;48m.[38;2;11;37;46m.[38;2;9;33;34m [38;2;17;53;63m.[38;2;8;41;41m.[38;2;83;149;155ml[38;2;22;60;82m.[38;2;27;50;57m.[0m
[0m[38;2;21;54;55m.[38;2;8;51;64m.[38;2;5;43;36m.[38;2;9;19;21m [38;2;10;38;59m.[38;2;73;137;144mc[38;2;47;107;122m;[38;2;4;16;24m [38;2;0;11;11m [38;2;11;53;57m.[38;2;2;28;38m [38;2;7;33;45m [38;2;59;93;163m;[38;2;135;173;214mx[38;2;64;73;77m'[38;2;1;3;2m [38;2;0;2;0m [38;2;12;63;88m.[38;2;10;57;82m.[38;2;4;14;21m [38;2;94;115;122m:[38;2;186;213;217mK[38;2;170;202;197m0[38;2;112;154;159mo[38;2;65;97;94m;[38;2;33;67;84m.[38;2;35;77;99m'[38;2;60;82;125m,[38;2;37;34;44m.[38;2;17;52;61m.[38;2;46;74;97m'[38;2;105;143;162mo[38;2;83;111;142m:[38;2;82;115;145m:[38;2;74;110;163m:[38;2;114;162;202md[38;2;106;114;139mc[38;2;164;144;95mo[38;2;83;50;15m.[38;2;225;198;109m0[38;2;255;254;120mW[38;2;255;247;111mN[38;2;255;244;101mN[38;2;255;248;110mN[38;2;255;246;107mN[38;2;255;247;115mN[38;2;255;247;106mN[38;2;255;247;103mN[38;2;255;246;100mN[38;2;255;247;95mN[38;2;255;248;96mN[38;2;255;246;101mN[38;2;255;246;98mN[38;2;255;246;100mN[38;2;255;246;102mN[38;2;255;249;99mN[38;2;251;213;81mK[38;2;255;240;93mN[38;2;255;249;104mN[38;2;238;227;97mX[38;2;178;161;82mx[38;2;128;123;115ml[38;2;106;149;166mo[38;2;116;155;155mo[38;2;93;127;131mc[38;2;95;127;132mc[38;2;61;75;87m'[38;2;106;110;110m:[38;2;121;129;133ml[38;2;107;121;124mc[38;2;103;111;113m:[38;2;85;101;102m;[38;2;65;79;90m,[38;2;59;79;82m'[38;2;22;35;39m.[38;2;12;39;46m.[38;2;0;22;27m [38;2;78;127;135mc[38;2;8;33;43m [38;2;14;42;51m.[0m
[0m[38;2;20;53;60m.[38;2;9;51;61m.[38;2;6;36;37m [38;2;11;25;30m [38;2;7;36;50m.[38;2;74;140;164ml[38;2;44;101;94m,[38;2;4;18;23m [38;2;1;19;17m [38;2;2;26;30m [38;2;9;46;56m.[38;2;2;33;37m [38;2;5;7;11m [38;2;35;61;126m.[38;2;142;178;232mk[38;2;121;138;145mo[38;2;35;36;35m.[38;2;7;45;57m.[38;2;5;52;76m.[38;2;9;34;49m [38;2;5;18;30m [38;2;21;59;76m.[38;2;12;33;41m [38;2;14;31;33m [38;2;83;93;75m;[38;2;197;168;91mx[38;2;210;179;96mk[38;2;197;152;69md[38;2;210;205;100m0[38;2;201;185;103mO[38;2;156;148;82mo[38;2;86;62;52m'[38;2;57;54;42m.[38;2;51;51;23m.[38;2;69;81;91m,[38;2;115;130;134ml[38;2;108;109;117m:[38;2;191;191;169mO[38;2;201;184;98mk[38;2;255;253;122mW[38;2;255;247;108mN[38;2;255;248;103mN[38;2;255;248;101mN[38;2;255;248;99mN[38;2;255;247;100mN[38;2;255;246;98mN[38;2;255;246;96mN[38;2;255;247;96mN[38;2;255;246;97mN[38;2;255;246;99mN[38;2;255;246;96mN[38;2;255;246;97mN[38;2;255;245;99mN[38;2;255;246;93mN[38;2;255;247;107mN[38;2;255;246;101mN[38;2;255;249;96mN[38;2;240;229;109mX[38;2;178;159;100mx[38;2;119;142;137mo[38;2;120;158;180md[38;2;126;174;181mx[38;2;123;172;189mx[38;2;110;151;150mo[38;2;129;155;163md[38;2;183;189;189mO[38;2;246;254;255mM[38;2;246;255;255mM[38;2;245;255;255mM[38;2;248;255;255mM[38;2;247;255;255mM[38;2;249;255;255mM[38;2;250;255;255mM[38;2;249;255;255mM[38;2;220;239;243mN[38;2;203;211;211mK[38;2;199;204;204m0[38;2;191;201;199m0[38;2;157;169;172mx[38;2;152;154;155md[0m
[0m[38;2;30;55;63m.[38;2;11;50;64m.[38;2;9;46;45m.[38;2;6;20;25m [38;2;4;37;56m.[38;2;85;161;167mo[38;2;46;93;94m,[38;2;4;14;23m [38;2;9;50;54m.[38;2;5;45;58m.[38;2;7;51;69m.[38;2;5;35;39m [38;2;3;13;12m [38;2;1;9;9m [38;2;11;29;53m [38;2;64;102;146m;[38;2;134;174;210mx[38;2;124;147;169mo[38;2;81;92;106m;[38;2;17;50;73m.[38;2;10;47;61m.[38;2;18;64;87m.[38;2;15;43;47m.[38;2;15;38;43m.[38;2;98;106;67m:[38;2;171;136;41mo[38;2;221;182;62mO[38;2;215;157;57mx[38;2;210;185;90mO[38;2;253;213;117mK[38;2;255;255;107mW[38;2;255;255;127mW[38;2;255;255;133mW[38;2;255;255;127mW[38;2;255;241;109mN[38;2;255;243;104mN[38;2;255;253;113mN[38;2;255;252;84mN[38;2;255;250;105mN[38;2;255;248;118mN[38;2;255;247;110mN[38;2;255;246;100mN[38;2;255;247;103mN[38;2;255;247;97mN[38;2;255;247;94mN[38;2;255;247;93mN[38;2;255;247;94mN[38;2;255;247;94mN[38;2;255;246;98mN[38;2;255;247;93mN[38;2;255;248;100mN[38;2;255;246;99mN[38;2;255;248;93mN[38;2;255;246;93mN[38;2;255;247;97mN[38;2;255;248;93mN[38;2;255;252;98mN[38;2;157;99;60mc[38;2;123;171;190mx[38;2;125;172;175mx[38;2;128;161;177md[38;2;121;168;179md[38;2;93;134;146ml[38;2;147;168;170mx[38;2;252;255;255mM[38;2;247;255;255mM[38;2;241;255;255mM[38;2;238;255;255mM[38;2;242;255;255mM[38;2;241;255;255mM[38;2;240;255;255mM[38;2;241;255;255mM[38;2;242;255;255mM[38;2;240;255;255mM[38;2;238;255;255mM[38;2;238;255;255mM[38;2;240;255;255mM[38;2;239;255;255mM[38;2;238;255;255mM[38;2;241;255;255mM[0m
[0m[38;2;20;47;54m.[38;2;36;81;108m'[38;2;52;104;94m;[38;2;6;20;20m [38;2;4;38;56m.[38;2;83;160;168mo[38;2;40;97;106m,[38;2;16;26;27m [38;2;47;92;102m,[38;2;45;89;99m,[38;2;49;98;104m,[38;2;49;114;120m;[38;2;38;85;94m'[38;2;22;60;64m.[38;2;31;68;85m.[38;2;26;55;67m.[38;2;8;18;35m [38;2;33;75;102m'[38;2;82;111;151m:[38;2;100;128;175ml[38;2;94;131;168ml[38;2;68;111;147m:[38;2;99;129;144mc[38;2;100;140;154ml[38;2;106;143;154mo[38;2;108;127;131ml[38;2;141;155;142md[38;2;164;168;142mx[38;2;141;125;97ml[38;2;144;128;88ml[38;2;169;135;47mo[38;2;191;146;60md[38;2;218;177;55mk[38;2;242;187;73mO[38;2;242;197;77m0[38;2;228;203;93m0[38;2;215;162;67mx[38;2;254;240;101mN[38;2;255;247;105mN[38;2;255;249;103mN[38;2;255;249;107mN[38;2;255;247;118mN[38;2;255;250;117mN[38;2;255;249;112mN[38;2;255;250;101mN[38;2;255;251;100mN[38;2;255;251;109mN[38;2;255;247;106mN[38;2;253;236;94mX[38;2;245;225;78mK[38;2;243;210;84mK[38;2;239;199;77m0[38;2;236;196;75m0[38;2;231;191;66mO[38;2;238;198;68m0[38;2;244;221;87mK[38;2;209;166;64mx[38;2;120;151;135mo[38;2;120;164;169md[38;2;128;164;162md[38;2;127;169;165md[38;2;110;156;155mo[38;2;122;158;157md[38;2;249;255;255mM[38;2;240;255;255mM[38;2;239;255;255mM[38;2;239;255;255mM[38;2;238;255;255mM[38;2;238;255;255mM[38;2;237;255;255mM[38;2;238;255;255mM[38;2;237;255;255mM[38;2;239;255;255mM[38;2;238;255;255mM[38;2;238;255;255mM[38;2;240;255;255mM[38;2;238;255;255mMM[38;2;236;255;255mM[38;2;236;255;255mM[0m
[0m[38;2;44;76;90m'[38;2;85;178;187md[38;2;20;48;41m.[38;2;4;23;24m [38;2;6;37;60m.[38;2;88;163;174mo[38;2;38;94;96m,[38;2;36;57;63m.[38;2;79;182;201md[38;2;70;159;164ml[38;2;64;153;151ml[38;2;61;164;173mo[38;2;85;164;174mo[38;2;14;54;69m.[38;2;11;52;88m.[38;2;13;55;63m.[38;2;0;20;26m [38;2;7;52;65m.[38;2;8;48;56m.[38;2;9;40;53m.[38;2;18;50;79m.[38;2;23;63;114m.[38;2;50;122;161m:[38;2;42;110;160m;[38;2;39;73;123m'[38;2;47;86;117m,[38;2;35;71;84m.[38;2;30;81;108m'[38;2;23;62;98m.[38;2;10;41;75m.[38;2;18;52;64m.[38;2;60;144;142mc[38;2;75;117;104m:[38;2;79;98;93m;[38;2;125;119;100mc[38;2;155;113;58mc[38;2;186;139;58mo[38;2;217;159;46mx[38;2;214;159;46mx[38;2;214;151;43mx[38;2;215;160;53mx[38;2;221;158;56mx[38;2;219;163;62mk[38;2;217;167;61mk[38;2;218;165;53mx[38;2;217;158;53mx[38;2;211;153;49mx[38;2;211;148;41md[38;2;203;134;34mo[38;2;191;137;36mo[38;2;200;131;31mo[38;2;188;127;36mo[38;2;205;137;34md[38;2;210;152;38md[38;2;208;138;34md[38;2;217;153;38mx[38;2;99;62;17m'[38;2;121;166;158md[38;2;136;174;160mx[38;2;131;161;156md[38;2;123;152;156mo[38;2;69;101;93m;[38;2;243;252;251mW[38;2;240;255;255mM[38;2;236;255;255mM[38;2;239;255;255mM[38;2;236;255;255mM[38;2;236;255;255mM[38;2;241;255;255mM[38;2;238;255;255mM[38;2;237;255;255mM[38;2;236;255;255mM[38;2;238;255;255mM[38;2;236;255;255mM[38;2;238;255;255mM[38;2;238;255;255mM[38;2;238;255;255mM[38;2;236;255;255mM[38;2;235;255;255mW[38;2;236;255;255mM[0m
[0m[38;2;88;158;147mo[38;2;25;75;79m.[38;2;3;18;19m [38;2;5;24;29m [38;2;4;42;62m.[38;2;82;159;183mo[38;2;44;93;93m,[38;2;33;50;58m.[38;2;81;170;177mo[38;2;65;148;161ml[38;2;65;153;157ml[38;2;64;151;160ml[38;2;69;162;166mo[38;2;70;144;144ml[38;2;16;49;83m.[38;2;7;51;58m.[38;2;0;20;27m [38;2;7;52;75m.[38;2;9;52;65m.[38;2;9;53;64m.[38;2;6;52;65m.[38;2;5;40;63m.[38;2;56;127;132m:[38;2;76;195;166md[38;2;30;63;76m.[38;2;4;47;58m.[38;2;0;22;24m [38;2;7;56;74m.[38;2;12;63;77m.[38;2;8;61;84m.[38;2;8;50;74m.[38;2;31;85;91m'[38;2;67;138;144mc[38;2;32;70;94m.[38;2;127;161;204md[38;2;128;129;131ml[38;2;26;22;16m [38;2;83;74;32m'[38;2;149;130;100ml[38;2;135;134;93ml[38;2;121;102;37m:[38;2;139;123;61mc[38;2;127;107;58m:[38;2;128;105;54m:[38;2;135;94;31m:[38;2;139;111;62mc[38;2;161;120;50ml[38;2;166;110;32mc[38;2;173;127;44ml[38;2;189;128;35mo[38;2;190;135;46mo[38;2;141;96;27m:[38;2;145;116;71mc[38;2;98;77;43m,[38;2;122;91;41m;[38;2;182;137;50mo[38;2;51;36;9m.[38;2;9;20;15m [38;2;50;63;66m.[38;2;85;112;109m:[38;2;110;143;138ml[38;2;73;104;97m;[38;2;212;225;222mX[38;2;245;255;255mM[38;2;240;255;255mM[38;2;236;255;255mM[38;2;237;255;255mM[38;2;236;255;255mM[38;2;237;255;255mM[38;2;238;255;255mM[38;2;236;255;255mMM[38;2;236;255;255mM[38;2;237;255;255mM[38;2;238;255;255mM[38;2;236;255;255mM[38;2;238;255;255mM[38;2;236;255;255mM[38;2;236;255;255mW[38;2;236;255;255mM[0m
[0m[38;2;38;73;66m.[38;2;8;49;63m.[38;2;3;25;27m [38;2;7;18;25m [38;2;2;41;55m.[38;2;90;167;190md[38;2;35;89;71m'[38;2;34;47;60m.[38;2;86;171;179md[38;2;63;152;159ml[38;2;67;156;161ml[38;2;67;149;155ml[38;2;63;164;165mo[38;2;63;137;144mc[38;2;66;117;150m:[38;2;14;52;62m.[38;2;0;18;22m [38;2;6;56;67m.[38;2;10;50;56m.[38;2;6;49;55m.[38;2;5;47;58m.[38;2;2;45;54m.[38;2;9;30;45m [38;2;41;107;98m,[38;2;59;113;113m;[38;2;22;56;69m.[38;2;21;50;42m.[38;2;3;30;36m [38;2;19;56;79m.[38;2;22;57;76m.[38;2;24;58;65m.[38;2;25;51;54m.[38;2;32;75;77m.[38;2;12;25;26m [38;2;139;169;207mx[38;2;128;137;137mo[38;2;8;15;14m [38;2;53;106;81m;[38;2;122;166;213mx[38;2;100;147;205mo[38;2;1;13;14m [38;2;19;62;77m.[38;2;12;51;74m.[38;2;13;51;68m.[38;2;0;20;34m [38;2;74;133;196ml[38;2;121;128;128ml[38;2;2;31;42m [38;2;13;43;55m.[38;2;16;46;54m.[38;2;28;51;59m.[38;2;0;1;2m [38;2;147;169;193mx[38;2;66;92;113m,[38;2;2;21;34m [38;2;11;24;25m [38;2;6;9;10m [38;2;0;10;1m [38;2;0;6;5m [38;2;0;5;8m [38;2;5;10;12m [38;2;17;26;26m [38;2;121;144;135mo[38;2;140;168;166mx[38;2;176;197;191mO[38;2;225;241;240mN[38;2;244;255;255mM[38;2;239;255;255mM[38;2;236;255;255mM[38;2;236;255;255mM[38;2;236;255;255mW[38;2;237;255;255mM[38;2;236;255;255mM[38;2;237;255;255mM[38;2;236;255;255mMM[38;2;237;255;255mM[38;2;236;255;255mM[38;2;235;255;255mW[38;2;236;255;255mW[0m
[0m[38;2;23;51;53m.[38;2;7;55;69m.[38;2;7;29;25m [38;2;10;16;21m [38;2;6;39;55m.[38;2;85;163;182mo[38;2;28;71;66m.[38;2;24;30;54m.[38;2;58;130;142m:[38;2;47;106;110m;[38;2;46;104;108m,[38;2;50;101;103m,[38;2;54;106;113m;[38;2;68;119;132m:[38;2;49;85;94m'[38;2;51;90;103m,[38;2;41;80;85m'[38;2;2;16;29m [38;2;10;45;48m.[38;2;10;39;47m.[38;2;5;46;58m.[38;2;10;43;57m.[38;2;27;66;80m.[38;2;25;66;76m.[38;2;20;68;73m.[38;2;25;75;90m.[38;2;60;123;126m:[38;2;0;19;33m [38;2;9;60;87m.[38;2;9;52;70m.[38;2;5;49;62m.[38;2;5;49;56m.[38;2;7;52;60m.[38;2;0;16;17m [38;2;144;167;216mx[38;2;124;128;128ml[38;2;0;2;1m [38;2;56;104;91m;[38;2;117;187;242mk[38;2;107;137;169ml[38;2;0;1;2m [38;2;10;57;65m.[38;2;10;56;66m.[38;2;12;49;60m.[38;2;0;19;24m [38;2;111;156;201md[38;2;120;128;128ml[38;2;7;17;16m [38;2;8;23;22m [38;2;4;15;17m [38;2;1;12;12m [38;2;0;0;0m [38;2;117;161;190md[38;2;83;114;124m:[38;2;1;19;22m [38;2;19;59;71m.[38;2;0;11;16m [38;2;0;10;3m [38;2;0;7;9m [38;2;2;5;6m [38;2;0;9;5m [38;2;0;0;0m [38;2;134;171;160mx[38;2;113;142;160mo[38;2;108;137;138ml[38;2;100;139;140ml[38;2;137;163;168md[38;2;161;188;197mO[38;2;205;226;222mX[38;2;243;255;255mM[38;2;241;255;255mM[38;2;237;255;255mM[38;2;237;255;255mM[38;2;236;255;255mM[38;2;236;255;255mM[38;2;237;255;255mM[38;2;236;255;255mW[38;2;238;255;255mM[38;2;236;255;255mM[38;2;238;255;255mM[0m
[0m[38;2;17;43;45m.[38;2;9;44;58m.[38;2;1;35;31m [38;2;9;37;51m.[38;2;5;32;45m [38;2;76;151;169ml[38;2;42;101;81m,[38;2;0;4;13m [38;2;7;35;45m [38;2;6;37;48m.[38;2;10;54;59m.[38;2;20;61;68m.[38;2;26;64;79m.[38;2;31;76;90m.[38;2;28;64;79m.[38;2;45;95;112m,[38;2;98;185;183mx[38;2;0;7;21m [38;2;11;54;77m.[38;2;11;55;80m.[38;2;8;52;88m.[38;2;8;52;79m.[38;2;9;54;78m.[38;2;11;53;83m.[38;2;10;52;73m.[38;2;9;56;77m.[38;2;15;58;78m.[38;2;22;44;52m.[38;2;9;55;67m.[38;2;9;53;68m.[38;2;8;53;65m.[38;2;8;54;65m.[38;2;5;57;65m.[38;2;2;25;32m [38;2;142;167;209mx[38;2;117;130;132ml[38;2;1;8;4m [38;2;29;61;65m.[38;2;158;215;255m0[38;2;121;127;134ml[38;2;0;3;4m [38;2;8;22;16m [38;2;1;10;9m [38;2;1;6;10m [38;2;0;4;11m [38;2;138;171;205mx[38;2;90;113;127m:[38;2;14;25;28m [38;2;1;17;15m [38;2;0;2;1m [38;2;0;6;5m [38;2;0;0;0m [38;2;98;142;178ml[38;2;109;128;128ml[38;2;0;22;21m [38;2;18;55;64m.[38;2;7;37;39m [38;2;1;9;10m [38;2;0;7;5m [38;2;0;6;14m [38;2;0;11;4m [38;2;0;1;0m [38;2;115;147;140mo[38;2;120;145;164mo[38;2;112;147;153mo[38;2;115;149;152mo[38;2;111;149;158mo[38;2;110;139;161ml[38;2;94;135;141ml[38;2;128;158;164md[38;2;150;182;190mk[38;2;178;206;209m0[38;2;229;242;246mW[38;2;245;255;255mM[38;2;237;255;255mM[38;2;236;255;255mM[38;2;236;255;255mM[38;2;236;255;255mM[38;2;237;255;255mM[38;2;237;255;255mM[0m
[0m[38;2;22;51;56m.[38;2;8;53;68m.[38;2;5;50;57m.[38;2;4;48;62m.[38;2;4;31;38m [38;2;73;138;165mc[38;2;52;105;98m;[38;2;1;12;14m [38;2;5;51;65m.[38;2;5;49;61m.[38;2;4;47;57m.[38;2;2;48;59m.[38;2;4;48;55m.[38;2;5;50;53m.[38;2;8;48;57m.[38;2;4;39;49m.[38;2;59;116;132m:[38;2;2;13;18m [38;2;7;53;67m.[38;2;9;49;64m.[38;2;7;49;66m.[38;2;7;49;67m.[38;2;8;51;70m.[38;2;6;50;78m.[38;2;7;50;71m.[38;2;8;58;69m.[38;2;7;54;67m.[38;2;47;69;75m.[38;2;12;57;61m.[38;2;5;42;62m.[38;2;8;34;41m [38;2;6;30;38m [38;2;6;24;23m [38;2;0;7;8m [38;2;126;162;207md[38;2;128;134;136ml[38;2;3;15;7m [38;2;38;57;96m.[38;2;187;223;255mX[38;2;45;60;69m.[38;2;18;57;66m.[38;2;2;27;22m [38;2;0;7;4m [38;2;0;10;8m [38;2;0;7;23m [38;2;152;171;203mk[38;2;53;76;99m'[38;2;20;47;44m.[38;2;0;13;16m [38;2;0;5;6m [38;2;0;7;5m [38;2;1;0;0m [38;2;86;133;169ml[38;2;104;127;131mc[38;2;28;52;56m.[38;2;34;66;67m.[38;2;3;28;31m [38;2;36;69;78m.[38;2;50;78;130m,[38;2;0;10;17m [38;2;3;12;15m [38;2;0;2;6m [38;2;63;90;89m,[38;2;121;163;170md[38;2;111;148;153mo[38;2;112;148;155mo[38;2;117;151;160mo[38;2;117;150;155mo[38;2;112;150;156mo[38;2;113;148;167mo[38;2;115;149;167mo[38;2;87;134;144mc[38;2;109;146;162mo[38;2;135;170;178mx[38;2;161;190;196mO[38;2;187;213;217mK[38;2;217;239;241mN[38;2;242;255;255mM[38;2;239;255;255mM[38;2;236;255;255mM[0m
[0m[38;2;21;51;57m.[38;2;7;49;61m.[38;2;5;46;59m.[38;2;3;47;59m.[38;2;5;30;47m [38;2;64;115;165m:[38;2;62;124;109m:[38;2;0;10;13m [38;2;5;48;67m.[38;2;5;46;61m.[38;2;4;47;59m.[38;2;4;48;57m.[38;2;3;48;59m.[38;2;5;49;56m.[38;2;5;49;58m.[38;2;3;49;56m.[38;2;6;45;62m.[38;2;4;19;29m [38;2;7;60;73m.[38;2;7;51;63m.[38;2;11;47;55m.[38;2;4;42;54m.[38;2;4;39;48m.[38;2;3;32;41m [38;2;3;28;31m [38;2;2;22;28m [38;2;3;19;24m [38;2;8;23;28m [38;2;3;27;27m [38;2;0;9;10m [38;2;12;27;34m [38;2;10;33;43m [38;2;1;18;21m [38;2;0;0;0m [38;2;110;151;200mo[38;2;129;143;149mo[38;2;0;10;5m [38;2;61;89;145m,[38;2;223;252;255mW[38;2;1;7;7m [38;2;20;67;75m.[38;2;0;33;29m [38;2;0;5;4m [38;2;0;10;1m [38;2;8;24;52m [38;2;159;190;219mO[38;2;18;32;46m.[38;2;13;39;45m.[38;2;20;42;51m.[38;2;38;76;72m'[38;2;43;76;77m'[38;2;0;5;4m [38;2;79;129;162mc[38;2;81;109;127m:[38;2;30;67;68m.[38;2;62;107;111m;[38;2;4;34;31m [38;2;12;47;67m.[38;2;116;157;202md[38;2;14;20;22m [38;2;20;48;55m.[38;2;81;111;132m:[38;2;4;9;11m [38;2;106;145;143ml[38;2;118;147;152mo[38;2;116;150;147mo[38;2;113;149;151mo[38;2;117;148;148mo[38;2;117;147;154mo[38;2;116;148;172mo[38;2;114;151;158mo[38;2;113;147;158mo[38;2;110;146;158mo[38;2;119;147;163mo[38;2;100;149;160mo[38;2;92;138;155ml[38;2;87;142;158ml[38;2;121;163;173md[38;2;150;182;187mk[38;2;178;204;214m0[0m
[0m[38;2;19;49;60m.[38;2;6;46;68m.[38;2;4;45;57m.[38;2;4;48;56m.[38;2;2;30;47m [38;2;64;122;176mc[38;2;57;133;123m:[38;2;0;13;23m [38;2;5;50;74m.[38;2;6;49;64m.[38;2;5;53;58m.[38;2;5;51;62m.[38;2;6;44;57m.[38;2;5;41;47m.[38;2;2;36;42m [38;2;4;33;32m [38;2;7;27;44m [38;2;4;10;12m [38;2;1;19;17m [38;2;2;14;14m [38;2;26;32;34m.[38;2;51;51;51m.[38;2;51;53;51m.[38;2;51;53;52m..[38;2;51;52;51m.[38;2;46;46;50m.[38;2;49;76;86m'[38;2;23;68;70m.[38;2;36;33;38m.[38;2;14;30;36m [38;2;13;30;52m [38;2;2;18;25m [38;2;2;0;0m [38;2;73;111;170m:[38;2;179;202;206m0[38;2;0;0;0m [38;2;95;138;210mo[38;2;202;220;236mX[38;2;4;13;15m [38;2;8;37;47m.[38;2;7;27;37m [38;2;26;48;53m.[38;2;42;78;69m'[38;2;14;37;98m.[38;2;194;226;251mX[38;2;0;12;25m [38;2;40;87;103m'[38;2;62;117;124m:[38;2;82;171;172mo[38;2;58;123;121m:[38;2;0;7;10m [38;2;103;146;177mo[38;2;41;61;81m.[38;2;15;48;52m.[38;2;15;36;38m.[38;2;10;35;43m [38;2;6;38;43m.[38;2;87;121;157mc[38;2;12;26;30m [38;2;3;16;29m [38;2;140;168;188mx[38;2;8;22;30m [38;2;48;72;100m'[38;2;85;95;92m;[38;2;96;128;118mc[38;2;104;155;144mo[38;2;117;153;160mo[38;2;114;147;154mo[38;2;104;146;163mo[38;2;105;146;157mo[38;2;112;147;158mo[38;2;110;145;151mo[38;2;108;147;161mo[38;2;107;149;161mo[38;2;110;150;163mo[38;2;101;150;160mo[38;2;97;144;162ml[38;2;103;140;153ml[38;2;95;136;161ml[0m
[0m[38;2;21;55;68m.[38;2;5;52;69m.[38;2;2;41;58m.[38;2;5;46;62m.[38;2;2;34;51m [38;2;61;108;165m:[38;2;58;135;129mc[38;2;0;10;12m [38;2;5;28;35m [38;2;3;26;24m [38;2;1;18;21m [38;2;0;14;11m [38;2;0;7;4m [38;2;0;3;0m [38;2;0;5;2m [38;2;0;5;1m [38;2;4;30;37m [38;2;9;34;45m [38;2;6;37;49m [38;2;0;2;8m [38;2;155;171;186mx[38;2;188;226;228mX[38;2;190;225;230mX[38;2;194;229;233mX[38;2;193;228;228mX[38;2;203;226;229mX[38;2;175;210;216m0[38;2;136;154;157md[38;2;151;194;193mO[38;2;134;159;166md[38;2;101;117;131mc[38;2;127;154;162md[38;2;102;107;110m:[38;2;19;22;19m [38;2;26;51;89m.[38;2;240;255;255mM[38;2;8;15;15m [38;2;133;182;231mk[38;2;131;136;147mo[38;2;0;19;34m [38;2;6;41;49m.[38;2;8;42;54m.[38;2;85;156;165mo[38;2;76;177;176md[38;2;15;55;142m.[38;2;185;210;224mK[38;2;2;25;21m [38;2;3;48;46m.[38;2;45;98;103m,[38;2;48;107;121m;[38;2;64;115;115m:[38;2;3;11;15m [38;2;112;167;208md[38;2;22;40;49m.[38;2;32;66;72m.[38;2;33;59;61m.[38;2;9;22;37m [38;2;11;48;53m.[38;2;52;75;96m'[38;2;40;61;76m.[38;2;2;9;14m [38;2;147;184;208mk[38;2;13;35;50m.[38;2;77;105;138m:[38;2;0;1;0m [38;2;0;3;2m [38;2;15;26;24m [38;2;49;64;60m.[38;2;83;107;106m:[38;2;91;136;145ml[38;2;112;158;163md[38;2;111;151;159mo[38;2;105;144;151ml[38;2;112;150;153mo[38;2;104;147;159mo[38;2;105;144;163mo[38;2;107;148;162mo[38;2;94;146;161ml[38;2;111;146;161mo[38;2;93;147;170ml[0m
[0m[38;2;15;34;34m [38;2;7;27;33m [38;2;11;18;19m [38;2;2;14;29m [38;2;9;41;60m.[38;2;58;89;144m,[38;2;70;156;145ml[38;2;2;13;3m [38;2;0;8;6m [38;2;13;24;21m [38;2;6;16;23m [38;2;13;29;28m [38;2;3;7;2m [38;2;0;7;0m [38;2;0;5;0m [38;2;2;6;0m [38;2;12;35;48m.[38;2;7;52;70m.[38;2;7;55;69m.[38;2;7;18;25m [38;2;18;32;39m [38;2;29;63;72m.[38;2;19;51;57m.[38;2;27;67;69m.[38;2;26;65;62m.[38;2;25;69;85m.[38;2;38;59;70m.[38;2;22;48;55m.[38;2;34;61;74m.[38;2;20;47;55m.[38;2;8;19;38m [38;2;48;108;154m;[38;2;128;169;199mx[38;2;178;194;201mO[38;2;12;21;37m [38;2;207;239;255mN[38;2;67;101;98m;[38;2;153;190;244mO[38;2;100;122;128mc[38;2;34;68;92m.[38;2;8;45;64m.[38;2;11;48;69m.[38;2;26;70;81m.[38;2;66;151;144ml[38;2;46;80;165m,[38;2;139;160;166md[38;2;0;30;27m [38;2;7;56;59m.[38;2;14;58;67m.[38;2;20;59;84m.[38;2;36;77;78m'[38;2;2;16;27m [38;2;142;203;234mO[38;2;23;51;58m.[38;2;24;52;69m.[38;2;7;48;66m.[38;2;13;31;45m [38;2;12;57;52m.[38;2;20;39;68m.[38;2;74;103;124m;[38;2;0;3;2m [38;2;139;181;210mk[38;2;40;67;81m.[38;2;76;106;127m:[38;2;4;5;2m [38;2;0;5;9m [38;2;0;15;7m [38;2;2;5;2m [38;2;12;35;34m [38;2;10;22;25m [38;2;67;81;79m,[38;2;98;142;145ml[38;2;102;148;151mo[38;2;107;142;160mo[38;2;103;146;155mo[38;2;97;145;161ml[38;2;105;142;163ml[38;2;102;148;162mo[38;2;116;149;174mo[38;2;112;150;172mo[0m
