[0m[38;2;18;48;42m.[38;2;8;42;55m.[38;2;7;36;31m [38;2;1;11;9m [38;2;6;36;41m [38;2;3;24;33m [38;2;79;142;135ml[38;2;17;37;35m.[38;2;1;6;2m [38;2;1;11;0m [38;2;3;9;6m [38;2;9;15;17m [38;2;7;19;23m [38;2;0;13;20m [38;2;109;158;188md[38;2;104;110;137mc[38;2;0;10;8m [38;2;14;41;48m.[38;2;9;48;66m.[38;2;11;44;62m.[38;2;6;46;65m.[38;2;6;44;70m.[38;2;12;46;66m.[38;2;9;46;68m.[38;2;9;44;70m.[38;2;7;35;62m.[38;2;78;159;185mo[38;2;14;28;40m [38;2;32;75;101m'[38;2;42;101;140m;[38;2;45;86;117m,[38;2;20;55;92m.[38;2;8;44;76m.[38;2;14;44;86m.[38;2;6;35;78m.[38;2;61;114;154m:[38;2;40;55;71m.[38;2;71;158;185mo[38;2;51;102;133m;[38;2;9;34;73m.[38;2;8;32;67m [38;2;26;48;119m.[38;2;133;156;175md[38;2;11;34;65m.[38;2;4;19;43m [38;2;10;31;98m.[38;2;185;235;255mX[38;2;42;84;114m'[38;2;49;102;133m;[38;2;38;66;95m.[38;2;8;26;49m [38;2;14;36;84m.[38;2;10;34;49m [38;2;11;38;59m.[38;2;4;44;75m.[38;2;12;33;60m.[38;2;12;43;73m.[38;2;2;12;21m [38;2;62;96;156m;[38;2;11;34;69m.[38;2;4;22;55m [38;2;7;37;62m.[38;2;8;31;57m [38;2;12;42;73m.[38;2;4;40;64m.[38;2;11;43;63m.[38;2;2;29;42m [38;2;13;41;56m.[38;2;10;43;58m.[38;2;11;47;59m.[38;2;2;29;30m [38;2;10;44;52m.[38;2;13;40;39m.[38;2;0;6;2m [38;2;2;27;23m [38;2;7;35;38m [38;2;5;37;44m [38;2;5;36;30m [38;2;12;47;44m.[38;2;8;40;43m.[0m
[0m[38;2;24;44;44m.[38;2;7;41;42m.[38;2;4;29;32m [38;2;0;12;12m [38;2;4;33;39m [38;2;0;26;33m [38;2;74;136;140mc[38;2;9;23;26m [38;2;0;6;6m [38;2;2;8;1m [38;2;0;4;0m [38;2;1;2;1m [38;2;0;0;0m [38;2;18;31;49m.[38;2;189;217;241mK[38;2;17;12;21m [38;2;2;12;16m [38;2;3;16;16m [38;2;4;22;31m [38;2;5;24;42m [38;2;3;32;49m [38;2;2;35;57m [38;2;7;42;76m.[38;2;8;44;80m.[38;2;7;45;90m.[38;2;7;40;92m.[38;2;36;81;136m'[38;2;21;31;54m.[38;2;9;41;94m.[38;2;8;40;95m.[38;2;14;41;100m.[38;2;20;52;102m.[38;2;19;50;99m.[38;2;21;53;111m.[38;2;21;55;97m.[38;2;45;79;117m'[38;2;33;54;80m.[38;2;66;140;180ml[38;2;77;145;181ml[38;2;16;40;89m.[38;2;0;26;42m [38;2;32;53;143m.[38;2;124;149;163mo[38;2;5;36;52m [38;2;6;20;47m [38;2;8;36;103m.[38;2;174;231;255mX[38;2;5;12;36m [38;2;60;130;167mc[38;2;74;154;187mo[38;2;34;72;102m'[38;2;34;72;110m'[38;2;6;25;59m [38;2;35;69;102m.[38;2;9;33;63m.[38;2;9;21;46m [38;2;11;36;67m.[38;2;2;15;37m [38;2;77;116;207mc[38;2;14;29;63m [38;2;5;21;66m [38;2;6;33;72m.[38;2;48;71;103m'[38;2;49;61;75m.[38;2;52;74;103m'[38;2;52;67;83m'[38;2;46;65;73m.[38;2;30;55;69m.[38;2;14;41;60m.[38;2;8;42;50m.[38;2;0;20;24m [38;2;16;41;44m.[38;2;11;28;30m [38;2;0;7;3m [38;2;2;29;32m [38;2;7;29;35m [38;2;4;31;37m [38;2;5;29;26m [38;2;10;40;43m.[38;2;8;36;40m [0m
[0m[38;2;23;46;45m.[38;2;9;43;43m.[38;2;9;31;40m [38;2;0;11;12m [38;2;5;38;40m [38;2;2;25;35m [38;2;82;136;134mc[38;2;1;12;22m [38;2;4;23;34m [38;2;4;21;26m [38;2;5;18;27m [38;2;2;24;41m [38;2;0;1;5m [38;2;132;167;196mx[38;2;100;111;127m:[38;2;2;23;37m [38;2;5;30;57m [38;2;0;2;8m [38;2;2;5;26m [38;2;2;7;37m [38;2;3;9;27m [38;2;0;7;27m [38;2;1;9;41m [38;2;3;16;55m [38;2;3;25;67m [38;2;2;28;86m [38;2;11;39;98m.[38;2;8;17;66m [38;2;13;45;118m.[38;2;13;48;121m.[38;2;19;53;120m.[38;2;17;50;123m.[38;2;17;48;115m.[38;2;11;48;110m.[38;2;7;39;99m.[38;2;67;122;167mc[38;2;30;56;94m.[38;2;27;51;101m.[38;2;44;87;141m,[38;2;38;74;124m'[38;2;13;30;65m [38;2;44;68;155m'[38;2;100;126;144mc[38;2;6;32;64m [38;2;5;15;55m [38;2;6;32;102m.[38;2;186;243;255mN[38;2;0;7;43m [38;2;24;46;92m.[38;2;77;159;185mo[38;2;29;69;88m.[38;2;68;120;166m:[38;2;6;23;65m [38;2;47;91;135m,[38;2;83;151;201mo[38;2;18;40;62m.[38;2;26;42;74m.[38;2;24;48;96m.[38;2;104;145;228mo[38;2;6;25;88m [38;2;12;28;132m.[38;2;2;32;124m.[38;2;66;86;189m;[38;2;63;91;160m;[38;2;70;95;137m;[38;2;67;81;120m,[38;2;66;91;106m,[38;2;46;65;95m.[38;2;74;97;120m;[38;2;48;73;103m'[38;2;4;24;27m [38;2;7;20;26m [38;2;5;12;17m [38;2;4;30;41m [38;2;10;48;56m.[38;2;9;23;31m [38;2;18;41;43m.[38;2;13;27;27m [38;2;17;39;47m.[38;2;9;36;45m [0m
[0m[38;2;18;48;51m.[38;2;9;44;54m.[38;2;11;30;43m [38;2;5;13;18m [38;2;6;40;45m.[38;2;4;23;35m [38;2;75;141;149mc[38;2;9;27;41m [38;2;2;8;9m [38;2;7;35;44m [38;2;2;14;24m [38;2;10;26;38m [38;2;70;93;125m;[38;2;197;217;231mK[38;2;6;14;45m [38;2;6;42;83m.[38;2;9;28;82m [38;2;7;39;92m.[38;2;13;41;106m.[38;2;5;21;102m [38;2;8;19;69m [38;2;39;51;94m.[38;2;34;47;97m.[38;2;34;43;90m.[38;2;32;50;96m.[38;2;33;45;105m.[38;2;34;49;89m.[38;2;37;36;99m.[38;2;22;31;98m.[38;2;32;44;104m.[38;2;27;39;98m.[38;2;11;23;105m [38;2;15;28;110m.[38;2;14;34;128m.[38;2;15;41;126m.[38;2;26;68;133m.[38;2;24;42;85m.[38;2;22;48;129m.[38;2;19;52;120m.[38;2;10;44;98m.[38;2;0;9;45m [38;2;69;103;188m:[38;2;86;114;141m:[38;2;39;68;110m'[38;2;43;78;112m'[38;2;7;15;69m [38;2;205;250;255mN[38;2;3;17;42m [38;2;5;22;77m [38;2;53;101;138m;[38;2;39;74;101m'[38;2;39;73;121m'[38;2;39;72;124m'[38;2;9;24;87m [38;2;79;144;187ml[38;2;18;43;65m.[38;2;17;31;82m.[38;2;55;119;198m:[38;2;94;144;210mo[38;2;10;30;194m.[38;2;37;131;248mc[38;2;69;184;255mx[38;2;45;152;250ml[38;2;11;115;241m;[38;2;6;71;230m'[38;2;12;45;155m.[38;2;8;40;96m.[38;2;11;39;82m.[38;2;7;29;54m [38;2;88;108;153m:[38;2;22;33;46m.[38;2;11;19;22m [38;2;6;38;52m.[38;2;7;46;64m.[38;2;6;38;46m.[38;2;2;1;2m [38;2;41;59;56m.[38;2;28;53;56m.[38;2;11;36;49m.[38;2;8;32;45m [0m
[0m[38;2;20;45;48m.[38;2;10;43;53m.[38;2;4;29;29m [38;2;3;14;20m [38;2;7;41;53m.[38;2;4;19;37m [38;2;73;137;157mc[38;2;12;34;46m [38;2;8;28;57m [38;2;4;12;31m [38;2;9;20;39m [38;2;17;28;81m.[38;2;203;233;251mN[38;2;52;59;93m.[38;2;11;33;89m.[38;2;14;45;121m.[38;2;6;31;116m.[38;2;8;53;170m.[38;2;21;64;184m'[38;2;4;25;145m.[38;2;58;91;177m;[38;2;137;196;248mO[38;2;133;180;237mk[38;2;133;175;234mk[38;2;128;180;235mk[38;2;128;182;236mk[38;2;118;157;225md[38;2;137;144;229md[38;2;98;117;213ml[38;2;113;151;225md[38;2;89;130;193ml[38;2;106;132;176ml[38;2;62;78;145m,[38;2;87;93;140m;[38;2;23;29;100m.[38;2;3;13;77m [38;2;1;15;65m [38;2;10;27;104m.[38;2;11;33;96m.[38;2;7;31;84m.[38;2;2;17;81m [38;2;100;149;229mo[38;2;54;80;123m,[38;2;11;32;91m.[38;2;54;107;149m;[38;2;8;14;69m [38;2;207;251;255mW[38;2;14;26;55m [38;2;27;49;116m.[38;2;29;58;99m.[38;2;43;80;116m'[38;2;16;27;69m [38;2;62;107;156m:[38;2;6;31;76m [38;2;30;70;110m.[38;2;27;51;85m.[38;2;16;37;104m.[38;2;12;60;154m.[38;2;98;155;234md[38;2;15;81;246m,[38;2;64;184;255md[38;2;114;255;255mK[38;2;95;255;255mK[38;2;134;255;255mX[38;2;5;167;255ml[38;2;6;61;232m'[38;2;12;40;138m.[38;2;5;36;87m.[38;2;9;37;65m.[38;2;34;44;85m.[38;2;66;82;118m,[38;2;11;42;51m.[38;2;8;44;61m.[38;2;9;37;43m.[38;2;30;39;41m.[38;2;30;52;50m.[38;2;19;50;54m.[38;2;9;41;55m.[38;2;9;42;54m.[38;2;8;35;41m [0m
[0m[38;2;25;44;45m.[38;2;9;42;49m.[38;2;9;26;27m [38;2;6;16;25m [38;2;6;42;54m.[38;2;3;28;46m [38;2;80;138;173ml[38;2;5;17;22m [38;2;31;63;96m.[38;2;33;60;87m.[38;2;19;29;64m.[38;2;113;144;208mo[38;2;124;137;168mo[38;2;18;40;102m.[38;2;27;60;142m.[38;2;27;72;198m'[38;2;6;72;223m'[38;2;14;135;247mc[38;2;7;132;250m:[38;2;1;117;242m;[38;2;3;99;239m,[38;2;14;123;247m:[38;2;10;102;240m;[38;2;7;77;235m'[38;2;6;71;233m'[38;2;6;72;229m'[38;2;9;60;221m.[38;2;11;76;230m'[38;2;2;60;208m.[38;2;12;51;206m.[38;2;6;57;205m.[38;2;17;72;211m'[38;2;28;69;209m'[38;2;91;123;218ml[38;2;168;204;242m0[38;2;90;97;159m:[38;2;0;14;112m [38;2;0;19;110m [38;2;0;16;87m [38;2;0;5;48m [38;2;11;27;116m.[38;2;124;183;254mk[38;2;14;19;46m [38;2;2;12;53m [38;2;12;34;58m.[38;2;14;25;100m.[38;2;204;252;255mW[38;2;4;11;41m [38;2;12;39;98m.[38;2;11;42;101m.[38;2;43;84;137m,[38;2;16;25;63m [38;2;25;57;106m.[38;2;22;55;108m.[38;2;23;55;107m.[38;2;26;51;98m.[38;2;12;36;103m.[38;2;17;52;135m.[38;2;90;134;223ml[38;2;15;100;253m;[38;2;78;198;255mk[38;2;112;255;255mK[38;2;74;255;255m0[38;2;121;255;255mX[38;2;4;187;255mo[38;2;2;68;251m'[38;2;9;42;162m.[38;2;12;48;115m.[38;2;4;25;52m [38;2;32;48;109m.[38;2;66;83;128m,[38;2;9;39;55m.[38;2;13;35;50m.[38;2;30;45;51m.[38;2;34;51;63m.[38;2;5;38;49m.[38;2;7;42;55m.[38;2;6;42;55m.[38;2;7;42;48m.[38;2;7;35;43m [0m
[0m[38;2;22;46;48m.[38;2;10;44;51m.[38;2;10;19;29m [38;2;5;19;24m [38;2;6;39;59m.[38;2;4;28;45m [38;2;88;136;169ml[38;2;0;11;14m [38;2;10;39;71m.[38;2;10;34;61m.[38;2;21;42;126m.[38;2;174;198;227m0[38;2;7;15;51m [38;2;43;115;188m:[38;2;58;131;222mc[38;2;69;149;251mo[38;2;3;183;255mo[38;2;148;255;255mX[38;2;111;248;255mK[38;2;93;243;255m0[38;2;89;243;255m0[38;2;81;235;255mO[38;2;75;224;255mO[38;2;70;219;255mk[38;2;46;203;255mx[38;2;26;190;255md[38;2;8;169;255ml[38;2;2;172;255ml[38;2;6;164;255ml[38;2;5;133;254m:[38;2;10;133;255mc[38;2;2;119;251m:[38;2;5;110;251m;[38;2;2;54;225m.[38;2;19;82;240m,[38;2;186;228;255mX[38;2;47;77;213m,[38;2;8;67;208m'[38;2;13;28;145m.[38;2;8;18;106m [38;2;19;48;163m.[38;2;137;204;255mO[38;2;0;7;43m [38;2;16;45;120m.[38;2;8;17;67m [38;2;8;46;153m.[38;2;202;246;255mN[38;2;0;0;6m [38;2;1;12;46m [38;2;3;18;58m [38;2;5;23;68m [38;2;5;16;59m [38;2;9;35;86m.[38;2;8;34;85m.[38;2;6;41;99m.[38;2;20;50;113m.[38;2;3;20;70m [38;2;29;63;143m.[38;2;64;112;208m:[38;2;17;87;242m,[38;2;55;174;255md[38;2;96;235;255m0[38;2;92;255;255mK[38;2;129;255;255mX[38;2;7;172;255ml[38;2;1;43;229m.[38;2;3;17;121m [38;2;6;27;80m [38;2;3;27;46m [38;2;29;59;112m.[38;2;71;92;118m;[38;2;2;9;12m [38;2;26;43;55m.[38;2;11;30;39m [38;2;8;36;48m [38;2;6;38;43m [38;2;7;44;51m.[38;2;6;38;46m.[38;2;4;39;44m.[38;2;11;41;51m.[0m
[0m[38;2;17;46;43m.[38;2;8;44;46m.[38;2;7;21;34m [38;2;3;20;26m [38;2;8;40;54m.[38;2;5;31;44m [38;2;83;132;174ml[38;2;0;8;20m [38;2;13;43;73m.[38;2;5;22;58m [38;2;90;129;206ml[38;2;81;91;132m;[38;2;4;34;102m.[38;2;16;68;176m'[38;2;72;157;247mo[38;2;60;176;255md[38;2;0;204;255md[38;2;168;255;255mN[38;2;115;255;255mK[38;2;126;255;255mX[38;2;120;255;255mX[38;2;132;255;255mX[38;2;144;255;255mX[38;2;170;255;255mN[38;2;180;255;255mN[38;2;161;255;255mN[38;2;102;255;255mK[38;2;121;249;255mK[38;2;120;249;255mK[38;2;120;250;255mK[38;2;91;242;255m0[38;2;77;236;255mO[38;2;65;225;255mO[38;2;44;202;255mx[38;2;14;173;255mo[38;2;67;226;255mO[38;2;97;158;250md[38;2;10;89;245m,[38;2;7;40;189m.[38;2;7;29;165m.[38;2;24;77;214m,[38;2;165;219;255mK[38;2;2;15;96m [38;2;21;56;158m.[38;2;3;27;105m [38;2;9;39;167m.[38;2;188;249;255mN[38;2;1;3;65m [38;2;2;21;115m [38;2;7;42;144m.[38;2;5;33;125m.[38;2;5;24;91m [38;2;2;12;61m [38;2;0;11;40m [38;2;2;10;33m [38;2;3;14;45m [38;2;1;6;45m [38;2;9;19;58m [38;2;77;111;187m:[38;2;22;36;140m.[38;2;10;47;177m.[38;2;9;81;221m'[38;2;11;120;232m:[38;2;44;146;236ml[38;2;1;67;205m.[38;2;0;14;136m [38;2;0;14;59m [38;2;2;11;36m [38;2;0;4;10m [38;2;56;78;117m,[38;2;47;60;90m.[38;2;18;29;34m [38;2;12;48;59m.[38;2;9;40;50m.[38;2;4;36;41m [38;2;9;37;46m.[38;2;7;35;46m [38;2;3;40;44m.[38;2;4;42;48m.[38;2;11;41;46m.[0m
[0m[38;2;21;45;46m.[38;2;8;43;50m.[38;2;7;24;25m [38;2;2;21;27m [38;2;8;42;54m.[38;2;5;26;45m [38;2;82;144;170ml[38;2;3;8;17m [38;2;11;42;72m.[38;2;19;32;84m.[38;2;136;170;233mx[38;2;10;16;64m [38;2;11;49;150m.[38;2;8;42;161m.[38;2;55;135;246ml[38;2;57;177;255md[38;2;0;210;255md[38;2;190;255;255mN[38;2;136;255;255mX[38;2;131;255;255mX[38;2;138;255;255mX[38;2;139;255;255mX[38;2;145;255;255mX[38;2;154;255;255mX[38;2;162;255;255mN[38;2;168;255;255mN[38;2;125;255;255mX[38;2;163;255;255mN[38;2;163;255;255mN[38;2;159;255;255mN[38;2;167;255;255mN[38;2;160;255;255mN[38;2;167;255;255mN[38;2;166;255;255mN[38;2;152;255;255mX[38;2;174;255;255mN[38;2;51;224;255mk[38;2;9;156;255ml[38;2;15;100;245m;[38;2;3;44;194m.[38;2;58;119;238mc[38;2;140;181;237mk[38;2;13;36;144m.[38;2;19;73;199m'[38;2;2;53;211m.[38;2;5;82;229m,[38;2;148;238;255mK[38;2;1;32;192m.[38;2;5;94;236m,[38;2;13;88;239m,[38;2;7;71;223m'[38;2;9;51;192m.[38;2;15;38;137m.[38;2;98;129;167ml[38;2;90;119;132mc[38;2;87;116;142m:[38;2;85;103;120m:[38;2;52;64;79m.[38;2;85;102;136m:[38;2;31;51;80m.[38;2;37;50;94m.[38;2;25;33;81m.[38;2;0;10;68m [38;2;6;30;89m.[38;2;0;14;69m [38;2;2;14;47m [38;2;0;9;34m [38;2;0;6;20m [38;2;0;2;1m [38;2;94;113;150mc[38;2;21;46;64m.[38;2;7;35;52m [38;2;11;36;49m.[38;2;4;42;48m.[38;2;4;43;49m.[38;2;6;30;39m [38;2;5;36;47m [38;2;6;42;49m.[38;2;7;42;48m.[38;2;11;42;48m.[0m
[0m[38;2;13;39;40m.[38;2;5;36;45m [38;2;4;23;26m [38;2;6;22;26m [38;2;9;43;53m.[38;2;4;23;43m [38;2;85;144;164ml[38;2;2;12;25m [38;2;6;34;53m [38;2;21;50;118m.[38;2;155;193;251mO[38;2;5;20;51m [38;2;11;56;143m.[38;2;8;55;178m.[38;2;17;81;233m,[38;2;61;190;255mx[38;2;0;210;255md[38;2;200;255;255mW[38;2;154;255;255mX[38;2;141;255;255mX[38;2;144;255;255mX[38;2;145;255;255mX[38;2;147;255;255mX[38;2;146;255;255mX[38;2;167;255;255mN[38;2;177;255;255mN[38;2;128;255;255mX[38;2;176;255;255mN[38;2;174;255;255mN[38;2;167;255;255mN[38;2;170;255;255mN[38;2;164;255;255mN[38;2;155;255;255mX[38;2;154;255;255mX[38;2;169;255;255mN[38;2;218;255;255mW[38;2;40;242;255mO[38;2;17;206;255md[38;2;4;89;255m,[38;2;6;69;236m'[38;2;95;194;255mk[38;2;115;145;211mo[38;2;45;119;233m:[38;2;53;166;251mo[38;2;4;167;255ml[38;2;111;233;255m0[38;2;50;249;255mO[38;2;93;206;255mk[38;2;84;231;255mO[38;2;92;224;255mO[38;2;50;195;255mx[38;2;2;136;254m:[38;2;3;62;224m.[38;2;8;37;166m.[38;2;2;16;95m [38;2;2;12;66m [38;2;13;34;89m.[38;2;2;28;75m [38;2;74;105;147m:[38;2;7;24;79m [38;2;6;11;73m [38;2;132;163;213mx[38;2;17;32;83m.[38;2;5;33;110m.[38;2;0;10;65m [38;2;0;13;44m [38;2;3;10;24m [38;2;0;6;20m [38;2;1;0;0m [38;2;126;157;207md[38;2;2;28;36m [38;2;1;6;10m [38;2;14;41;52m.[38;2;9;44;53m.[38;2;14;47;49m.[38;2;16;42;50m.[38;2;11;31;35m [38;2;18;46;49m.[38;2;10;35;42m [38;2;10;42;49m.[0m
[0m[38;2;36;68;65m.[38;2;30;64;72m.[38;2;30;68;75m.[38;2;10;22;31m [38;2;8;43;52m.[38;2;4;31;45m [38;2;81;134;155mc[38;2;7;18;29m [38;2;27;53;75m.[38;2;23;48;114m.[38;2;142;186;216mk[38;2;25;45;72m.[38;2;29;66;132m.[38;2;24;70;170m'[38;2;27;84;210m,[38;2;41;155;253ml[38;2;12;201;255md[38;2;159;241;255mX[38;2;132;254;255mX[38;2;136;255;255mX[38;2;142;255;255mX[38;2;161;255;255mN[38;2;172;255;255mN[38;2;173;255;255mN[38;2;186;255;255mN[38;2;197;255;255mW[38;2;120;255;255mX[38;2;205;255;255mW[38;2;188;255;255mN[38;2;176;255;255mN[38;2;164;255;255mN[38;2;166;255;255mN[38;2;163;255;255mN[38;2;159;255;255mN[38;2;170;255;255mN[38;2;231;255;255mW[38;2;24;246;255mO[38;2;25;208;255mx[38;2;28;126;254mc[38;2;16;78;240m,[38;2;207;255;255mW[38;2;48;82;203m,[38;2;7;75;241m'[38;2;42;193;255md[38;2;14;199;255md[38;2;137;255;255mX[38;2;24;250;255mO[38;2;170;255;255mN[38;2;163;255;255mN[38;2;167;255;255mN[38;2;204;255;255mW[38;2;4;234;255mx[38;2;14;125;255m:[38;2;31;111;233m:[38;2;55;114;194m:[38;2;32;82;134m'[38;2;10;29;103m.[38;2;5;43;120m.[38;2;98;148;232mo[38;2;14;53;153m.[38;2;31;71;200m'[38;2;57;156;240mo[38;2;40;122;234mc[38;2;15;120;228m:[38;2;1;54;190m.[38;2;1;25;139m.[38;2;1;12;85m [38;2;0;8;35m [38;2;31;44;71m.[38;2;83;118;153mc[38;2;7;37;56m.[38;2;1;11;8m [38;2;14;40;49m.[38;2;3;25;38m [38;2;12;39;43m.[38;2;4;30;32m [38;2;13;32;39m [38;2;18;44;48m.[38;2;25;49;57m.[38;2;21;52;58m.[0m
[0m[38;2;17;47;46m.[38;2;8;44;51m.[38;2;9;43;55m.[38;2;0;21;31m [38;2;11;46;58m.[38;2;4;29;39m [38;2;72;129;153mc[38;2;1;10;21m [38;2;9;37;55m.[38;2;19;32;100m.[38;2;182;228;247mX[38;2;1;9;30m [38;2;3;30;91m [38;2;47;95;162m;[38;2;19;60;155m.[38;2;17;56;195m.[38;2;49;145;240ml[38;2;0;100;243m,[38;2;15;157;254ml[38;2;14;166;254ml[38;2;16;184;255mo[38;2;41;201;255mx[38;2;49;212;255mk[38;2;51;218;255mk[38;2;68;222;255mO[38;2;81;226;255mO[38;2;43;243;255mO[38;2;104;237;255m0[38;2;95;245;255m0[38;2;104;249;255mK[38;2;117;250;255mK[38;2;119;253;255mK[38;2;119;255;255mK[38;2;129;254;255mX[38;2;160;255;255mN[38;2;210;255;255mW[38;2;11;233;255mk[38;2;32;183;255md[38;2;49;140;247ml[38;2;83;134;231ml[38;2;170;233;255mX[38;2;6;32;173m.[38;2;7;69;233m'[38;2;13;140;255mc[38;2;31;213;255mx[38;2;128;255;255mX[38;2;27;254;255mO[38;2;193;255;255mN[38;2;168;255;255mN[38;2;171;255;255mN[38;2;195;255;255mN[38;2;12;254;255mO[38;2;6;124;255m:[38;2;3;70;235m'[38;2;51;124;212mc[38;2;55;119;163m:[38;2;18;30;111m.[38;2;1;35;135m.[38;2;100;150;249md[38;2;15;91;234m,[38;2;102;186;255mk[38;2;123;229;255m0[38;2;131;255;255mX[38;2;185;255;255mN[38;2;1;211;255md[38;2;3;76;250m'[38;2;5;22;154m.[38;2;0;1;48m [38;2;117;160;211md[38;2;14;48;66m.[38;2;14;42;64m.[38;2;3;14;15m [38;2;9;34;52m [38;2;29;74;83m.[38;2;15;51;93m.[38;2;19;59;89m.[38;2;11;31;40m [38;2;90;102;100m;[38;2;36;56;54m.[38;2;30;67;72m.[0m
[0m[38;2;18;44;46m.[38;2;8;44;50m.[38;2;10;43;59m.[38;2;2;23;32m [38;2;12;44;58m.[38;2;6;28;41m [38;2;71;141;158ml[38;2;13;29;39m [38;2;7;45;63m.[38;2;6;10;57m [38;2;170;201;241m0[38;2;35;48;64m.[38;2;6;37;83m.[38;2;17;58;109m.[38;2;71;126;174mc[38;2;5;32;105m.[38;2;46;123;204m:[38;2;5;24;135m.[38;2;20;66;193m'[38;2;7;74;215m'[38;2;14;72;220m'[38;2;10;80;230m,[38;2;14;96;236m;[38;2;8;100;241m;[38;2;14;102;241m;[38;2;8;103;249m;[38;2;14;138;251mc[38;2;14;109;246m;[38;2;13;136;252mc[38;2;11;142;252mc[38;2;7;150;254mc[38;2;8;152;255mc[38;2;2;163;253ml[38;2;3;152;255mc[38;2;17;171;254mo[38;2;84;214;255mO[38;2;20;119;242m:[38;2;19;92;232m,[38;2;8;55;206m.[38;2;164;207;247m0[38;2;39;89;178m,[38;2;21;62;160m.[38;2;24;86;217m,[38;2;26;114;235m:[38;2;28;175;255mo[38;2;67;203;255mk[38;2;57;245;255mO[38;2;135;244;255mK[38;2;120;251;255mK[38;2;132;251;255mX[38;2;142;251;255mX[38;2;9;217;255mx[38;2;36;145;254ml[38;2;13;67;217m'[38;2;6;50;166m.[38;2;38;87;156m,[38;2;5;30;99m.[38;2;15;38;132m.[38;2;104;140;216mo[38;2;10;77;242m,[38;2;83;174;255md[38;2;54;246;255mO[38;2;194;255;255mN[38;2;205;255;255mW[38;2;0;233;255mx[38;2;4;83;255m,[38;2;1;21;158m.[38;2;32;38;125m.[38;2;91;135;171ml[38;2;8;34;69m.[38;2;12;47;66m.[38;2;2;15;16m [38;2;11;31;41m [38;2;25;40;49m.[38;2;17;28;41m [38;2;42;97;112m,[38;2;7;27;32m [38;2;131;153;146md[38;2;52;81;76m'[38;2;28;68;69m.[0m
[0m[38;2;19;45;53m.[38;2;7;44;50m.[38;2;6;45;51m.[38;2;0;22;20m [38;2;7;45;58m.[38;2;4;29;38m [38;2;70;129;141mc[38;2;8;22;31m [38;2;9;44;61m.[38;2;5;18;31m [38;2;83;119;180mc[38;2;122;140;151mo[38;2;5;26;45m [38;2;4;35;66m.[38;2;32;80;121m'[38;2;50;100;141m;[38;2;49;114;158m:[38;2;5;14;62m [38;2;15;52;133m.[38;2;8;52;126m.[38;2;7;54;140m.[38;2;17;60;154m.[38;2;14;60;164m.[38;2;12;62;170m.[38;2;13;62;169m.[38;2;2;65;189m.[38;2;13;73;195m'[38;2;15;51;182m.[38;2;11;73;210m'[38;2;9;73;208m'[38;2;13;77;205m'[38;2;5;69;212m'[38;2;6;76;214m'[38;2;8;58;202m.[38;2;31;87;227m,[38;2;130;191;251mO[38;2;12;35;157m.[38;2;4;48;167m.[38;2;19;62;186m.[38;2;164;192;218mO[38;2;2;6;83m [38;2;11;53;146m.[38;2;12;55;169m.[38;2;17;73;182m'[38;2;26;70;198m'[38;2;4;54;229m.[38;2;116;198;248mk[38;2;12;97;234m;[38;2;9;138;250mc[38;2;7;128;251m:[38;2;11;138;247mc[38;2;7;70;223m'[38;2;14;90;204m,[38;2;22;72;165m'[38;2;25;71;137m'[38;2;39;86;143m,[38;2;8;18;79m [38;2;85;109;157m:[38;2;59;92;152m;[38;2;33;90;213m;[38;2;15;82;232m,[38;2;51;218;255mk[38;2;127;217;255m0[38;2;145;232;255mK[38;2;1;163;253ml[38;2;1;49;222m.[38;2;2;9;104m [38;2;108;142;192mo[38;2;6;18;44m [38;2;14;45;97m.[38;2;9;47;59m.[38;2;4;14;15m [38;2;9;25;30m [38;2;58;78;72m'[38;2;48;68;65m.[38;2;24;33;30m.[38;2;0;1;0m [38;2;132;149;149mo[38;2;29;48;49m.[38;2;21;52;61m.[0m
[0m[38;2;20;39;51m.[38;2;10;37;50m.[38;2;15;41;47m.[38;2;4;14;13m [38;2;5;37;49m.[38;2;48;89;103m,[38;2;55;102;102m;[38;2;2;6;11m [38;2;6;30;39m [38;2;5;23;25m [38;2;26;33;69m.[38;2;144;189;231mO[38;2;25;36;44m.[38;2;3;27;37m [38;2;3;21;41m [38;2;44;82;100m'[38;2;42;82;106m'[38;2;2;6;18m [38;2;8;32;76m.[38;2;8;33;83m.[38;2;9;33;77m.[38;2;10;34;85m.[38;2;18;36;93m.[38;2;13;37;97m.[38;2;14;29;100m.[38;2;9;36;114m.[38;2;8;40;109m.[38;2;1;20;89m [38;2;9;39;126m.[38;2;6;42;120m.[38;2;6;38;125m.[38;2;4;45;122m.[38;2;6;40;129m.[38;2;6;31;98m.[38;2;32;64;191m'[38;2;133;204;254mO[38;2;3;14;56m [38;2;4;20;89m [38;2;115;167;227mx[38;2;83;95;117m;[38;2;4;17;69m [38;2;7;34;87m.[38;2;8;34;108m.[38;2;11;41;111m.[38;2;10;28;91m.[38;2;11;35;148m.[38;2;142;157;197mx[38;2;5;25;106m [38;2;12;45;141m.[38;2;9;38;136m.[38;2;14;40;137m.[38;2;4;23;92m [38;2;10;41;116m.[38;2;11;37;92m.[38;2;9;34;83m.[38;2;13;39;79m.[38;2;0;10;38m [38;2;123;160;206md[38;2;8;23;55m [38;2;7;39;87m.[38;2;53;79;169m,[38;2;64;96;174m;[38;2;15;46;160m.[38;2;12;68;176m'[38;2;3;28;137m.[38;2;0;2;63m [38;2;81;107;172m:[38;2;36;56;70m.[38;2;5;17;31m [38;2;10;51;88m.[38;2;5;46;58m.[38;2;8;14;16m [38;2;4;41;46m.[38;2;31;42;52m.[38;2;24;45;43m.[38;2;10;28;25m [38;2;5;22;25m [38;2;73;97;94m;[38;2;18;41;45m.[38;2;28;59;64m.[0m
[0m[38;2;20;46;46m.[38;2;9;41;56m.[38;2;9;28;31m [38;2;7;12;15m [38;2;7;33;47m [38;2;56;111;123m;[38;2;51;98;106m,[38;2;4;7;9m [38;2;6;7;8m [38;2;8;16;18m [38;2;3;11;12m [38;2;48;78;147m,[38;2;118;149;188mo[38;2;26;32;28m.[38;2;1;2;3m [38;2;1;6;8m [38;2;2;2;4m [38;2;3;25;40m [38;2;6;25;42m [38;2;2;13;33m [38;2;22;22;32m [38;2;43;52;62m.[38;2;41;53;72m.[38;2;50;55;64m.[38;2;43;54;79m.[38;2;45;58;82m.[38;2;51;60;86m.[38;2;53;61;94m.[38;2;40;56;96m.[38;2;41;56;105m.[38;2;49;59;113m.[38;2;6;11;71m [38;2;0;13;71m [38;2;0;2;29m [38;2;28;60;176m'[38;2;165;228;255mK[38;2;0;4;13m [38;2;27;60;157m.[38;2;178;208;228m0[38;2;43;52;70m.[38;2;70;82;99m,[38;2;68;80;113m,[38;2;78;88;111m;[38;2;76;85;109m,[38;2;79;94;121m;[38;2;13;31;104m.[38;2;128;150;179md[38;2;57;80;95m'[38;2;40;45;82m.[38;2;9;14;52m [38;2;0;4;29m [38;2;6;19;53m [38;2;6;26;54m [38;2;1;17;33m [38;2;0;2;16m [38;2;1;6;19m [38;2;0;0;3m [38;2;118;164;213md[38;2;22;30;37m [38;2;27;32;39m.[38;2;110;144;186mo[38;2;49;58;82m.[38;2;44;58;72m.[38;2;21;30;51m.[38;2;0;6;12m [38;2;32;44;73m.[38;2;90;121;150mc[38;2;2;1;1m [38;2;8;19;25m [38;2;12;51;70m.[38;2;10;41;55m.[38;2;1;15;17m [38;2;4;40;42m.[38;2;6;33;36m [38;2;6;29;30m [38;2;15;49;52m.[38;2;4;34;43m [38;2;74;120;127m:[38;2;13;48;49m.[38;2;15;46;47m.[0m
[0m[38;2;18;45;49m.[38;2;7;43;50m.[38;2;6;35;34m [38;2;7;15;17m [38;2;6;33;42m [38;2;61;113;127m:[38;2;41;93;98m,[38;2;2;14;16m [38;2;2;12;11m [38;2;17;45;50m.[38;2;3;24;27m [38;2;7;27;32m [38;2;43;75;138m'[38;2;127;161;202md[38;2;64;70;73m'[38;2;0;2;4m [38;2;0;1;0m [38;2;7;52;84m.[38;2;10;45;71m.[38;2;2;17;23m [38;2;75;101;101m;[38;2;141;186;197mk[38;2;137;183;189mk[38;2;133;181;191mx[38;2;130;183;198mk[38;2;128;176;189mx[38;2;127;169;190mx[38;2;121;143;171mo[38;2;99;119;166mc[38;2;85;125;162mc[38;2;94;140;191ml[38;2;101;126;194ml[38;2;79;107;161m:[38;2;37;69;143m'[38;2;35;84;181m,[38;2;72;122;210mc[38;2;33;55;134m.[38;2;87;125;205ml[38;2;66;75;87m'[38;2;84;117;138m:[38;2;111;147;174mo[38;2;108;152;169mo[38;2;107;147;165mo[38;2;113;157;167md[38;2;109;142;153ml[38;2;16;33;85m.[38;2;111;152;168mo[38;2;82;113;114m:[38;2;69;92;125m;[38;2;76;96;136m;[38;2;53;68;103m'[38;2;95;125;159mc[38;2;34;41;56m.[38;2;5;21;28m [38;2;0;2;8m [38;2;0;8;10m [38;2;4;9;20m [38;2;105;149;171mo[38;2;77;100;103m;[38;2;54;75;85m'[38;2;118;158;211md[38;2;46;59;68m.[38;2;41;54;51m.[38;2;50;61;67m.[38;2;88;110;125m:[38;2;108;139;168mo[38;2;8;11;13m [38;2;2;7;0m [38;2;10;21;24m [38;2;9;50;67m.[38;2;7;43;47m.[38;2;6;17;17m [38;2;9;49;57m.[38;2;8;50;65m.[38;2;0;1;3m [38;2;11;43;43m.[38;2;3;30;40m [38;2;78;128;123mc[38;2;7;32;39m [38;2;12;40;48m.[0m
[0m[38;2;22;44;50m.[38;2;6;43;52m.[38;2;4;35;32m [38;2;8;18;22m [38;2;6;31;40m [38;2;63;125;134m:[38;2;39;85;93m'[38;2;3;14;16m [38;2;1;20;16m [38;2;4;18;23m [38;2;9;39;46m.[38;2;2;32;31m [38;2;3;4;5m [38;2;26;50;93m.[38;2;126;166;210mx[38;2;119;131;145ml[38;2;35;41;48m.[38;2;3;35;50m [38;2;7;44;65m.[38;2;5;30;43m [38;2;3;15;17m [38;2;11;42;60m.[38;2;8;26;30m [38;2;4;18;45m [38;2;8;22;53m [38;2;5;21;79m [38;2;12;30;129m.[38;2;20;51;170m.[38;2;16;56;186m.[38;2;9;52;176m.[38;2;11;54;191m.[38;2;9;48;169m.[38;2;6;30;145m.[38;2;0;2;78m [38;2;33;84;200m,[38;2;135;152;211md[38;2;81;96;160m:[38;2;55;74;155m,[38;2;51;64;134m'[38;2;5;20;52m [38;2;17;40;87m.[38;2;1;9;41m [38;2;2;5;26m [38;2;0;6;13m [38;2;6;15;25m [38;2;25;47;107m.[38;2;113;136;146ml[38;2;2;17;31m [38;2;0;6;10m [38;2;1;0;3m [38;2;2;4;11m [38;2;31;56;86m.[38;2;158;171;201mk[38;2;4;10;13m [38;2;5;11;18m [38;2;5;11;6m [38;2;23;37;65m.[38;2;96;128;132mc[38;2;12;19;18m [38;2;43;58;95m.[38;2;89;130;156mc[38;2;21;38;40m.[38;2;26;43;47m.[38;2;14;24;29m [38;2;62;86;115m,[38;2;97;119;137mc[38;2;0;0;0m [38;2;0;8;1m [38;2;9;20;20m [38;2;10;49;63m.[38;2;10;39;45m.[38;2;7;19;18m [38;2;13;46;60m.[38;2;17;46;54m.[38;2;0;0;1m [38;2;17;44;48m.[38;2;22;54;65m.[38;2;50;90;102m,[38;2;7;37;39m [38;2;12;37;50m.[0m
[0m[38;2;19;45;49m.[38;2;9;44;50m.[38;2;7;40;37m.[38;2;5;14;17m [38;2;5;31;38m [38;2;68;133;141mc[38;2;37;78;81m'[38;2;0;11;14m [38;2;7;42;47m.[38;2;8;36;44m [38;2;6;43;54m.[38;2;5;27;33m [38;2;3;9;10m [38;2;2;7;8m [38;2;10;25;37m [38;2;51;78;133m,[38;2;131;158;200md[38;2;117;136;158ml[38;2;78;91;104m;[38;2;16;36;55m.[38;2;7;35;54m [38;2;16;53;86m.[38;2;9;34;64m.[38;2;12;31;70m.[38;2;17;43;109m.[38;2;15;43;162m.[38;2;1;76;224m'[38;2;49;167;252mo[38;2;54;182;255md[38;2;56;181;255md[38;2;75;174;255md[38;2;59;170;255md[38;2;8;111;241m;[38;2;25;90;213m,[38;2;31;101;242m;[38;2;155;183;230mO[38;2;48;75;126m'[38;2;15;46;101m.[38;2;84;109;209mc[38;2;28;48;97m.[38;2;25;48;92m.[38;2;39;76;110m'[38;2;50;86;107m,[38;2;42;71;89m'[38;2;5;12;26m [38;2;23;48;111m.[38;2;120;157;169md[38;2;41;78;93m'[38;2;35;67;75m.[38;2;61;115;119m:[38;2;34;65;68m.[38;2;1;10;21m [38;2;157;178;219mk[38;2;9;11;23m [38;2;39;85;99m'[38;2;43;73;74m'[38;2;41;52;87m.[38;2;104;139;143ml[38;2;38;81;85m'[38;2;73;105;162m:[38;2;20;42;49m.[38;2;64;122;126m:[38;2;78;154;149ml[38;2;49;85;114m,[38;2;104;127;154ml[38;2;91;130;143mc[38;2;6;7;16m [38;2;1;6;1m [38;2;7;22;23m [38;2;9;50;63m.[38;2;6;41;47m.[38;2;10;22;19m [38;2;9;44;49m.[38;2;10;47;57m.[38;2;0;0;0m [38;2;7;43;44m.[38;2;56;104;115m;[38;2;12;42;46m.[38;2;7;42;49m.[38;2;13;44;51m.[0m
[0m[38;2;18;38;40m.[38;2;25;67;80m.[38;2;45;96;87m,[38;2;5;14;12m [38;2;4;30;42m [38;2;65;126;142m:[38;2;35;82;86m'[38;2;10;19;18m [38;2;39;77;78m'[38;2;38;79;83m'[38;2;39;80;87m'[38;2;46;96;92m,[38;2;34;75;79m.[38;2;23;48;51m.[38;2;22;56;66m.[38;2;17;48;46m.[38;2;5;14;29m [38;2;30;57;91m.[38;2;76;106;138m:[38;2;93;118;153mc[38;2;80;114;157m:[38;2;70;98;137m;[38;2;90;125;147mc[38;2;87;124;168mc[38;2;102;143;203mo[38;2;105;154;239md[38;2;91;172;255mx[38;2;165;248;255mX[38;2;135;249;255mX[38;2;109;248;255mK[38;2;109;249;255mK[38;2;77;245;255m0[38;2;75;221;255mO[38;2;130;218;255m0[38;2;18;202;255md[38;2;124;169;246mx[38;2;2;41;182m.[38;2;3;45;136m.[38;2;59;91;173m;[38;2;52;76;148m,[38;2;42;85;124m,[38;2;47;104;126m;[38;2;60;133;157mc[38;2;61;131;150mc[38;2;0;7;19m [38;2;38;66;150m'[38;2;117;142;147mo[38;2;54;99;112m,[38;2;18;47;65m.[38;2;63;122;133m:[38;2;45;90;92m,[38;2;2;7;22m [38;2;154;182;216mk[38;2;16;22;35m [38;2;9;44;59m.[38;2;31;55;57m.[38;2;43;61;88m.[38;2;103;128;129mc[38;2;14;24;46m [38;2;81;111;149m:[38;2;7;20;23m [38;2;11;38;41m.[38;2;48;96;105m,[38;2;95;126;157mc[38;2;6;8;16m [38;2;56;78;87m'[38;2;40;52;72m.[38;2;2;1;1m [38;2;10;21;24m [38;2;11;50;56m.[38;2;4;37;48m [38;2;9;27;23m [38;2;12;42;50m.[38;2;5;44;52m.[38;2;0;1;1m [38;2;17;48;52m.[38;2;57;96;103m,[38;2;4;26;30m [38;2;17;41;51m.[38;2;15;44;51m.[0m
[0m[38;2;30;62;61m.[38;2;75;153;159ml[38;2;18;46;41m.[38;2;4;15;20m [38;2;3;32;44m [38;2;71;137;145mc[38;2;38;71;81m.[38;2;25;38;42m.[38;2;78;155;165ml[38;2;61;139;132mc[38;2;60;130;130m:[38;2;55;136;127mc[38;2;70;141;147mc[38;2;15;41;52m.[38;2;6;40;47m.[38;2;7;41;49m.[38;2;0;18;31m [38;2;8;46;54m.[38;2;7;40;54m.[38;2;4;36;52m [38;2;18;46;87m.[38;2;25;49;89m.[38;2;44;105;169m;[38;2;47;90;178m,[38;2;34;84;206m,[38;2;37;121;253mc[38;2;24;196;255md[38;2;105;232;255m0[38;2;118;245;255mK[38;2;123;249;255mK[38;2;163;252;255mX[38;2;193;255;255mN[38;2;196;255;255mN[38;2;238;255;255mM[38;2;4;253;255mk[38;2;120;170;255mx[38;2;5;63;229m'[38;2;4;60;147m.[38;2;46;77;168m,[38;2;62;106;173m:[38;2;0;5;22m [38;2;30;80;95m'[38;2;45;86;115m,[38;2;50;100;111m,[38;2;2;8;21m [38;2;54;84;166m,[38;2;115;132;133ml[38;2;5;19;29m [38;2;58;110;116m;[38;2;13;37;49m.[38;2;41;63;71m.[38;2;0;4;16m [38;2;154;175;208mk[38;2;21;29;32m [38;2;5;34;42m [38;2;8;23;22m [38;2;29;44;65m.[38;2;86;115;130m:[38;2;69;92;109m,[38;2;43;72;90m'[38;2;20;36;30m.[38;2;10;26;29m [38;2;54;85;109m,[38;2;36;60;78m.[38;2;1;4;5m [38;2;51;74;85m'[38;2;43;60;80m.[38;2;1;0;0m [38;2;9;22;26m [38;2;9;51;57m.[38;2;4;32;49m [38;2;15;28;26m [38;2;2;32;35m [38;2;8;45;50m.[38;2;0;0;1m [38;2;69;120;126m:[38;2;14;41;48m.[38;2;8;41;46m.[38;2;22;34;44m.[38;2;12;38;47m.[0m
[0m[38;2;74;138;120mc[38;2;22;65;70m.[38;2;2;17;16m [38;2;6;17;24m [38;2;3;31;48m [38;2;77;137;147mc[38;2;39;79;80m'[38;2;21;37;48m.[38;2;71;145;153ml[38;2;58;125;128m:[38;2;56;128;124m:[38;2;57;127;125m:[38;2;66;131;131mc[38;2;58;122;122m:[38;2;12;42;53m.[38;2;7;41;42m.[38;2;0;20;31m [38;2;8;43;55m.[38;2;6;44;57m.[38;2;4;43;62m.[38;2;5;44;72m.[38;2;4;33;67m [38;2;44;100;143m;[38;2;78;149;199mo[38;2;31;79;196m,[38;2;9;95;254m;[38;2;0;235;255mx[38;2;206;255;255mW[38;2;150;255;255mX[38;2;160;255;255mN[38;2;168;255;255mN[38;2;174;255;255mN[38;2;193;255;255mN[38;2;232;255;255mW[38;2;30;247;255mO[38;2;117;162;248mx[38;2;1;42;202m.[38;2;7;45;135m.[38;2;44;77;165m,[38;2;62;109;186m:[38;2;10;16;32m [38;2;20;55;77m.[38;2;42;76;96m'[38;2;21;52;51m.[38;2;9;20;24m [38;2;55;92;173m;[38;2;126;132;144ml[38;2;17;37;47m.[38;2;19;55;57m.[38;2;30;58;61m.[38;2;50;86;95m,[38;2;0;2;3m [38;2;150;172;200mk[38;2;31;50;57m.[38;2;6;41;47m.[38;2;16;46;55m.[38;2;11;24;34m [38;2;83;109;133m:[38;2;98;135;159ml[38;2;3;18;23m [38;2;11;25;26m [38;2;16;31;34m [38;2;100;129;154ml[38;2;4;7;6m [38;2;1;0;0m [38;2;95;126;133mc[38;2;18;24;31m [38;2;0;2;0m [38;2;9;27;25m [38;2;12;46;56m.[38;2;7;31;41m [38;2;12;27;30m [38;2;7;31;35m [38;2;10;46;50m.[38;2;14;23;19m [38;2;51;90;91m,[38;2;9;38;40m.[38;2;10;44;50m.[38;2;17;35;46m.[38;2;17;41;51m.[0m
[0m[38;2;36;70;64m.[38;2;6;39;54m.[38;2;4;23;19m [38;2;6;15;20m [38;2;3;31;44m [38;2;71;139;151mc[38;2;31;71;64m.[38;2;22;33;43m.[38;2;68;142;159ml[38;2;56;125;132m:[38;2;57;125;125m:[38;2;58;128;125m:[38;2;60;137;133mc[38;2;56;118;116m:[38;2;51;103;110m;[38;2;10;41;43m.[38;2;1;17;25m [38;2;7;41;61m.[38;2;4;44;59m.[38;2;4;38;54m.[38;2;7;39;56m.[38;2;6;38;64m.[38;2;7;22;67m [38;2;27;90;129m,[38;2;57;108;184m:[38;2;16;86;233m,[38;2;16;170;255mo[38;2;99;215;255mO[38;2;80;233;255mO[38;2;84;227;255mO[38;2;81;228;255mO[38;2;57;228;255mO[38;2;55;205;255mx[38;2;42;170;255mo[38;2;58;200;255mx[38;2;115;148;215md[38;2;7;18;101m [38;2;39;110;177m;[38;2;50;88;156m,[38;2;59;102;178m;[38;2;10;15;30m [38;2;17;47;84m.[38;2;11;31;53m [38;2;62;71;69m'[38;2;111;110;59m:[38;2;165;154;108md[38;2;192;173;105mk[38;2;112;107;51m:[38;2;98;96;55m;[38;2;51;67;52m.[38;2;54;55;50m.[38;2;20;8;4m [38;2;101;116;146mc[38;2;72;75;79m'[38;2;30;36;35m.[38;2;10;20;26m [38;2;24;20;18m [38;2;97;105;121m:[38;2;97;116;136mc[38;2;13;13;15m [38;2;6;14;16m [38;2;77;104;112m;[38;2;28;38;50m.[38;2;2;1;0m [38;2;8;14;19m [38;2;118;155;169md[38;2;0;1;0m [38;2;0;5;1m [38;2;6;26;27m [38;2;9;51;60m.[38;2;7;29;33m [38;2;14;23;29m [38;2;7;32;44m [38;2;11;41;44m.[38;2;14;23;18m [38;2;12;36;43m.[38;2;10;35;41m [38;2;7;40;41m.[38;2;15;35;44m.[38;2;7;33;38m [0m
[0m[38;2;18;44;46m.[38;2;3;47;55m.[38;2;3;30;22m [38;2;7;13;15m [38;2;7;31;36m [38;2;66;131;145mc[38;2;25;61;60m.[38;2;18;27;37m [38;2;51;106;115m;[38;2;41;88;87m'[38;2;38;87;86m'[38;2;40;87;82m'[38;2;46;91;88m,[38;2;58;101;104m;[38;2;37;74;82m.[38;2;38;66;72m.[38;2;33;67;61m.[38;2;1;13;18m [38;2;8;36;52m.[38;2;4;30;48m [38;2;6;36;48m [38;2;10;39;58m.[38;2;21;52;84m.[38;2;20;51;102m.[38;2;21;57;122m.[38;2;18;75;158m'[38;2;45;102;205m;[38;2;9;58;183m.[38;2;9;91;226m,[38;2;10;89;230m,[38;2;5;85;225m,[38;2;7;82;225m,[38;2;5;69;212m'[38;2;4;40;187m.[38;2;87;154;240mo[38;2;121;128;157ml[38;2;0;0;40m [38;2;53;123;160m:[38;2;51;73;149m'[38;2;94;116;148mc[38;2;106;99;52m;[38;2;165;150;82md[38;2;206;193;99mO[38;2;254;232;113mX[38;2;252;226;81mX[38;2;255;234;100mX[38;2;255;219;95mX[38;2;255;221;76mX[38;2;255;227;84mX[38;2;255;232;85mX[38;2;253;215;73mK[38;2;224;196;83mO[38;2;218;193;73mO[38;2;243;205;76m0[38;2;233;208;92m0[38;2;200;155;66mx[38;2;199;157;86mx[38;2;253;214;76mK[38;2;222;198;76mO[38;2;157;150;79mo[38;2;111;93;64m;[38;2;139;151;106mo[38;2;73;62;40m.[38;2;17;18;20m [38;2;114;136;146ml[38;2;27;39;41m.[38;2;0;5;0m [38;2;0;6;1m [38;2;13;31;28m [38;2;10;47;54m.[38;2;4;31;33m [38;2;10;25;25m [38;2;7;35;40m [38;2;7;25;28m [38;2;8;15;15m [38;2;12;41;43m.[38;2;9;34;42m [38;2;5;29;32m [38;2;14;31;35m [38;2;40;73;77m.[0m
[0m[38;2;16;37;36m.[38;2;2;37;40m [38;2;7;29;27m [38;2;6;29;38m [38;2;4;27;38m [38;2;61;121;150m:[38;2;39;82;76m'[38;2;1;4;11m [38;2;6;29;36m [38;2;4;31;36m [38;2;7;46;50m.[38;2;17;50;55m.[38;2;21;56;62m.[38;2;23;66;70m.[38;2;22;50;66m.[38;2;35;73;94m'[38;2;81;157;158mo[38;2;1;6;10m [38;2;6;44;61m.[38;2;6;43;55m.[38;2;7;44;55m.[38;2;6;42;61m.[38;2;6;42;62m.[38;2;9;43;75m.[38;2;10;44;83m.[38;2;8;46;101m.[38;2;13;50;114m.[38;2;20;39;85m.[38;2;12;52;129m.[38;2;5;55;134m.[38;2;9;52;133m.[38;2;13;54;129m.[38;2;5;48;122m.[38;2;0;28;86m [38;2;102;142;202mo[38;2;117;131;136ml[38;2;0;0;16m [38;2;132;151;158md[38;2;222;207;103m0[38;2;250;229;110mX[38;2;238;210;77mK[38;2;220;188;80mO[38;2;203;163;63mx[38;2;174;118;43ml[38;2;94;57;16m.[38;2;174;130;46mo[38;2;229;178;56mk[38;2;235;189;67mO[38;2;244;208;79mK[38;2;255;228;84mX[38;2;223;195;81mO[38;2;183;106;28mc[38;2;254;225;82mX[38;2;255;219;80mK[38;2;255;219;78mK[38;2;255;220;80mX[38;2;255;220;81mX[38;2;255;216;71mK[38;2;255;219;72mK[38;2;255;225;67mX[38;2;254;229;80mX[38;2;235;194;60mO[38;2;254;234;88mX[38;2;199;177;76mk[38;2;149;131;65ml[38;2;102;93;54m;[38;2;26;20;5m [38;2;0;3;1m [38;2;12;29;31m [38;2;11;44;50m.[38;2;11;35;38m [38;2;10;18;17m [38;2;12;23;25m [38;2;7;21;21m [38;2;9;27;27m [38;2;11;34;39m [38;2;41;77;82m'[38;2;51;90;95m,[38;2;54;107;116m;[38;2;46;86;101m,[0m
[0m[38;2;25;43;47m.[38;2;5;43;52m.[38;2;5;40;48m.[38;2;3;38;49m [38;2;2;24;36m [38;2;55;109;143m;[38;2;42;92;82m,[38;2;0;9;17m [38;2;2;41;47m.[38;2;0;42;44m.[38;2;1;41;44m.[38;2;2;42;44m.[38;2;2;41;48m.[38;2;2;42;46m.[38;2;2;38;44m [38;2;2;31;47m [38;2;52;95;108m,[38;2;0;11;18m [38;2;3;44;54m.[38;2;4;43;49m.[38;2;6;42;54m.[38;2;5;43;54m.[38;2;6;41;55m.[38;2;6;42;57m.[38;2;5;43;62m.[38;2;4;46;76m.[38;2;6;47;81m.[38;2;39;56;73m.[38;2;15;45;80m.[38;2;8;35;65m.[38;2;4;28;52m [38;2;3;23;47m [38;2;2;19;39m [38;2;0;7;17m [38;2;74;115;165m:[38;2;144;133;124mo[38;2;166;131;67mo[38;2;233;210;106mK[38;2;210;157;57mx[38;2;107;76;35m,[38;2;139;91;41m:[38;2;140;101;43m:[38;2;154;107;45mc[38;2;145;100;36m:[38;2;96;68;27m'[38;2;120;94;55m;[38;2;88;60;30m'[38;2;76;53;23m.[38;2;121;81;23m,[38;2;168;106;29mc[38;2;104;64;24m'[38;2;215;158;52mx[38;2;255;231;87mX[38;2;255;213;72mK[38;2;255;219;76mK[38;2;255;218;76mK[38;2;255;218;76mK[38;2;255;217;75mK[38;2;255;220;76mK[38;2;255;219;78mK[38;2;255;223;79mX[38;2;243;205;70m0[38;2;220;176;67mk[38;2;226;187;67mO[38;2;255;233;81mX[38;2;255;237;87mX[38;2;214;193;86mO[38;2;44;32;12m.[38;2;8;27;30m [38;2;10;41;48m.[38;2;17;43;49m.[38;2;18;42;43m.[38;2;6;25;22m [38;2;21;48;48m.[38;2;35;57;65m.[38;2;38;71;75m.[38;2;30;68;76m.[38;2;13;43;50m.[38;2;6;36;41m [38;2;8;36;41m [0m
[0m[38;2;22;44;50m.[38;2;4;41;51m.[38;2;2;40;48m.[38;2;2;38;49m [38;2;2;25;29m [38;2;55;97;132m;[38;2;50;112;107m;[38;2;0;3;10m [38;2;2;41;47m.[38;2;1;41;46m.[38;2;2;41;44m.[38;2;1;41;45m.[38;2;2;41;45m.[38;2;0;42;45m.[38;2;2;41;44m.[38;2;2;40;47m.[38;2;7;38;46m.[38;2;1;16;26m [38;2;4;46;62m.[38;2;2;45;53m.[38;2;4;40;48m.[38;2;4;34;43m [38;2;2;31;33m [38;2;5;24;31m [38;2;3;21;22m [38;2;2;19;24m [38;2;2;15;23m [38;2;5;18;24m [38;2;6;20;29m [38;2;0;1;4m [38;2;70;84;89m,[38;2;122;131;134ml[38;2;116;123;126mc[38;2;120;124;126ml[38;2;117;115;114mc[38;2;142;116;64mc[38;2;141;117;49mc[38;2;118;85;45m;[38;2;89;80;65m,[38;2;34;38;36m.[38;2;95;92;91m;[38;2;142;110;89mc[38;2;122;93;74m:[38;2;48;33;33m.[38;2;6;13;29m [38;2;159;177;206mk[38;2;17;27;42m [38;2;54;63;57m.[38;2;171;127;45ml[38;2;170;113;32mc[38;2;89;52;22m.[38;2;207;164;57mx[38;2;255;230;85mX[38;2;255;213;71mK[38;2;255;216;75mK[38;2;255;214;75mK[38;2;255;218;75mK[38;2;255;218;77mK[38;2;255;219;78mK[38;2;255;220;78mK[38;2;255;219;78mK[38;2;255;218;74mK[38;2;255;220;77mK[38;2;235;188;64mO[38;2;228;182;73mO[38;2;219;176;60mk[38;2;255;242;85mN[38;2;230;218;82mK[38;2;120;104;53m:[38;2;25;36;38m.[38;2;10;37;45m.[38;2;13;21;24m [38;2;11;23;23m [38;2;20;38;37m.[38;2;9;30;40m [38;2;10;41;48m.[38;2;10;42;50m.[38;2;9;42;51m.[38;2;12;41;54m.[38;2;9;34;44m [0m
[0m[38;2;16;43;53m.[38;2;4;41;49m.[38;2;2;38;50m [38;2;1;38;47m [38;2;2;20;31m [38;2;54;98;136m;[38;2;56;119;103m;[38;2;0;11;16m [38;2;2;38;50m [38;2;2;42;50m.[38;2;3;42;50m.[38;2;2;43;49m.[38;2;5;39;41m [38;2;0;34;38m [38;2;2;32;33m [38;2;2;25;29m [38;2;2;23;28m [38;2;4;9;12m [38;2;2;17;15m [38;2;0;12;13m [38;2;1;9;13m [38;2;4;16;17m [38;2;1;5;3m [38;2;0;5;1m [38;2;0;5;2m [38;2;0;3;4m [38;2;0;5;7m [38;2;16;51;71m.[38;2;12;49;66m.[38;2;0;8;9m [38;2;72;95;107m;[38;2;101;128;141mc[38;2;96;129;127mc[38;2;96;123;122mc[38;2;107;135;140ml[38;2;36;67;79m.[38;2;45;71;93m'[38;2;49;68;111m'[38;2;49;57;86m.[38;2;31;41;81m.[38;2;18;54;184m.[38;2;82;156;234mo[38;2;98;186;253mx[38;2;90;175;229md[38;2;20;96;183m,[38;2;110;152;212md[38;2;3;6;23m [38;2;167;160;113mx[38;2;159;93;18m:[38;2;155;108;36mc[38;2;59;38;21m.[38;2;160;126;50ml[38;2;255;238;97mN[38;2;255;214;75mK[38;2;255;215;74mK[38;2;255;214;75mK[38;2;255;215;73mK[38;2;255;216;76mK[38;2;255;217;77mK[38;2;255;216;76mK[38;2;255;220;76mK[38;2;255;217;74mK[38;2;255;216;73mK[38;2;255;215;70mK[38;2;255;222;80mX[38;2;221;175;67mk[38;2;216;172;64mk[38;2;229;187;66mO[38;2;255;237;95mX[38;2;227;201;85m0[38;2;131;127;63mc[38;2;37;28;22m.[38;2;1;10;20m [38;2;10;22;23m [38;2;6;25;25m [38;2;8;31;33m [38;2;14;36;45m.[38;2;12;36;43m.[38;2;13;34;46m.[38;2;6;24;38m [0m
[0m[38;2;21;45;55m.[38;2;6;41;50m.[38;2;1;33;45m [38;2;2;38;50m [38;2;2;20;31m [38;2;46;85;128m,[38;2;54;127;114m:[38;2;0;11;11m [38;2;1;21;30m [38;2;2;18;22m [38;2;2;14;18m [38;2;1;11;9m [38;2;0;7;3m [38;2;0;5;0m [38;2;0;5;0m [38;2;0;4;0m [38;2;4;19;31m [38;2;5;26;36m [38;2;13;33;48m [38;2;7;36;50m.[38;2;7;42;57m.[38;2;8;55;61m.[38;2;1;10;17m [38;2;0;6;12m [38;2;0;4;15m [38;2;2;7;18m [38;2;0;9;22m [38;2;7;48;79m.[38;2;6;42;65m.[38;2;4;32;45m [38;2;5;23;35m [38;2;10;31;47m [38;2;4;19;27m [38;2;1;1;3m [38;2;13;22;41m [38;2;168;206;211m0[38;2;36;32;20m.[38;2;144;109;52mc[38;2;208;172;93mk[38;2;217;180;134mO[38;2;204;200;188m0[38;2;215;238;227mN[38;2;163;239;254mX[38;2;168;247;255mX[38;2;50;200;255mx[38;2;59;137;251ml[38;2;68;103;172m:[38;2;56;57;47m.[38;2;191;132;42mo[38;2;180;126;49mo[38;2;51;34;19m.[38;2;219;201;94m0[38;2;255;222;79mX[38;2;255;213;73mK[38;2;255;214;74mK[38;2;255;212;71mK[38;2;255;213;73mK[38;2;255;214;70mK[38;2;255;214;74mK[38;2;255;214;75mK[38;2;255;214;70mK[38;2;255;214;72mK[38;2;255;213;66mK[38;2;255;213;70mK[38;2;255;214;72mK[38;2;255;215;72mK[38;2;255;220;78mK[38;2;230;177;58mk[38;2;254;212;72mK[38;2;255;214;73mK[38;2;255;226;83mX[38;2;234;219;83mK[38;2;117;102;46m:[38;2;5;24;36m [38;2;8;22;29m [38;2;1;10;10m [38;2;11;24;26m [38;2;11;32;34m [38;2;19;36;42m.[38;2;21;32;33m.[0m
[0m[38;2;11;30;29m [38;2;7;25;27m [38;2;8;22;19m [38;2;3;11;25m [38;2;11;31;50m [38;2;43;77;122m'[38;2;70;136;139mc[38;2;1;9;3m [38;2;0;7;5m [38;2;11;21;19m [38;2;5;14;20m [38;2;8;23;24m [38;2;0;7;3m [38;2;0;2;0m [38;2;0;9;3m [38;2;1;5;1m [38;2;9;17;31m [38;2;15;43;52m.[38;2;10;45;65m.[38;2;10;41;68m.[38;2;9;43;73m.[38;2;13;51;77m.[38;2;0;19;38m [38;2;0;10;53m [38;2;0;12;70m [38;2;0;14;77m [38;2;1;12;78m [38;2;9;40;96m.[38;2;13;38;76m.[38;2;9;34;57m.[38;2;14;37;53m.[38;2;11;32;43m [38;2;31;50;61m.[38;2;47;82;80m'[38;2;18;30;71m.[38;2;172;220;249mK[38;2;72;65;52m'[38;2;179;130;75mo[38;2;144;100;50m:[38;2;224;192;119m0[38;2;255;249;174mW[38;2;252;226;148mX[38;2;254;230;208mN[38;2;216;200;223mK[38;2;144;191;216mO[38;2;93;108;141m:[38;2;159;160;158mx[38;2;81;47;20m.[38;2;159;112;51mc[38;2;159;116;48mc[38;2;216;202;92m0[38;2;254;219;75mK[38;2;255;212;76mK[38;2;255;214;75mK[38;2;255;212;73mK[38;2;255;213;78mK[38;2;255;214;75mK[38;2;255;215;69mK[38;2;255;215;75mK[38;2;255;214;76mK[38;2;255;214;65mK[38;2;255;213;71mK[38;2;255;216;72mK[38;2;255;213;72mK[38;2;255;214;71mK[38;2;255;215;74mK[38;2;255;214;79mK[38;2;255;213;77mK[38;2;255;213;78mK[38;2;255;214;76mK[38;2;255;213;85mK[38;2;255;217;78mK[38;2;255;242;86mN[38;2;137;128;93ml[38;2;37;31;25m.[38;2;14;30;38m [38;2;5;6;6m [38;2;5;8;7m [38;2;3;11;15m [38;2;0;9;3m [0m
