[0m[38;2;36;62;54m.[38;2;27;56;54m.[38;2;20;53;39m.[38;2;0;15;13m [38;2;22;49;38m.[38;2;5;37;43m [38;2;98;176;168md[38;2;24;54;44m.[38;2;3;6;6m [38;2;2;17;2m [38;2;3;19;10m [38;2;6;28;17m [38;2;10;23;16m [38;2;6;11;11m [38;2;130;172;199mx[38;2;116;131;134ml[38;2;2;10;7m [38;2;28;49;51m.[38;2;26;59;74m.[38;2;13;56;63m.[38;2;21;52;60m.[38;2;19;51;62m.[38;2;17;54;51m.[38;2;25;56;55m.[38;2;17;53;54m.[38;2;12;38;42m.[38;2;101;197;177mx[38;2;20;45;45m.[38;2;51;86;78m'[38;2;61;118;118m:[38;2;58;108;112m;[38;2;40;71;82m.[38;2;34;56;80m.[38;2;30;55;83m.[38;2;13;50;49m.[38;2;83;144;135ml[38;2;43;74;74m'[38;2;118;186;180mx[38;2;73;146;142ml[38;2;18;49;57m.[38;2;5;30;58m [38;2;35;62;120m.[38;2;156;178;188mk[38;2;14;38;36m.[38;2;5;29;32m [38;2;20;38;100m.[38;2;217;246;255mW[38;2;48;114;119m;[38;2;85;134;153mc[38;2;53;94;109m,[38;2;16;37;50m.[38;2;18;45;43m.[38;2;5;36;39m [38;2;17;52;55m.[38;2;15;52;63m.[38;2;13;50;60m.[38;2;12;58;64m.[38;2;1;18;25m [38;2;79;119;143m:[38;2;11;42;40m.[38;2;10;32;39m [38;2;16;41;33m.[38;2;17;30;28m [38;2;21;50;40m.[38;2;13;44;41m.[38;2;21;52;60m.[38;2;10;43;38m.[38;2;29;58;57m.[38;2;22;54;58m.[38;2;19;61;62m.[38;2;13;40;38m.[38;2;37;51;51m.[38;2;26;49;40m.[38;2;0;12;4m [38;2;19;29;21m [38;2;15;44;37m.[38;2;29;47;32m.[38;2;16;37;29m.[38;2;27;48;27m.[38;2;19;44;34m.[0m
[0m[38;2;33;62;57m.[38;2;21;57;52m.[38;2;20;43;36m.[38;2;1;15;14m [38;2;10;49;47m.[38;2;6;39;36m [38;2;99;181;172md[38;2;13;34;25m [38;2;5;9;7m [38;2;2;10;4m [38;2;0;17;4m [38;2;0;1;0m [38;2;0;3;0m [38;2;19;43;63m.[38;2;212;234;245mN[38;2;18;18;21m [38;2;2;17;11m [38;2;7;19;13m [38;2;5;22;20m [38;2;10;25;27m [38;2;9;33;39m [38;2;12;38;42m.[38;2;21;48;46m.[38;2;18;47;52m.[38;2;20;54;52m.[38;2;14;51;50m.[38;2;54;99;93m,[38;2;29;44;46m.[38;2;20;50;62m.[38;2;15;53;61m.[38;2;10;53;64m.[38;2;26;67;73m.[38;2;22;61;73m.[38;2;27;65;76m.[38;2;26;62;78m.[38;2;57;114;110m;[38;2;39;68;68m.[38;2;104;172;160md[38;2;109;181;190mx[38;2;22;66;76m.[38;2;2;21;27m [38;2;41;68;128m'[38;2;145;161;163md[38;2;10;41;39m.[38;2;3;34;39m [38;2;16;42;108m.[38;2;214;251;255mW[38;2;4;16;41m [38;2;92;167;189md[38;2;92;210;226mk[38;2;55;111;130m;[38;2;65;110;113m;[38;2;9;39;52m.[38;2;49;94;94m,[38;2;18;49;55m.[38;2;7;30;40m [38;2;10;43;49m.[38;2;4;20;27m [38;2;105;159;206md[38;2;12;45;48m.[38;2;13;33;51m.[38;2;14;41;48m.[38;2;69;91;91m,[38;2;66;75;74m'[38;2;72;85;85m,[38;2;68;85;86m,[38;2;59;85;82m,[38;2;43;72;82m'[38;2;35;62;68m.[38;2;21;53;60m.[38;2;9;29;32m [38;2;21;54;59m.[38;2;15;42;32m.[38;2;0;5;4m [38;2;21;36;41m.[38;2;17;40;43m.[38;2;18;43;45m.[38;2;13;38;30m.[38;2;26;55;46m.[38;2;16;45;39m.[0m
[0m[38;2;34;60;60m.[38;2;25;55;59m.[38;2;23;42;40m.[38;2;4;14;20m [38;2;24;51;52m.[38;2;5;37;38m [38;2;103;171;160md[38;2;6;29;30m [38;2;11;28;31m [38;2;12;31;38m [38;2;9;34;37m [38;2;13;29;34m [38;2;0;3;4m [38;2;154;184;205mk[38;2;106;118;130mc[38;2;9;30;41m [38;2;12;39;41m.[38;2;0;2;0m [38;2;0;6;0m [38;2;0;4;0m [38;2;0;7;5m [38;2;0;5;0m [38;2;0;9;4m [38;2;4;10;18m [38;2;7;18;15m [38;2;14;27;25m [38;2;18;40;37m.[38;2;11;20;22m [38;2;20;46;51m.[38;2;19;60;67m.[38;2;17;58;76m.[38;2;14;57;75m.[38;2;23;56;67m.[38;2;15;54;75m.[38;2;6;44;66m.[38;2;81;146;147ml[38;2;49;75;75m'[38;2;38;62;56m.[38;2;62;102;125m;[38;2;52;94;118m,[38;2;18;32;32m [38;2;57;81;142m,[38;2;128;137;143mo[38;2;12;41;52m.[38;2;1;22;34m [38;2;13;44;106m.[38;2;229;255;255mW[38;2;0;15;56m [38;2;19;63;87m.[38;2;95;202;216mk[38;2;47;91;111m,[38;2;90;164;178mo[38;2;5;49;64m.[38;2;53;114;130m;[38;2;112;196;209mk[38;2;38;66;66m.[38;2;25;50;54m.[38;2;37;66;75m.[38;2;145;178;215mk[38;2;7;40;37m.[38;2;8;30;45m [38;2;18;41;43m.[38;2;67;90;102m,[38;2;69;93;103m,[38;2;76;95;102m;[38;2;75;94;90m;[38;2;83;96;95m;[38;2;58;79;84m'[38;2;95;113;118m:[38;2;82;107;118m:[38;2;4;32;29m [38;2;12;30;32m [38;2;5;22;23m [38;2;10;44;49m.[38;2;29;56;67m.[38;2;14;40;38m.[38;2;35;47;47m.[38;2;17;35;32m.[38;2;18;50;52m.[38;2;15;50;42m.[0m
[0m[38;2;37;64;67m.[38;2;26;55;68m.[38;2;23;45;40m.[38;2;7;19;24m [38;2;29;53;58m.[38;2;6;39;42m.[38;2;98;170;181md[38;2;17;45;55m.[38;2;5;9;7m [38;2;14;42;49m.[38;2;4;21;31m [38;2;20;38;41m.[38;2;81;102;133m:[38;2;210;221;235mX[38;2;3;19;35m [38;2;20;53;78m.[38;2;6;35;50m [38;2;20;45;61m.[38;2;18;46;59m.[38;2;18;31;32m [38;2;9;22;21m [38;2;51;56;53m.[38;2;43;55;53m.[38;2;50;53;53m.[38;2;51;53;51m.[38;2;51;54;51m.[38;2;49;50;54m.[38;2;42;49;53m.[38;2;32;37;43m.[38;2;37;55;59m.[38;2;25;45;45m.[38;2;8;23;23m [38;2;17;34;38m.[38;2;12;35;44m.[38;2;17;46;60m.[38;2;28;70;69m.[38;2;37;53;57m.[38;2;28;59;61m.[38;2;36;57;80m.[38;2;31;55;74m.[38;2;0;20;36m [38;2;85;117;174mc[38;2;117;136;143ml[38;2;46;84;95m'[38;2;64;103;104m;[38;2;13;29;75m.[38;2;249;255;255mM[38;2;3;25;56m [38;2;3;40;77m.[38;2;53;113;143m:[38;2;62;103;119m;[38;2;36;81;103m'[38;2;49;109;132m;[38;2;1;42;56m.[38;2;93;175;183md[38;2;31;75;82m.[38;2;9;45;62m.[38;2;75;139;175ml[38;2;107;131;153ml[38;2;53;41;46m.[38;2;32;18;24m [38;2;19;33;38m.[38;2;9;28;58m [38;2;7;28;55m [38;2;12;36;64m.[38;2;13;29;53m [38;2;12;35;53m.[38;2;11;37;49m.[38;2;3;25;44m [38;2;109;124;151ml[38;2;22;39;60m.[38;2;6;21;24m [38;2;24;51;51m.[38;2;25;61;65m.[38;2;18;47;48m.[38;2;2;6;5m [38;2;53;71;68m'[38;2;46;66;61m.[38;2;26;48;50m.[38;2;19;45;45m.[0m
[0m[38;2;28;58;67m.[38;2;30;54;67m.[38;2;15;45;38m.[38;2;7;19;27m [38;2;35;51;57m.[38;2;6;34;54m [38;2;98;178;195md[38;2;23;52;59m.[38;2;27;50;58m.[38;2;1;23;31m [38;2;11;31;42m [38;2;23;47;89m.[38;2;219;240;252mN[38;2;55;67;80m'[38;2;5;48;61m.[38;2;11;56;76m.[38;2;4;31;42m [38;2;26;55;85m.[38;2;18;56;78m.[38;2;7;22;23m [38;2;70;94;92m,[38;2;184;209;203m0[38;2;169;196;195mO[38;2;170;192;190mO[38;2;161;189;186mO[38;2;169;189;189mO[38;2;150;164;169mx[38;2;154;163;169mx[38;2;121;135;137ml[38;2;130;165;170md[38;2;108;142;146ml[38;2;125;132;154ml[38;2;72;90;103m,[38;2;95;100;102m:[38;2;26;28;32m [38;2;1;6;7m [38;2;1;11;5m [38;2;8;26;23m [38;2;18;33;40m.[38;2;23;36;42m.[38;2;2;10;44m [38;2;142;166;218mx[38;2;76;98;124m;[38;2;17;46;66m.[38;2;91;142;135ml[38;2;11;21;75m [38;2;250;255;255mM[38;2;9;38;61m.[38;2;33;75;121m'[38;2;30;74;97m.[38;2;65;106;127m;[38;2;13;32;53m [38;2;62;130;149mc[38;2;4;30;51m [38;2;64;89;97m,[38;2;108;114;92m:[38;2;132;129;105ml[38;2;178;166;115mx[38;2;214;207;106m0[38;2;255;230;131mN[38;2;236;211;99mK[38;2;212;204;107m0[38;2;204;203;107m0[38;2;204;203;106m0[38;2;204;204;94mO[38;2;204;204;103m0[38;2;204;204;90mO[38;2;204;185;94mO[38;2;144;137;82ml[38;2;186;154;82md[38;2;192;178;100mk[38;2;145;138;88mo[38;2;80;76;44m'[38;2;70;60;57m.[38;2;21;35;39m.[38;2;40;63;55m.[38;2;29;62;53m.[38;2;29;50;50m.[38;2;32;52;51m.[38;2;14;45;47m.[0m
[0m[38;2;30;62;60m.[38;2;22;53;73m.[38;2;18;34;37m.[38;2;16;21;34m [38;2;17;53;60m.[38;2;5;35;54m [38;2;104;183;202mx[38;2;7;26;32m [38;2;45;86;83m'[38;2;38;81;101m'[38;2;24;36;54m.[38;2;133;173;213mx[38;2;123;140;163mo[38;2;25;52;50m.[38;2;27;61;74m.[38;2;36;74;92m'[38;2;3;24;32m [38;2;30;65;83m.[38;2;13;56;69m.[38;2;9;32;51m [38;2;5;15;21m [38;2;31;47;42m.[38;2;20;35;39m.[38;2;14;27;21m [38;2;13;31;22m [38;2;17;27;27m [38;2;12;21;19m [38;2;22;45;49m.[38;2;20;38;45m.[38;2;5;16;16m [38;2;15;40;48m.[38;2;28;49;84m.[38;2;32;52;75m.[38;2;105;112;126mc[38;2;186;205;219m0[38;2;102;109;116m:[38;2;3;7;10m [38;2;9;16;19m [38;2;1;14;15m [38;2;0;2;0m [38;2;2;9;36m [38;2;173;196;246m0[38;2;16;24;33m [38;2;7;14;15m [38;2;25;37;41m.[38;2;23;38;89m.[38;2;255;255;255mM[38;2;2;14;24m [38;2;19;43;75m.[38;2;15;55;83m.[38;2;56;108;131m;[38;2;6;18;41m [38;2;89;106;96m:[38;2;186;162;103mx[38;2;235;201;109m0[38;2;240;209;111mK[38;2;232;204;92m0[38;2;225;188;74mO[38;2;146;111;50mc[38;2;232;173;62mk[38;2;245;193;75m0[38;2;243;210;100mK[38;2;241;223;118mX[38;2;237;211;99mK[38;2;254;241;112mN[38;2;255;254;115mW[38;2;255;254;114mW[38;2;255;254;106mN[38;2;255;254;108mW[38;2;255;253;113mW[38;2;255;253;108mN[38;2;255;252;102mN[38;2;255;251;106mN[38;2;247;235;130mN[38;2;171;147;61mo[38;2;131;111;64mc[38;2;26;30;33m.[38;2;17;51;53m.[38;2;21;48;48m.[38;2;21;43;43m.[0m
[0m[38;2;33;62;60m.[38;2;22;53;65m.[38;2;8;28;31m [38;2;14;22;32m [38;2;17;51;68m.[38;2;4;38;55m.[38;2;100;178;203mx[38;2;0;14;16m [38;2;17;52;70m.[38;2;11;44;56m.[38;2;29;56;121m.[38;2;196;211;227mK[38;2;4;15;32m [38;2;65;133;148mc[38;2;72;147;154ml[38;2;93;154;181mo[38;2;16;39;52m.[38;2;62;108;120m;[38;2;35;75;88m'[38;2;32;68;96m.[38;2;42;77;77m'[38;2;41;64;77m.[38;2;29;54;58m.[38;2;29;50;59m.[38;2;22;36;37m.[38;2;18;31;31m [38;2;2;5;6m [38;2;18;55;58m.[38;2;25;51;76m.[38;2;6;32;46m [38;2;18;41;56m.[38;2;17;50;76m.[38;2;33;57;92m.[38;2;0;0;0m [38;2;26;52;78m.[38;2;213;232;249mN[38;2;59;79;106m,[38;2;31;60;91m.[38;2;11;26;45m [38;2;7;25;30m [38;2;11;30;99m.[38;2;186;225;255mX[38;2;0;6;5m [38;2;30;62;60m.[38;2;3;12;32m [38;2;24;50;122m.[38;2;250;255;255mM[38;2;0;0;0m [38;2;0;1;1m [38;2;2;9;12m [38;2;78;79;51m,[38;2;153;134;63ml[38;2;249;217;122mX[38;2;219;158;43mx[38;2;170;102;24mc[38;2;188;135;45mo[38;2;190;132;50mo[38;2;196;138;45mo[38;2;166;122;40ml[38;2;143;99;34m:[38;2;182;128;43mo[38;2;187;124;38ml[38;2;164;105;33mc[38;2;193;101;17mc[38;2;254;237;104mN[38;2;255;251;112mN[38;2;255;252;114mN[38;2;255;253;110mN[38;2;255;254;116mW[38;2;255;253;121mW[38;2;255;252;104mN[38;2;255;251;96mN[38;2;255;251;97mN[38;2;255;251;97mN[38;2;255;252;102mN[38;2;255;254;102mN[38;2;193;174;83mk[38;2;77;64;41m'[38;2;7;32;40m [38;2;22;47;49m.[0m
[0m[38;2;37;61;63m.[38;2;26;52;68m.[38;2;10;31;32m [38;2;13;31;34m [38;2;16;51;58m.[38;2;2;32;53m [38;2;109;195;204mk[38;2;0;12;10m [38;2;13;55;68m.[38;2;6;31;40m [38;2;115;157;220md[38;2;89;99;116m;[38;2;5;40;53m.[38;2;22;59;59m.[38;2;92;181;181md[38;2;106;176;209mx[38;2;8;33;41m [38;2;73;134;145mc[38;2;7;45;62m.[38;2;20;57;84m.[38;2;20;56;74m.[38;2;8;45;66m.[38;2;20;54;66m.[38;2;83;158;182mo[38;2;83;143;174ml[38;2;83;162;170mo[38;2;30;51;52m.[38;2;69;118;109m:[38;2;32;64;68m.[38;2;45;87;100m,[38;2;26;64;69m.[38;2;23;59;73m.[38;2;28;65;96m.[38;2;18;37;37m.[38;2;7;18;32m [38;2;153;183;250mO[38;2;124;133;157ml[38;2;11;54;90m.[38;2;9;27;46m [38;2;6;26;37m [38;2;41;86;169m,[38;2;203;246;254mN[38;2;0;12;13m [38;2;23;77;87m.[38;2;4;23;32m [38;2;12;33;88m.[38;2;238;251;255mW[38;2;18;20;25m [38;2;107;115;117mc[38;2;112;110;115mc[38;2;204;186;121mO[38;2;171;134;61mo[38;2;155;116;49mc[38;2;120;107;81m:[38;2;80;63;40m'[38;2;104;102;66m:[38;2;148;126;78ml[38;2;126;96;49m:[38;2;166;129;53ml[38;2;147;108;32mc[38;2;137;96;39m:[38;2;155;110;39mc[38;2;115;82;32m,[38;2;99;57;16m'[38;2;255;255;130mW[38;2;255;253;108mN[38;2;255;251;118mN[38;2;255;250;103mN[38;2;255;251;97mN[38;2;255;252;104mN[38;2;255;251;100mN[38;2;255;250;97mN[38;2;255;250;94mN[38;2;255;250;98mN[38;2;255;251;103mN[38;2;255;251;93mN[38;2;255;253;95mN[38;2;254;240;105mN[38;2;166;143;67mo[38;2;59;51;29m.[0m
[0m[38;2;36;58;55m.[38;2;27;55;70m.[38;2;14;33;28m [38;2;11;28;42m [38;2;26;53;60m.[38;2;2;34;45m [38;2;110;194;195mk[38;2;0;10;9m [38;2;15;53;63m.[38;2;23;38;67m.[38;2;170;203;244m0[38;2;8;27;34m [38;2;10;55;60m.[38;2;6;36;48m [38;2;68;134;148mc[38;2;97;176;184md[38;2;7;24;30m [38;2;119;206;200mk[38;2;6;40;55m.[38;2;12;55;82m.[38;2;15;62;81m.[38;2;14;56;74m.[38;2;20;35;67m.[38;2;55;118;139m:[38;2;94;173;199md[38;2;95;191;177mx[38;2;27;49;47m.[38;2;98;169;145mo[38;2;27;64;75m.[38;2;68;121;140m:[38;2;27;69;79m.[38;2;8;40;65m.[38;2;19;63;78m.[38;2;24;73;78m.[38;2;8;35;49m [38;2;153;182;224mk[38;2;139;152;161md[38;2;23;78;94m.[38;2;30;72;88m.[38;2;8;33;55m [38;2;83;129;233ml[38;2;173;191;204mO[38;2;17;31;43m [38;2;29;61;82m.[38;2;4;21;34m [38;2;9;31;78m.[38;2;211;238;253mN[38;2;14;18;16m [38;2;101;114;120mc[38;2;102;123;125mc[38;2;87;114;117m:[38;2;90;100;94m;[38;2;81;93;75m;[38;2;137;137;128mo[38;2;34;42;38m.[38;2;27;41;49m.[38;2;105;129;145ml[38;2;36;48;85m.[38;2;129;145;153mo[38;2;125;115;67mc[38;2;168;129;50ml[38;2;25;25;15m [38;2;58;47;26m.[38;2;70;54;43m.[38;2;255;255;124mW[38;2;255;252;98mN[38;2;255;250;100mN[38;2;255;250;90mN[38;2;255;250;94mN[38;2;255;251;99mN[38;2;255;251;96mN[38;2;255;252;92mN[38;2;255;251;90mN[38;2;255;251;93mN[38;2;255;250;96mN[38;2;255;251;95mN[38;2;255;250;92mN[38;2;255;251;96mN[38;2;255;251;90mN[38;2;241;228;79mX[0m
[0m[38;2;34;53;50m.[38;2;18;48;60m.[38;2;11;31;25m [38;2;10;28;38m [38;2;22;51;70m.[38;2;7;37;49m.[38;2;102;180;192mx[38;2;3;15;22m [38;2;7;46;51m.[38;2;36;67;122m'[38;2;187;237;253mX[38;2;3;24;26m [38;2;11;57;63m.[38;2;11;51;64m.[38;2;19;60;68m.[38;2;105;189;182mx[38;2;15;38;40m.[38;2;106;209;198mk[38;2;43;104;106m,[38;2;11;50;68m.[38;2;16;59;66m.[38;2;13;55;77m.[38;2;16;50;77m.[38;2;30;64;101m.[38;2;103;194;185mx[38;2;92;182;178md[38;2;9;25;26m [38;2;103;173;162md[38;2;87;165;156mo[38;2;16;38;50m.[38;2;67;117;125m:[38;2;17;53;65m.[38;2;14;57;73m.[38;2;11;68;77m.[38;2;4;28;47m [38;2;162;170;223mk[38;2;133;175;171mx[38;2;77;149;159ml[38;2;5;48;59m.[38;2;12;47;92m.[38;2;156;210;254m0[38;2;135;142;147mo[38;2;67;114;133m:[38;2;104;169;178md[38;2;1;4;8m [38;2;11;33;84m.[38;2;217;245;253mN[38;2;10;21;20m [38;2;16;43;51m.[38;2;14;45;47m.[38;2;37;30;34m.[38;2;237;205;77m0[38;2;193;139;40mo[38;2;221;169;66mk[38;2;233;201;107m0[38;2;145;124;61ml[38;2;84;73;45m'[38;2;119;94;47m;[38;2;93;67;63m'[38;2;130;104;134mc[38;2;121;92;44m;[38;2;109;88;46m;[38;2;167;141;81mo[38;2;235;229;117mX[38;2;255;253;93mN[38;2;255;251;96mN[38;2;255;252;96mN[38;2;255;252;95mN[38;2;255;252;96mN[38;2;255;251;95mN[38;2;255;251;96mN[38;2;255;251;95mN[38;2;255;251;93mN[38;2;255;250;87mN[38;2;255;250;89mN[38;2;255;252;87mN[38;2;255;251;89mN[38;2;255;250;95mN[38;2;255;250;93mN[38;2;255;250;91mN[0m
[0m[38;2;52;87;80m,[38;2;39;79;85m'[38;2;49;90;98m,[38;2;15;26;37m [38;2;25;57;60m.[38;2;8;36;57m.[38;2;100;175;172md[38;2;9;23;23m [38;2;35;67;64m.[38;2;32;62;126m.[38;2;183;211;236mK[38;2;26;52;53m.[38;2;37;77;81m'[38;2;35;73;82m.[38;2;31;69;76m.[38;2;75;132;140mc[38;2;48;75;81m'[38;2;74;130;135mc[38;2;96;182;185mx[38;2;33;68;91m.[38;2;25;70;76m.[38;2;28;65;88m.[38;2;23;55;86m.[38;2;7;27;80m [38;2;86;159;145mo[38;2;101;188;180mx[38;2;3;13;9m [38;2;110;184;168mx[38;2;92;174;168md[38;2;81;149;156ml[38;2;16;44;63m.[38;2;54;101;115m;[38;2;9;60;72m.[38;2;14;61;73m.[38;2;23;48;84m.[38;2;145;167;219mx[38;2;113;167;176md[38;2;101;181;185mx[38;2;44;106;123m;[38;2;35;72;147m'[38;2;250;255;255mM[38;2;53;74;101m'[38;2;16;43;67m.[38;2;106;177;189mx[38;2;0;14;14m [38;2;10;27;65m [38;2;202;227;247mX[38;2;7;28;27m [38;2;18;63;79m.[38;2;17;57;77m.[38;2;11;28;41m [38;2;73;89;92m,[38;2;77;56;33m.[38;2;201;160;64mx[38;2;165;100;33mc[38;2;245;188;68m0[38;2;235;199;92m0[38;2;243;199;79m0[38;2;242;194;79m0[38;2;234;194;95m0[38;2;255;240;106mN[38;2;255;254;113mW[38;2;255;255;105mW[38;2;255;254;100mN[38;2;255;254;104mN[38;2;255;253;109mN[38;2;255;253;101mN[38;2;255;252;98mN[38;2;255;253;99mN[38;2;255;252;97mN[38;2;255;250;94mN[38;2;255;250;93mN[38;2;255;251;94mN[38;2;255;251;90mN[38;2;255;253;93mN[38;2;255;252;92mN[38;2;255;251;91mN[38;2;255;250;95mN[38;2;255;252;98mN[38;2;255;250;97mN[0m
[0m[38;2;32;61;70m.[38;2;16;56;66m.[38;2;27;55;56m.[38;2;9;34;37m [38;2;28;54;68m.[38;2;7;33;52m [38;2;93;173;162md[38;2;1;13;24m [38;2;15;50;57m.[38;2;27;43;98m.[38;2;223;244;254mW[38;2;0;14;16m [38;2;2;39;53m.[38;2;54;112;123m;[38;2;24;60;70m.[38;2;9;50;64m.[38;2;82;144;156ml[38;2;11;23;26m [38;2;42;89;103m,[38;2;48;96;110m,[38;2;42;95;106m,[38;2;47;91;93m,[38;2;46;85;109m,[38;2;46;75;106m'[38;2;46;99;92m,[38;2;54;114;108m;[38;2;58;94;94m,[38;2;43;77;72m'[38;2;58;115;119m;[38;2;59;121;118m:[38;2;54;94;96m,[38;2;32;62;83m.[38;2;41;84;87m'[38;2;35;81;79m'[38;2;34;58;104m.[38;2;134;174;222mx[38;2;91;150;161mo[38;2;84;159;183mo[38;2;69;145;146ml[38;2;117;136;184mo[38;2;229;246;252mW[38;2;1;18;37m [38;2;12;54;69m.[38;2;40;80;106m'[38;2;6;20;34m [38;2;9;33;57m [38;2;190;212;230mK[38;2;6;27;33m [38;2;16;62;77m.[38;2;25;58;81m.[38;2;10;22;29m [38;2;109;188;192mx[38;2;19;55;69m.[38;2;7;31;42m [38;2;80;90;91m;[38;2;114;122;85mc[38;2;130;104;42m:[38;2;203;145;47md[38;2;242;161;35mk[38;2;143;73;11m,[38;2;236;190;77mO[38;2;241;192;63m0[38;2;247;214;76mK[38;2;253;233;86mX[38;2;255;254;101mN[38;2;255;252;96mN[38;2;255;252;102mN[38;2;255;250;94mN[38;2;255;251;97mN[38;2;255;250;101mN[38;2;255;250;96mN[38;2;255;250;90mN[38;2;255;250;93mN[38;2;255;250;91mN[38;2;255;253;96mN[38;2;255;252;95mN[38;2;255;252;96mN[38;2;255;253;103mN[38;2;235;211;100mK[38;2;151;143;89mo[0m
[0m[38;2;31;60;63m.[38;2;13;57;73m.[38;2;26;57;57m.[38;2;9;35;36m [38;2;29;51;80m.[38;2;6;33;42m [38;2;99;181;180md[38;2;14;35;52m.[38;2;26;53;63m.[38;2;9;15;44m [38;2;200;224;249mX[38;2;46;62;72m.[38;2;9;40;60m.[38;2;25;64;71m.[38;2;91;168;165mo[38;2;6;32;47m [38;2;71;135;156mc[38;2;2;16;22m [38;2;21;56;78m.[38;2;22;55;75m.[38;2;18;57;70m.[38;2;20;56;65m.[38;2;15;54;65m.[38;2;24;55;78m.[38;2;19;58;84m.[38;2;15;54;75m.[38;2;50;92;95m,[38;2;30;55;53m.[38;2;15;48;55m.[38;2;18;51;55m.[38;2;9;51;63m.[38;2;22;55;73m.[38;2;28;69;80m.[38;2;25;75;57m.[38;2;45;79;133m'[38;2;152;190;228mO[38;2;23;64;85m.[38;2;28;76;100m'[38;2;18;40;83m.[38;2;195;216;241mK[38;2;48;73;106m'[38;2;21;54;76m.[38;2;33;76;93m'[38;2;52;100;108m,[38;2;27;51;52m.[38;2;7;32;63m [38;2;172;196;223m0[38;2;25;54;62m.[38;2;41;80;98m'[38;2;46;89;101m,[38;2;35;51;56m.[38;2;82;131;132mc[38;2;72;136;139mc[38;2;22;45;54m.[38;2;18;48;60m.[38;2;56;101;101m;[38;2;2;8;16m [38;2;94;107;121m:[38;2;149;124;85ml[38;2;130;96;34m:[38;2;210;150;45md[38;2;224;171;47mk[38;2;223;151;38mx[38;2;217;148;41md[38;2;228;161;48mx[38;2;230;183;61mO[38;2;239;201;82m0[38;2;242;206;71m0[38;2;246;211;83mK[38;2;243;207;84mK[38;2;239;206;77m0[38;2;242;211;79mK[38;2;239;206;78m0[38;2;237;204;76m0[38;2;246;215;84mK[38;2;251;231;87mX[38;2;255;251;91mN[38;2;249;230;100mX[38;2;113;92;80m;[38;2;126;165;175md[0m
[0m[38;2;33;62;62m.[38;2;18;58;77m.[38;2;16;60;58m.[38;2;0;26;20m [38;2;31;58;79m.[38;2;13;39;48m.[38;2;87;163;156mo[38;2;8;36;38m [38;2;14;58;60m.[38;2;6;27;43m [38;2;107;140;192mo[38;2;138;157;164md[38;2;13;31;48m [38;2;13;45;64m.[38;2;44;102;107m,[38;2;67;129;138mc[38;2;74;134;143mc[38;2;8;15;22m [38;2;22;58;74m.[38;2;13;57;69m.[38;2;20;55;68m.[38;2;18;54;64m.[38;2;18;52;61m.[38;2;16;54;66m.[38;2;18;52;68m.[38;2;18;57;77m.[38;2;23;64;94m.[38;2;21;35;54m.[38;2;26;61;83m.[38;2;14;59;82m.[38;2;19;62;76m.[38;2;27;63;85m.[38;2;35;56;82m.[38;2;11;49;72m.[38;2;51;79;171m,[38;2;167;191;249mO[38;2;6;21;45m [38;2;12;41;63m.[38;2;43;69;136m'[38;2;186;198;215m0[38;2;0;4;13m [38;2;13;58;78m.[38;2;14;60;79m.[38;2;23;72;83m.[38;2;39;77;76m'[38;2;7;30;61m [38;2;165;185;204mO[38;2;9;26;38m [38;2;21;57;64m.[38;2;21;66;66m.[38;2;69;107;109m;[38;2;14;28;28m [38;2;32;75;82m.[38;2;38;71;86m.[38;2;39;76;85m'[38;2;48;85;85m'[38;2;44;62;82m.[38;2;212;230;248mN[38;2;43;54;62m.[38;2;50;74;83m'[38;2;30;34;28m.[38;2;136;132;113ml[38;2;88;80;44m,[38;2;114;109;79m:[38;2;115;98;46m;[38;2;147;112;38mc[38;2;187;134;53mo[38;2;213;149;44md[38;2;219;152;44mx[38;2;215;147;43md[38;2;211;148;46md[38;2;223;159;49mx[38;2;202;143;44md[38;2;181;127;43mo[38;2;228;147;42mx[38;2;210;138;39md[38;2;231;166;46mk[38;2;191;132;51mo[38;2;137;151;145md[38;2;142;176;158mx[0m
[0m[38;2;26;57;53m.[38;2;9;53;58m.[38;2;11;56;48m.[38;2;1;16;13m [38;2;13;54;68m.[38;2;64;121;139m:[38;2;64;129;119m:[38;2;0;17;21m [38;2;14;39;40m.[38;2;5;29;35m [38;2;31;47;78m.[38;2;181;208;239mK[38;2;28;45;54m.[38;2;5;35;33m [38;2;2;31;36m [38;2;53;100;96m,[38;2;56;107;100m;[38;2;0;6;14m [38;2;22;38;45m.[38;2;10;40;42m.[38;2;9;41;48m.[38;2;10;43;47m.[38;2;9;39;45m.[38;2;17;42;46m.[38;2;12;36;46m.[38;2;14;40;43m.[38;2;12;36;44m.[38;2;6;20;25m [38;2;10;39;41m.[38;2;12;40;57m.[38;2;15;36;50m.[38;2;16;40;50m.[38;2;15;37;49m.[38;2;7;27;32m [38;2;49;73;153m'[38;2;183;224;255mX[38;2;4;10;12m [38;2;8;21;44m [38;2;146;184;226mk[38;2;90;105;114m:[38;2;0;18;24m [38;2;14;38;53m.[38;2;19;37;51m.[38;2;15;44;63m.[38;2;10;29;30m [38;2;29;48;99m.[38;2;150;163;178mx[38;2;4;17;16m [38;2;13;31;36m [38;2;15;35;37m.[38;2;26;48;43m.[38;2;4;21;13m [38;2;17;38;40m.[38;2;21;37;36m.[38;2;16;32;31m [38;2;10;20;30m [38;2;198;211;233mK[38;2;132;162;180md[38;2;11;19;16m [38;2;16;33;37m [38;2;69;89;122m;[38;2;88;108;115m:[38;2;7;26;30m [38;2;26;49;69m.[38;2;7;16;23m [38;2;0;0;0m [38;2;94;107;118m:[38;2;53;53;40m.[38;2;73;64;28m.[38;2;91;94;60m;[38;2;79;78;53m,[38;2;55;48;27m.[38;2;55;55;43m.[38;2;25;30;28m [38;2;73;66;48m'[38;2;121;97;53m:[38;2;194;149;67md[38;2;42;20;7m [38;2;82;103;90m;[38;2;75;101;94m;[0m
[0m[38;2;25;61;69m.[38;2;13;59;75m.[38;2;9;45;47m.[38;2;2;16;21m [38;2;17;58;81m.[38;2;77;147;169ml[38;2;63;129;138mc[38;2;2;14;18m [38;2;5;11;12m [38;2;7;25;28m [38;2;6;15;24m [38;2;63;99;168m;[38;2;151;176;204mk[38;2;29;34;30m.[38;2;1;3;2m [38;2;0;10;4m [38;2;0;7;2m [38;2;15;31;37m [38;2;11;35;45m [38;2;5;20;15m [38;2;9;21;23m [38;2;6;25;30m [38;2;2;19;20m [38;2;0;11;6m [38;2;0;8;7m [38;2;0;11;10m [38;2;3;13;9m [38;2;11;31;38m [38;2;9;38;42m.[38;2;5;27;27m [38;2;4;19;16m [38;2;9;27;26m [38;2;5;26;25m [38;2;0;0;0m [38;2;45;82;146m,[38;2;214;253;255mW[38;2;0;1;7m [38;2;34;72;151m'[38;2;198;223;237mX[38;2;50;64;71m.[38;2;85;97;94m;[38;2;84;97;102m;[38;2;76;100;104m;[38;2;83;101;102m;[38;2;94;102;104m:[38;2;24;49;94m.[38;2;148;160;166mx[38;2;81;92;83m;[38;2;47;59;58m.[38;2;17;25;27m [38;2;0;4;0m [38;2;10;25;22m [38;2;14;23;29m [38;2;1;15;11m [38;2;0;0;1m [38;2;102;116;134mc[38;2;137;148;164md[38;2;118;148;169mo[38;2;31;38;35m.[38;2;32;39;38m.[38;2;142;152;167md[38;2;63;77;81m'[38;2;56;67;63m.[38;2;35;41;30m.[38;2;0;0;0m [38;2;44;55;72m.[38;2;116;137;145ml[38;2;4;1;0m [38;2;10;27;19m [38;2;31;62;66m.[38;2;31;53;54m.[38;2;10;22;19m [38;2;30;48;50m.[38;2;17;35;40m.[38;2;19;32;37m [38;2;24;51;54m.[38;2;25;43;51m.[38;2;0;4;2m [38;2;0;5;5m [38;2;14;27;24m [0m
[0m[38;2;23;64;72m.[38;2;17;62;84m.[38;2;14;48;46m.[38;2;2;21;23m [38;2;17;50;82m.[38;2;78;157;173mo[38;2;55;122;126m:[38;2;5;18;35m [38;2;3;10;20m [38;2;20;63;73m.[38;2;7;31;41m [38;2;12;32;39m [38;2;65;102;164m;[38;2;150;186;222mk[38;2;69;77;78m'[38;2;0;4;1m [38;2;0;2;1m [38;2;26;69;94m.[38;2;22;65;96m.[38;2;5;25;24m [38;2;23;58;69m.[38;2;5;41;56m.[38;2;0;19;25m [38;2;0;12;4m [38;2;0;11;11m [38;2;0;14;15m [38;2;7;17;16m [38;2;17;68;83m.[38;2;19;68;91m.[38;2;2;30;31m [38;2;12;31;35m [38;2;4;25;31m [38;2;8;46;49m.[38;2;0;0;1m [38;2;58;96;157m;[38;2;201;225;240mX[38;2;16;33;89m.[38;2;144;190;243mO[38;2;70;81;95m,[38;2;90;120;135mc[38;2;139;178;198mk[38;2;134;172;183mx[38;2;129;167;175mx[38;2;134;170;166mx[38;2;138;172;170mx[38;2;24;45;110m.[38;2;147;166;174mx[38;2;104;137;129ml[38;2;78;101;108m;[38;2;94;117;137mc[38;2;65;76;99m,[38;2;115;140;148ml[38;2;38;46;49m.[38;2;4;13;6m [38;2;7;15;31m [38;2;223;232;245mN[38;2;10;15;38m [38;2;135;166;178mx[38;2;97;113;107m:[38;2;65;85;95m,[38;2;155;190;230mO[38;2;60;69;79m'[38;2;48;64;66m.[38;2;60;73;67m'[38;2;100;126;132mc[38;2;133;160;191md[38;2;9;16;13m [38;2;5;5;2m [38;2;18;27;28m [38;2;32;65;66m.[38;2;24;52;54m.[38;2;10;26;22m [38;2;29;57;61m.[38;2;22;63;67m.[38;2;0;2;2m [38;2;36;55;52m.[38;2;28;55;53m.[38;2;0;3;0m [38;2;0;9;4m [38;2;46;53;51m.[0m
[0m[38;2;23;63;78m.[38;2;13;66;80m.[38;2;9;43;49m.[38;2;12;29;30m [38;2;11;50;77m.[38;2;86;169;174mo[38;2;47;113;119m;[38;2;4;16;29m [38;2;5;20;29m [38;2;7;23;34m [38;2;19;56;61m.[38;2;11;42;52m.[38;2;4;5;7m [38;2;43;71;115m'[38;2;138;196;233mO[38;2;130;146;156mo[38;2;43;52;48m.[38;2;13;43;71m.[38;2;8;67;81m.[38;2;9;42;45m.[38;2;16;30;39m [38;2;16;58;75m.[38;2;0;15;21m [38;2;0;11;2m [38;2;3;10;1m [38;2;0;12;2m [38;2;2;14;18m [38;2;13;59;76m.[38;2;17;66;88m.[38;2;17;53;73m.[38;2;8;33;45m [38;2;24;56;73m.[38;2;4;42;53m.[38;2;0;0;1m [38;2;51;103;165m;[38;2;176;195;218m0[38;2;100;127;185ml[38;2;90;110;112m:[38;2;4;32;30m [38;2;17;54;51m.[38;2;9;72;87m.[38;2;2;11;15m [38;2;0;5;5m [38;2;1;6;6m [38;2;2;15;11m [38;2;30;58;82m.[38;2;131;141;151mo[38;2;4;24;32m [38;2;0;5;11m [38;2;0;1;1m [38;2;2;3;8m [38;2;52;63;92m.[38;2;188;204;217m0[38;2;0;1;0m [38;2;82;107;125m:[38;2;156;164;167mx[38;2;20;33;69m.[38;2;122;131;138ml[38;2;9;27;12m [38;2;60;85;126m,[38;2;119;154;170md[38;2;28;55;53m.[38;2;31;56;51m.[38;2;18;28;40m [38;2;69;110;138m:[38;2;117;142;166mo[38;2;2;1;1m [38;2;1;11;6m [38;2;14;25;32m [38;2;23;64;66m.[38;2;29;54;59m.[38;2;11;23;24m [38;2;28;54;65m.[38;2;26;57;60m.[38;2;0;2;4m [38;2;32;53;54m.[38;2;39;71;75m.[38;2;42;56;64m.[38;2;3;11;14m [38;2;25;35;33m.[0m
[0m[38;2;27;62;74m.[38;2;11;67;80m.[38;2;14;52;59m.[38;2;6;21;26m [38;2;9;48;68m.[38;2;90;173;182md[38;2;42;105;108m,[38;2;2;14;16m [38;2;25;56;80m.[38;2;14;48;67m.[38;2;10;59;71m.[38;2;13;41;50m.[38;2;8;16;19m [38;2;2;11;10m [38;2;10;32;43m [38;2;62;102;135m;[38;2;136;180;209mk[38;2;127;159;170md[38;2;81;95;106m;[38;2;21;61;69m.[38;2;10;47;64m.[38;2;22;72;85m.[38;2;19;39;54m.[38;2;24;48;48m.[38;2;25;48;46m.[38;2;23;50;44m.[38;2;0;13;12m [38;2;40;88;96m'[38;2;19;65;70m.[38;2;22;59;67m.[38;2;20;60;77m.[38;2;42;72;103m'[38;2;34;70;96m.[38;2;47;68;113m'[38;2;58;111;181m:[38;2;174;196;208mO[38;2;45;73;67m'[38;2;22;63;50m.[38;2;32;61;58m.[38;2;55;106;99m;[38;2;12;59;74m.[38;2;53;90;92m,[38;2;59;114;105m;[38;2;54;112;102m;[38;2;3;7;7m [38;2;31;51;69m.[38;2;151;174;173mx[38;2;48;102;84m,[38;2;42;77;77m'[38;2;82;139;142ml[38;2;43;84;80m'[38;2;5;14;28m [38;2;185;204;240m0[38;2;1;0;3m [38;2;176;199;222m0[38;2;65;85;94m,[38;2;41;68;97m.[38;2;127;140;160mo[38;2;43;103;99m,[38;2;108;151;197mo[38;2;22;56;50m.[38;2;80;172;144mo[38;2;96;199;179mx[38;2;61;101;130m;[38;2;127;158;176md[38;2;118;140;154mo[38;2;11;13;26m [38;2;0;9;5m [38;2;12;31;36m [38;2;22;65;63m.[38;2;17;53;64m.[38;2;14;25;24m [38;2;34;56;63m.[38;2;36;55;62m.[38;2;0;0;0m [38;2;18;51;50m.[38;2;88;132;136mc[38;2;16;50;59m.[38;2;25;48;55m.[38;2;10;17;15m [0m
[0m[38;2;23;56;67m.[38;2;39;98;110m,[38;2;65;127;129m:[38;2;5;21;26m [38;2;6;51;67m.[38;2;94;177;187md[38;2;48;110;115m;[38;2;13;24;31m [38;2;55;104;109m;[38;2;43;101;109m,[38;2;50;110;113m;[38;2;58;124;123m:[38;2;47;96;109m,[38;2;23;64;71m.[38;2;29;74;83m.[38;2;24;61;67m.[38;2;8;25;28m [38;2;29;77;99m'[38;2;87;112;154m:[38;2;108;139;180mo[38;2;98;139;178ml[38;2;80;123;150mc[38;2;106;131;154ml[38;2;106;142;154ml[38;2;113;157;164mo[38;2;119;163;161md[38;2;106;129;130ml[38;2;118;148;163mo[38;2;121;151;170mo[38;2;117;141;158mo[38;2;125;146;173mo[38;2;123;166;192md[38;2;63;131;187mc[38;2;50;95;126m,[38;2;77;126;189mc[38;2;147;170;183mx[38;2;7;27;24m [38;2;12;70;68m.[38;2;8;46;54m.[38;2;33;85;82m'[38;2;65;136;133mc[38;2;68;141;131mc[38;2;72;157;152ml[38;2;89;182;172md[38;2;0;12;13m [38;2;47;78;97m'[38;2;134;152;152md[38;2;74;120;110m:[38;2;38;66;76m.[38;2;78;148;159ml[38;2;68;118;119m:[38;2;0;12;24m [38;2;174;198;226m0[38;2;18;32;51m.[38;2;195;207;212mK[38;2;0;15;10m [38;2;47;76;113m'[38;2;127;135;146mo[38;2;14;31;72m.[38;2;111;145;177mo[38;2;8;28;16m [38;2;14;55;55m.[38;2;70;130;141mc[38;2;122;160;180md[38;2;8;11;18m [38;2;60;89;110m,[38;2;53;77;104m'[38;2;1;9;4m [38;2;10;33;35m [38;2;19;65;75m.[38;2;15;56;66m.[38;2;12;35;34m [38;2;11;63;66m.[38;2;30;60;67m.[38;2;0;2;1m [38;2;24;68;59m.[38;2;73;122;133m:[38;2;4;30;44m [38;2;26;53;59m.[38;2;16;46;42m.[0m
[0m[38;2;53;84;96m,[38;2;100;204;216mk[38;2;23;58;52m.[38;2;6;23;28m [38;2;10;54;71m.[38;2;101;177;186md[38;2;45;107;115m;[38;2;25;44;50m.[38;2;104;206;204mk[38;2;72;182;183md[38;2;71;175;169mo[38;2;79;175;175md[38;2;82;195;190mx[38;2;18;72;82m.[38;2;9;55;77m.[38;2;12;57;73m.[38;2;0;25;30m [38;2;11;60;71m.[38;2;10;55;69m.[38;2;8;41;58m.[38;2;23;62;82m.[38;2;26;62;104m.[38;2;64;133;167mc[38;2;60;118;156m:[38;2;35;87;126m,[38;2;45;94;139m,[38;2;35;76;95m'[38;2;31;73;114m'[38;2;12;50;77m.[38;2;5;39;67m.[38;2;16;56;71m.[38;2;95;176;191md[38;2;75;172;186mo[38;2;59;117;134m:[38;2;93;143;193mo[38;2;128;142;150mo[38;2;5;27;24m [38;2;16;76;77m.[38;2;12;68;81m.[38;2;13;55;60m.[38;2;7;54;45m.[38;2;42;106;94m,[38;2;59;120;122m:[38;2;69;127;129m:[38;2;0;18;21m [38;2;65;114;154m:[38;2;132;142;139mo[38;2;10;26;18m [38;2;83;127;122mc[38;2;17;43;49m.[38;2;46;85;82m'[38;2;0;4;13m [38;2;142;187;213mk[38;2;112;126;149ml[38;2;120;128;128ml[38;2;4;17;21m [38;2;30;51;69m.[38;2;107;133;138ml[38;2;87;106;124m:[38;2;55;98;115m;[38;2;32;54;50m.[38;2;8;44;54m.[38;2;75;109;130m:[38;2;49;91;110m,[38;2;2;7;17m [38;2;65;95;116m;[38;2;58;81;96m,[38;2;1;11;5m [38;2;9;36;35m [38;2;20;75;84m.[38;2;8;53;62m.[38;2;20;34;31m.[38;2;6;42;51m.[38;2;23;63;76m.[38;2;0;0;0m [38;2;86;159;139mo[38;2;19;60;61m.[38;2;12;53;68m.[38;2;25;44;48m.[38;2;16;57;51m.[0m
[0m[38;2;99;174;177md[38;2;24;89;105m'[38;2;5;23;26m [38;2;6;20;29m [38;2;7;51;73m.[38;2;93;174;189md[38;2;41;114;109m;[38;2;26;42;50m.[38;2;92;197;206mx[38;2;73;174;173mo[38;2;71;170;164mo[38;2;79;167;172mo[38;2;81;178;186md[38;2;82;167;166mo[38;2;19;66;84m.[38;2;7;56;72m.[38;2;0;28;34m [38;2;23;62;75m.[38;2;11;59;75m.[38;2;11;61;71m.[38;2;12;59;77m.[38;2;5;45;56m.[38;2;63;130;133m:[38;2;98;200;180mx[38;2;39;92;92m,[38;2;10;58;61m.[38;2;1;24;44m [38;2;30;65;87m.[38;2;15;62;78m.[38;2;11;62;83m.[38;2;5;61;74m.[38;2;33;83;104m'[38;2;67;152;162ml[38;2;35;85;109m'[38;2;118;164;203md[38;2;128;138;146mo[38;2;4;20;19m [38;2;7;47;55m.[38;2;16;66;66m.[38;2;26;73;76m.[38;2;31;64;74m.[38;2;26;67;70m.[38;2;44;96;93m,[38;2;24;66;61m.[38;2;12;25;24m [38;2;63;115;168m:[38;2;131;142;145mo[38;2;21;42;45m.[38;2;38;59;68m.[38;2;45;65;75m.[38;2;63;114;110m;[38;2;0;10;18m [38;2;59;91;121m,[38;2;174;207;233m0[38;2;32;57;74m.[38;2;12;64;69m.[38;2;13;27;37m [38;2;99;133;143ml[38;2;129;149;165md[38;2;4;21;33m [38;2;18;34;41m.[38;2;17;38;51m.[38;2;121;156;165md[38;2;3;16;25m [38;2;0;2;6m [38;2;120;140;144mo[38;2;22;32;50m.[38;2;0;4;2m [38;2;17;33;41m.[38;2;13;77;87m.[38;2;13;42;56m.[38;2;19;40;45m.[38;2;4;47;53m.[38;2;21;65;86m.[38;2;19;36;28m.[38;2;62;125;126m:[38;2;8;56;82m.[38;2;17;65;75m.[38;2;23;50;60m.[38;2;19;56;62m.[0m
[0m[38;2;40;83;80m'[38;2;6;55;64m.[38;2;0;32;26m [38;2;5;22;25m [38;2;6;43;51m.[38;2;94;178;190md[38;2;41;99;92m,[38;2;26;42;58m.[38;2;91;188;192mx[38;2;67;174;167mo[38;2;70;168;163mo[38;2;79;158;163mo[38;2;78;175;182md[38;2;67;168;172mo[38;2;80;140;159ml[38;2;12;64;74m.[38;2;6;23;30m [38;2;28;60;73m.[38;2;10;58;70m.[38;2;9;53;62m.[38;2;8;54;67m.[38;2;7;49;61m.[38;2;7;28;41m [38;2;52;102;108m;[38;2;79;131;133mc[38;2;27;66;81m.[38;2;25;57;57m.[38;2;14;36;39m.[38;2;22;59;74m.[38;2;18;58;71m.[38;2;26;64;81m.[38;2;27;57;66m.[38;2;29;78;88m'[38;2;12;34;46m [38;2;134;177;213mx[38;2;131;139;140mo[38;2;10;17;21m [38;2;89;158;153mo[38;2;26;71;72m.[38;2;32;86;86m'[38;2;28;85;99m'[38;2;27;84;82m'[38;2;17;80;79m.[38;2;11;73;71m.[38;2;7;24;23m [38;2;80;126;179mc[38;2;128;136;141mo[38;2;6;35;41m [38;2;22;59;69m.[38;2;18;63;78m.[38;2;22;76;81m.[38;2;1;9;10m [38;2;24;60;95m.[38;2;243;255;255mM[38;2;0;4;6m [38;2;8;37;38m [38;2;0;11;11m [38;2;113;165;181md[38;2;123;155;170md[38;2;13;23;25m [38;2;13;20;19m [38;2;101;122;126mc[38;2;34;47;54m.[38;2;1;1;1m [38;2;10;19;24m [38;2;156;182;194mk[38;2;1;0;0m [38;2;0;6;3m [38;2;18;29;38m [38;2;10;79;89m.[38;2;18;39;62m.[38;2;16;37;34m.[38;2;9;48;60m.[38;2;22;59;70m.[38;2;13;32;28m [38;2;14;57;62m.[38;2;16;54;67m.[38;2;14;50;67m.[38;2;22;52;65m.[38;2;15;42;63m.[0m
[0m[38;2;27;57;59m.[38;2;12;57;64m.[38;2;13;39;34m.[38;2;4;16;19m [38;2;10;38;46m.[38;2;95;167;185md[38;2;32;93;74m'[38;2;14;29;40m [38;2;67;139;134mc[38;2;51;110;110m;[38;2;52;106;104m;[38;2;55;103;106m;[38;2;59;112;116m;[38;2;73;133;140mc[38;2;57;98;99m,[38;2;46;91;96m,[38;2;53;92;90m,[38;2;6;20;26m [38;2;13;51;53m.[38;2;5;49;52m.[38;2;10;47;59m.[38;2;12;50;53m.[38;2;28;64;75m.[38;2;21;69;74m.[38;2;23;69;74m.[38;2;26;76;95m.[38;2;59;122;129m:[38;2;1;22;17m [38;2;19;66;81m.[38;2;13;61;75m.[38;2;10;66;72m.[38;2;8;65;71m.[38;2;9;59;71m.[38;2;2;27;36m [38;2;138;181;202mk[38;2;128;133;128ml[38;2;0;0;4m [38;2;115;224;215mO[38;2;42;105;115m;[38;2;12;57;77m.[38;2;21;72;91m.[38;2;26;72;93m.[38;2;15;62;75m.[38;2;13;56;88m.[38;2;3;21;36m [38;2;120;154;191md[38;2;128;128;132ml[38;2;7;17;22m [38;2;4;28;31m [38;2;3;19;22m [38;2;6;16;19m [38;2;0;1;0m [38;2;31;65;117m.[38;2;237;248;254mW[38;2;1;10;9m [38;2;16;64;85m.[38;2;0;29;43m [38;2;104;131;138ml[38;2;109;144;155mo[38;2;70;94;97m;[38;2;59;71;71m'[38;2;131;181;183mx[38;2;25;37;30m.[38;2;18;26;32m [38;2;129;151;158md[38;2;37;43;46m.[38;2;0;7;0m [38;2;0;8;4m [38;2;14;35;41m.[38;2;9;80;80m.[38;2;21;38;59m.[38;2;12;39;37m.[38;2;5;45;57m.[38;2;8;37;44m.[38;2;8;23;22m [38;2;13;57;66m.[38;2;16;48;68m.[38;2;11;38;49m.[38;2;18;48;57m.[38;2;51;104;112m;[0m
[0m[38;2;20;48;47m.[38;2;21;44;53m.[38;2;11;37;35m.[38;2;13;39;45m.[38;2;8;34;43m [38;2;83;148;162ml[38;2;51;102;97m,[38;2;1;6;13m [38;2;11;37;47m.[38;2;13;40;45m.[38;2;23;50;56m.[38;2;27;62;68m.[38;2;35;73;85m.[38;2;36;77;86m'[38;2;36;74;80m.[38;2;44;92;109m,[38;2;104;201;194mk[38;2;0;6;9m [38;2;20;59;70m.[38;2;12;56;69m.[38;2;15;57;71m.[38;2;10;57;67m.[38;2;13;54;62m.[38;2;10;59;69m.[38;2;7;61;69m.[38;2;13;59;78m.[38;2;21;70;88m.[38;2;27;42;46m.[38;2;17;67;81m.[38;2;12;59;74m.[38;2;12;60;68m.[38;2;12;58;61m.[38;2;12;61;62m.[38;2;1;27;43m [38;2;129;172;190mx[38;2;126;137;131ml[38;2;0;0;0m [38;2;63;144;126mc[38;2;48;96;92m,[38;2;3;25;24m [38;2;16;32;39m [38;2;9;25;27m [38;2;1;10;11m [38;2;1;8;3m [38;2;0;1;6m [38;2;141;172;201mx[38;2;110;124;126mc[38;2;15;24;26m [38;2;4;17;30m [38;2;0;11;13m [38;2;5;11;15m [38;2;0;3;0m [38;2;71;98;127m;[38;2;148;165;208mx[38;2;1;14;14m [38;2;18;73;93m.[38;2;6;39;55m.[38;2;16;41;60m.[38;2;153;180;196mk[38;2;77;77;77m,[38;2;37;47;47m.[38;2;153;173;182mx[38;2;92;102;110m:[38;2;126;164;186md[38;2;26;29;31m [38;2;0;7;0m [38;2;0;10;0m [38;2;0;6;2m [38;2;20;37;45m.[38;2;14;70;81m.[38;2;18;51;70m.[38;2;15;24;22m [38;2;12;27;33m [38;2;8;32;30m [38;2;6;45;38m.[38;2;18;53;61m.[38;2;51;101;106m,[38;2;66;124;130m:[38;2;79;142;158ml[38;2;58;118;127m:[0m
[0m[38;2;33;58;62m.[38;2;23;50;65m.[38;2;17;51;61m.[38;2;20;53;61m.[38;2;6;35;45m [38;2;84;134;161ml[38;2;61;124;101m:[38;2;1;10;12m [38;2;17;54;65m.[38;2;16;50;56m.[38;2;13;51;57m.[38;2;13;50;62m.[38;2;14;48;62m.[38;2;12;49;59m.[38;2;13;52;62m.[38;2;8;42;52m.[38;2;68;122;126m:[38;2;0;14;15m [38;2;22;56;65m.[38;2;13;53;64m.[38;2;23;53;62m.[38;2;18;54;64m.[38;2;20;51;58m.[38;2;21;53;65m.[38;2;16;55;61m.[38;2;17;55;69m.[38;2;25;53;61m.[38;2;47;71;75m'[38;2;22;64;71m.[38;2;6;46;51m.[38;2;7;37;37m [38;2;7;36;32m [38;2;4;25;22m [38;2;0;7;11m [38;2;118;166;186md[38;2;129;143;143mo[38;2;5;14;14m [38;2;9;29;31m [38;2;5;12;11m [38;2;5;19;22m [38;2;25;84;74m'[38;2;0;33;21m [38;2;0;10;5m [38;2;0;13;2m [38;2;0;10;22m [38;2;158;178;223mk[38;2;63;99;111m;[38;2;27;51;55m.[38;2;4;19;35m [38;2;0;12;13m [38;2;3;16;16m [38;2;0;0;0m [38;2;112;127;128ml[38;2;128;128;145ml[38;2;30;54;60m.[38;2;38;79;78m'[38;2;6;27;29m [38;2;29;75;83m.[38;2;57;112;177m:[38;2;88;102;125m:[38;2;101;128;144ml[38;2;110;134;160ml[38;2;50;97;99m,[38;2;80;127;170mc[38;2;0;1;1m [38;2;0;7;4m [38;2;0;10;5m [38;2;0;8;2m [38;2;17;36;35m.[38;2;12;66;86m.[38;2;15;62;73m.[38;2;18;55;66m.[38;2;10;33;40m [38;2;23;68;69m.[38;2;33;78;83m'[38;2;51;99;107m,[38;2;42;87;97m'[38;2;18;55;77m.[38;2;16;52;72m.[38;2;10;51;71m.[0m
[0m[38;2;22;57;58m.[38;2;21;50;64m.[38;2;15;53;65m.[38;2;13;52;56m.[38;2;10;33;39m [38;2;75;120;142m:[38;2;71;136;113mc[38;2;1;13;14m [38;2;15;51;71m.[38;2;14;49;60m.[38;2;13;48;57m.[38;2;14;49;59m.[38;2;12;50;63m.[38;2;13;50;59m.[38;2;15;50;65m.[38;2;15;53;66m.[38;2;16;57;59m.[38;2;5;25;22m [38;2;23;61;66m.[38;2;17;50;65m.[38;2;20;50;52m.[38;2;15;45;47m.[38;2;10;33;41m [38;2;11;32;35m [38;2;8;31;28m [38;2;8;21;24m [38;2;4;18;14m [38;2;8;22;22m [38;2;17;28;28m [38;2;0;4;8m [38;2;13;30;29m [38;2;15;31;35m [38;2;4;25;18m [38;2;0;0;0m [38;2;112;147;179mo[38;2;139;153;160md[38;2;12;24;28m [38;2;20;38;47m.[38;2;5;11;11m [38;2;11;26;31m [38;2;34;82;64m'[38;2;9;31;22m [38;2;0;1;3m [38;2;3;9;6m [38;2;8;14;40m [38;2;168;197;249m0[38;2;24;41;56m.[38;2;17;49;52m.[38;2;21;41;57m.[38;2;49;83;77m'[38;2;53;88;85m,[38;2;0;2;4m [38;2;117;128;134ml[38;2;128;128;130ml[38;2;30;68;71m.[38;2;66;130;125m:[38;2;10;43;50m.[38;2;3;52;55m.[38;2;117;149;176mo[38;2;8;28;45m [38;2;22;46;65m.[38;2;105;136;166ml[38;2;4;29;39m [38;2;70;125;171mc[38;2;0;5;0m [38;2;0;7;3m [38;2;0;7;4m [38;2;0;8;2m [38;2;20;41;46m.[38;2;14;68;91m.[38;2;18;63;73m.[38;2;6;24;34m [38;2;5;31;37m [38;2;14;50;61m.[38;2;13;44;61m.[38;2;15;60;75m.[38;2;16;57;74m.[38;2;17;59;76m.[38;2;18;63;74m.[38;2;12;48;68m.[0m
[0m[38;2;28;55;59m.[38;2;18;50;61m.[38;2;16;51;59m.[38;2;14;51;53m.[38;2;6;32;44m [38;2;73;126;159mc[38;2;76;149;123ml[38;2;4;14;18m [38;2;14;53;67m.[38;2;15;53;61m.[38;2;12;55;64m.[38;2;18;49;62m.[38;2;12;49;54m.[38;2;10;46;46m.[38;2;9;35;44m [38;2;8;33;39m [38;2;8;33;33m [38;2;1;12;10m [38;2;6;17;18m [38;2;4;12;15m [38;2;29;30;30m.[38;2;51;52;51m.[38;2;51;51;51m.[38;2;55;52;51m.[38;2;51;54;51m.[38;2;51;53;51m.[38;2;48;48;44m.[38;2;61;83;82m,[38;2;47;66;69m.[38;2;37;40;34m.[38;2;19;38;30m.[38;2;21;32;33m [38;2;2;19;15m [38;2;0;2;2m [38;2;72;103;141m;[38;2;198;210;211mK[38;2;7;16;17m [38;2;20;40;48m.[38;2;22;35;38m.[38;2;17;41;38m.[38;2;13;42;40m.[38;2;14;31;33m [38;2;33;55;53m.[38;2;45;80;75m'[38;2;21;37;79m.[38;2;199;230;255mX[38;2;1;20;18m [38;2;37;88;78m'[38;2;64;123;140m:[38;2;94;184;173md[38;2;72;149;139ml[38;2;0;0;1m [38;2;117;128;137ml[38;2;128;128;129ml[38;2;7;32;49m [38;2;11;43;49m.[38;2;6;48;43m.[38;2;4;44;37m.[38;2;90;125;150mc[38;2;13;41;57m.[38;2;0;12;25m [38;2;165;189;200mO[38;2;6;25;38m [38;2;68;119;163m:[38;2;0;6;2m [38;2;0;7;0m [38;2;0;11;4m [38;2;0;7;5m [38;2;18;46;47m.[38;2;14;72;82m.[38;2;12;34;54m.[38;2;11;39;46m.[38;2;8;27;33m [38;2;7;32;34m [38;2;11;30;39m [38;2;12;35;52m.[38;2;16;51;69m.[38;2;15;47;62m.[38;2;18;50;69m.[38;2;8;36;48m [0m
[0m[38;2;37;58;65m.[38;2;22;53;66m.[38;2;16;44;52m.[38;2;19;46;66m.[38;2;9;37;53m.[38;2;61;111;147m:[38;2;70;151;132ml[38;2;5;10;12m [38;2;12;27;33m [38;2;6;26;24m [38;2;2;20;19m [38;2;2;14;12m [38;2;0;6;4m [38;2;0;2;1m [38;2;0;2;0m [38;2;0;1;1m [38;2;7;29;31m [38;2;16;35;36m.[38;2;15;42;42m.[38;2;2;7;6m [38;2;151;163;173mx[38;2;207;225;219mX[38;2;209;227;226mX[38;2;208;227;227mX[38;2;209;226;226mX[38;2;213;225;226mX[38;2;186;213;212mK[38;2;155;174;169mx[38;2;163;187;181mk[38;2;147;165;154mx[38;2;107;127;136ml[38;2;135;154;159md[38;2;112;113;111mc[38;2;20;22;25m [38;2;26;36;64m.[38;2;247;255;255mM[38;2;28;46;47m.[38;2;30;52;50m.[38;2;13;41;50m.[38;2;15;44;48m.[38;2;11;38;42m.[38;2;11;40;48m.[38;2;88;159;157mo[38;2;102;185;176mx[38;2;25;60;145m.[38;2;205;230;234mX[38;2;2;26;25m [38;2;6;52;50m.[38;2;50;101;108m,[38;2;53;115;119m;[38;2;80;142;139ml[38;2;0;6;10m [38;2;80;111;131m:[38;2;143;154;166md[38;2;16;35;44m.[38;2;30;62;77m.[38;2;9;30;44m [38;2;11;63;83m.[38;2;37;67;94m.[38;2;43;91;103m,[38;2;0;4;14m [38;2;169;205;225m0[38;2;15;38;56m.[38;2;91;127;148mc[38;2;1;5;5m [38;2;0;10;5m [38;2;3;12;4m [38;2;0;6;1m [38;2;23;51;46m.[38;2;23;73;91m.[38;2;0;8;13m [38;2;19;57;57m.[38;2;10;71;75m.[38;2;11;59;64m.[38;2;9;32;43m [38;2;2;19;20m [38;2;7;30;35m [38;2;11;49;49m.[38;2;25;49;51m.[38;2;23;42;43m.[0m
[0m[38;2;23;37;43m.[38;2;15;31;31m [38;2;11;24;16m [38;2;6;13;27m [38;2;21;49;56m.[38;2;62;88;145m;[38;2;88;167;156mo[38;2;8;21;10m [38;2;0;4;5m [38;2;19;21;23m [38;2;8;18;20m [38;2;24;30;35m [38;2;0;6;0m [38;2;4;11;4m [38;2;0;9;4m [38;2;0;2;2m [38;2;15;39;50m.[38;2;19;49;62m.[38;2;22;58;63m.[38;2;7;21;25m [38;2;20;25;36m [38;2;31;51;55m.[38;2;28;51;49m.[38;2;31;54;53m.[38;2;29;56;56m.[38;2;34;69;66m.[38;2;33;50;51m.[38;2;34;53;65m.[38;2;34;56;60m.[38;2;24;42;36m.[38;2;8;20;26m [38;2;64;102;137m;[38;2;133;162;185md[38;2;191;206;211m0[38;2;29;36;38m.[38;2;211;230;246mN[38;2;117;164;170md[38;2;89;140;131ml[38;2;23;51;52m.[38;2;56;85;92m,[38;2;12;49;62m.[38;2;18;44;48m.[38;2;32;69;84m.[38;2;84;168;169mo[38;2;50;73;168m,[38;2;157;174;201mk[38;2;4;38;25m [38;2;15;57;71m.[38;2;11;53;57m.[38;2;28;75;82m.[38;2;43;89;91m'[38;2;11;18;21m [38;2;28;70;98m.[38;2;218;235;249mN[38;2;11;28;32m [38;2;11;60;80m.[38;2;15;27;52m [38;2;9;68;84m.[38;2;19;46;63m.[38;2;72;119;123m:[38;2;0;1;2m [38;2;161;215;226m0[38;2;48;68;91m'[38;2;91;118;132mc[38;2;7;8;8m [38;2;4;11;17m [38;2;8;15;8m [38;2;2;10;3m [38;2;24;62;65m.[38;2;15;48;68m.[38;2;2;5;10m [38;2;25;57;61m.[38;2;7;44;55m.[38;2;27;64;68m.[38;2;18;60;71m.[38;2;20;69;79m.[38;2;2;7;15m [38;2;4;12;8m [38;2;6;19;15m [38;2;2;8;13m [0m
