[0m[38;2;28;51;45m.[38;2;10;46;45m.[38;2;9;39;38m.[38;2;1;12;10m [38;2;8;37;43m.[38;2;0;23;33m [38;2;85;152;151ml[38;2;15;42;34m.[38;2;0;5;0m [38;2;0;13;0m [38;2;7;13;8m [38;2;5;15;19m [38;2;8;24;25m [38;2;0;15;17m [38;2;114;163;190md[38;2;103;113;122mc[38;2;3;11;7m [38;2;5;43;42m.[38;2;12;47;54m.[38;2;14;44;49m.[38;2;5;46;53m.[38;2;7;47;57m.[38;2;10;47;56m.[38;2;9;47;61m.[38;2;12;45;52m.[38;2;8;37;47m.[38;2;82;164;165mo[38;2;13;31;31m [38;2;30;80;80m'[38;2;47;102;118m;[38;2;46;90;106m,[38;2;23;55;75m.[38;2;12;43;59m.[38;2;12;48;56m.[38;2;10;37;51m.[38;2;63;113;118m:[38;2;46;65;70m.[38;2;74;169;166mo[38;2;47;104;121m;[38;2;9;38;47m.[38;2;9;41;36m.[38;2;28;53;122m.[38;2;138;159;165md[38;2;8;38;36m [38;2;3;21;29m [38;2;7;39;97m.[38;2;193;243;255mN[38;2;43;90;112m,[38;2;48;107;139m;[38;2;35;74;142m'[38;2;17;29;163m.[38;2;19;108;228m;[38;2;6;55;200m.[38;2;13;61;203m.[38;2;12;56;199m.[38;2;12;44;156m.[38;2;20;46;143m.[38;2;3;16;80m [38;2;62;85;167m;[38;2;13;31;75m.[38;2;3;24;50m [38;2;9;30;52m [38;2;9;33;35m [38;2;11;47;57m.[38;2;1;42;40m.[38;2;8;42;47m.[38;2;3;34;40m [38;2;8;46;45m.[38;2;10;45;48m.[38;2;11;49;52m.[38;2;0;30;35m [38;2;15;46;54m.[38;2;8;42;45m.[38;2;0;5;0m [38;2;1;32;28m [38;2;7;41;34m.[38;2;12;40;37m.[38;2;5;36;31m [38;2;12;46;42m.[38;2;5;40;41m.[0m
[0m[38;2;27;48;47m.[38;2;9;44;43m.[38;2;6;30;29m [38;2;0;13;10m [38;2;4;34;34m [38;2;0;27;31m [38;2;84;149;149ml[38;2;10;25;26m [38;2;0;8;5m [38;2;0;9;0m [38;2;2;6;0m [38;2;0;7;0m [38;2;0;3;0m [38;2;20;37;54m.[38;2;191;223;239mX[38;2;13;16;18m [38;2;1;16;11m [38;2;0;17;11m [38;2;4;23;24m [38;2;3;26;28m [38;2;2;35;34m [38;2;4;38;41m [38;2;5;42;58m.[38;2;6;44;59m.[38;2;5;46;60m.[38;2;6;42;59m.[38;2;36;89;95m'[38;2;17;33;35m [38;2;8;45;53m.[38;2;7;41;57m.[38;2;11;43;61m.[38;2;16;53;76m.[38;2;17;48;68m.[38;2;19;56;70m.[38;2;20;53;70m.[38;2;47;78;96m'[38;2;39;55;64m.[38;2;72;153;162ml[38;2;81;153;189mo[38;2;17;45;61m.[38;2;3;20;28m [38;2;32;57;125m.[38;2;126;147;164mo[38;2;7;31;51m [38;2;7;18;48m [38;2;4;39;107m.[38;2;189;233;255mX[38;2;6;13;43m [38;2;67;134;202mc[38;2;73;164;243md[38;2;38;126;254mc[38;2;108;255;255mK[38;2;67;230;255mO[38;2;62;200;255mx[38;2;47;173;255mo[38;2;10;130;249m:[38;2;9;81;232m,[38;2;2;35;186m.[38;2;83;133;228ml[38;2;10;36;125m.[38;2;6;22;86m [38;2;4;30;82m [38;2;58;72;87m'[38;2;51;64;64m.[38;2;54;76;84m'[38;2;49;65;76m.[38;2;49;65;65m.[38;2;32;57;60m.[38;2;16;44;48m.[38;2;4;44;45m.[38;2;0;24;23m [38;2;8;43;49m.[38;2;4;32;35m [38;2;0;4;2m [38;2;4;31;31m [38;2;4;31;38m [38;2;10;30;39m [38;2;5;33;31m [38;2;10;45;48m.[38;2;1;35;42m [0m
[0m[38;2;23;47;48m.[38;2;10;45;46m.[38;2;14;34;39m [38;2;0;14;14m [38;2;0;38;40m [38;2;4;26;37m [38;2;84;145;141ml[38;2;5;17;28m [38;2;4;27;30m [38;2;6;24;25m [38;2;2;19;28m [38;2;5;25;41m [38;2;0;1;5m [38;2;140;174;197mx[38;2;98;106;124m:[38;2;3;25;33m [38;2;1;33;43m [38;2;0;7;0m [38;2;0;6;0m [38;2;0;7;0m [38;2;0;6;2m [38;2;0;7;0m [38;2;0;9;7m [38;2;2;14;14m [38;2;5;21;24m [38;2;8;27;34m [38;2;3;37;45m [38;2;6;18;22m [38;2;12;44;57m.[38;2;12;48;70m.[38;2;14;45;74m.[38;2;13;47;73m.[38;2;11;44;72m.[38;2;10;45;73m.[38;2;5;32;60m [38;2;69;128;145mc[38;2;36;54;59m.[38;2;25;56;68m.[38;2;42;93;119m,[38;2;35;72;94m.[38;2;12;30;47m [38;2;46;72;152m'[38;2;98;125;139mc[38;2;13;31;51m [38;2;6;18;40m [38;2;3;33;89m.[38;2;195;248;255mN[38;2;1;7;69m [38;2;19;56;174m.[38;2;84;173;254md[38;2;21;151;255ml[38;2;148;255;255mX[38;2;93;255;255mK[38;2;105;255;255mK[38;2;131;255;255mX[38;2;90;255;255mK[38;2;72;227;255mO[38;2;65;197;255mx[38;2;73;216;255mk[38;2;10;87;232m,[38;2;13;52;205m.[38;2;6;17;114m [38;2;66;84;134m,[38;2;63;87;109m,[38;2;70;96;106m;[38;2;63;84;97m,[38;2;68;88;88m,[38;2;45;67;75m.[38;2;76;98;110m;[38;2;51;73;91m'[38;2;3;21;26m [38;2;7;21;30m [38;2;7;13;15m [38;2;4;33;33m [38;2;10;48;53m.[38;2;8;26;35m [38;2;17;42;44m.[38;2;7;29;25m [38;2;9;43;48m.[38;2;3;37;43m [0m
[0m[38;2;21;48;50m.[38;2;11;46;48m.[38;2;12;36;37m [38;2;6;15;19m [38;2;7;41;56m.[38;2;5;29;48m [38;2;83;142;166ml[38;2;11;31;50m [38;2;1;6;23m [38;2;7;34;82m.[38;2;0;15;48m [38;2;12;26;60m [38;2;73;91;136m;[38;2;202;218;234mX[38;2;3;11;48m [38;2;3;42;86m.[38;2;3;31;58m [38;2;4;37;65m.[38;2;4;36;60m.[38;2;7;24;39m [38;2;5;14;19m [38;2;35;49;50m.[38;2;38;45;46m.[38;2;34;44;45m.[38;2;32;45;47m.[38;2;38;45;48m.[38;2;39;47;50m.[38;2;28;37;43m.[38;2;21;24;31m [38;2;34;45;51m.[38;2;22;35;41m.[38;2;9;24;33m [38;2;5;29;44m [38;2;11;34;53m [38;2;7;37;72m.[38;2;23;59;88m.[38;2;22;41;56m.[38;2;11;47;82m.[38;2;13;50;87m.[38;2;14;44;80m.[38;2;0;9;26m [38;2;77;107;180m:[38;2;85;114;136m:[38;2;36;76;89m'[38;2;46;81;101m'[38;2;8;20;71m [38;2;212;255;255mW[38;2;4;16;70m [38;2;15;35;176m.[38;2;43;120;246mc[38;2;33;190;255md[38;2;130;255;255mX[38;2;101;255;255mK[38;2;80;255;255m0[38;2;91;255;255mK[38;2;101;255;255mK[38;2;81;255;255mK[38;2;157;255;255mX[38;2;37;235;255mk[38;2;100;252;255mK[38;2;8;155;255ml[38;2;3;55;232m.[38;2;15;36;142m.[38;2;6;27;70m [38;2;11;46;82m.[38;2;5;34;49m [38;2;2;43;50m.[38;2;6;40;50m.[38;2;5;29;35m [38;2;100;112;148mc[38;2;22;31;43m.[38;2;8;23;23m [38;2;13;39;49m.[38;2;10;49;56m.[38;2;9;38;42m.[38;2;2;0;2m [38;2;47;62;60m.[38;2;28;56;62m.[38;2;16;39;51m.[38;2;7;37;45m [0m
[0m[38;2;25;48;49m.[38;2;14;44;49m.[38;2;8;36;35m [38;2;5;16;23m [38;2;11;43;63m.[38;2;8;26;67m [38;2;78;141;184ml[38;2;16;49;154m.[38;2;16;73;193m'[38;2;0;65;189m.[38;2;8;42;196m.[38;2;13;45;179m.[38;2;205;231;255mN[38;2;55;70;173m,[38;2;3;43;161m.[38;2;12;54;168m.[38;2;1;27;121m.[38;2;9;44;112m.[38;2;10;50;97m.[38;2;5;18;31m [38;2;61;88;94m,[38;2;146;191;201mk[38;2;138;178;190mx[38;2;131;172;198mx[38;2;127;167;176md[38;2;134;172;193mx[38;2;116;149;173mo[38;2;133;143;164mo[38;2;97;110;130m:[38;2;110;153;153mo[38;2;103;122;139mc[38;2;115;128;150ml[38;2;54;67;89m'[38;2;84;91;97m;[38;2;24;26;30m [38;2;3;8;18m [38;2;0;10;13m [38;2;10;24;43m [38;2;8;32;55m [38;2;12;29;55m [38;2;2;14;41m [38;2;107;151;222md[38;2;48;73;103m'[38;2;9;37;74m.[38;2;61;118;152m:[38;2;8;18;61m [38;2;225;251;255mW[38;2;11;30;71m.[38;2;27;58;164m.[38;2;27;84;232m,[38;2;20;180;255mo[38;2;95;228;255m0[38;2;105;255;255mK[38;2;101;255;255mK[38;2;85;255;255mK[38;2;104;255;255mK[38;2;81;255;255mK[38;2;140;255;255mX[38;2;36;235;255mk[38;2;122;254;255mX[38;2;13;207;255md[38;2;8;70;241m'[38;2;14;46;166m.[38;2;47;96;138m,[38;2;10;39;73m.[38;2;1;22;37m [38;2;0;35;45m [38;2;1;39;40m [38;2;7;34;39m [38;2;38;45;85m.[38;2;63;85;112m,[38;2;6;46;46m.[38;2;10;46;65m.[38;2;10;37;47m.[38;2;30;43;38m.[38;2;33;55;49m.[38;2;16;49;50m.[38;2;6;43;54m.[38;2;13;44;52m.[38;2;14;34;43m.[0m
[0m[38;2;24;46;50m.[38;2;11;45;54m.[38;2;10;26;31m [38;2;7;19;32m [38;2;10;41;79m.[38;2;7;29;103m.[38;2;77;141;233ml[38;2;5;85;249m,[38;2;104;255;255mK[38;2;90;241;255m0[38;2;87;217;255mO[38;2;60;173;255md[38;2;95;217;255mO[38;2;75;167;253md[38;2;48;173;255md[38;2;55;169;255mo[38;2;1;100;243m,[38;2;9;76;206m'[38;2;16;43;159m.[38;2;9;26;74m [38;2;6;17;34m [38;2;19;42;58m.[38;2;13;29;35m [38;2;11;24;25m [38;2;8;25;18m [38;2;9;23;26m [38;2;12;20;16m [38;2;17;35;52m.[38;2;16;33;52m.[38;2;4;14;15m [38;2;12;23;53m [38;2;19;38;85m.[38;2;30;48;76m.[38;2;112;121;140mc[38;2;175;202;220m0[38;2;88;90;113m;[38;2;1;9;25m [38;2;3;17;55m [38;2;0;12;41m [38;2;0;5;19m [38;2;0;22;83m [38;2;129;177;248mk[38;2;12;16;30m [38;2;2;13;43m [38;2;16;38;58m.[38;2;16;27;96m.[38;2;220;252;255mW[38;2;1;11;35m [38;2;13;42;112m.[38;2;16;43;174m.[38;2;36;101;219m;[38;2;10;68;224m'[38;2;10;131;251m:[38;2;42;163;253mo[38;2;45;180;255md[38;2;61;223;255mk[38;2;77;233;255mO[38;2;112;255;255mK[38;2;36;239;255mO[38;2;120;243;255mK[38;2;19;210;255mx[38;2;38;116;230m:[38;2;10;31;137m.[38;2;25;59;133m.[38;2;7;40;64m.[38;2;5;24;26m [38;2;5;36;46m [38;2;17;43;52m.[38;2;1;23;32m [38;2;35;59;90m.[38;2;63;81;114m,[38;2;6;48;44m.[38;2;9;36;39m [38;2;30;45;42m.[38;2;34;56;55m.[38;2;7;38;47m.[38;2;6;44;57m.[38;2;6;44;53m.[38;2;9;43;44m.[38;2;5;36;44m [0m
[0m[38;2;22;47;53m.[38;2;9;50;57m.[38;2;6;21;29m [38;2;9;23;38m [38;2;10;42;93m.[38;2;12;30;129m.[38;2;78;154;247mo[38;2;2;108;255m;[38;2;109;255;255mK[38;2;127;255;255mX[38;2;45;218;255mk[38;2;120;226;255m0[38;2;70;235;255mO[38;2;106;255;255mK[38;2;111;255;255mK[38;2;183;255;255mN[38;2;22;206;255md[38;2;16;139;255mc[38;2;26;63;208m'[38;2;30;58;136m.[38;2;26;56;106m.[38;2;23;61;93m.[38;2;29;44;60m.[38;2;23;41;44m.[38;2;20;35;35m.[38;2;15;26;23m [38;2;2;2;3m [38;2;12;39;70m.[38;2;12;43;73m.[38;2;4;20;28m [38;2;7;28;52m [38;2;10;34;67m.[38;2;10;46;91m.[38;2;2;9;20m [38;2;28;52;95m.[38;2;202;223;254mX[38;2;43;53;115m.[38;2;12;60;151m.[38;2;9;20;115m [38;2;12;17;110m [38;2;13;44;166m.[38;2;144;208;255m0[38;2;3;8;55m [38;2;14;39;129m.[38;2;9;21;73m [38;2;6;40;145m.[38;2;206;241;255mN[38;2;0;0;4m [38;2;0;8;48m [38;2;4;12;54m [38;2;8;24;77m [38;2;12;23;99m [38;2;7;34;139m.[38;2;13;44;168m.[38;2;11;54;184m.[38;2;8;73;217m'[38;2;8;65;213m'[38;2;8;99;220m,[38;2;60;152;244mo[38;2;63;142;236ml[38;2;29;121;219m:[38;2;43;114;194m:[38;2;8;31;84m.[38;2;5;40;74m.[38;2;5;28;42m [38;2;1;6;2m [38;2;7;13;14m [38;2;11;26;27m [38;2;9;25;33m [38;2;34;67;104m.[38;2;67;91;117m,[38;2;3;12;12m [38;2;27;43;46m.[38;2;9;32;32m [38;2;9;35;48m [38;2;3;37;44m [38;2;10;47;51m.[38;2;6;39;50m.[38;2;4;39;44m.[38;2;10;42;46m.[0m
[0m[38;2;19;49;57m.[38;2;6;47;59m.[38;2;7;29;36m [38;2;3;26;45m [38;2;13;44;104m.[38;2;11;31;149m.[38;2;74;164;247md[38;2;1;125;255m:[38;2;117;255;255mK[38;2;123;255;255mX[38;2;41;206;255mx[38;2;62;229;255mO[38;2;112;255;255mK[38;2;98;255;255mK[38;2;111;255;255mK[38;2;183;255;255mN[38;2;27;227;255mk[38;2;23;143;255mc[38;2;8;66;224m'[38;2;17;55;156m.[38;2;8;47;106m.[38;2;7;40;88m.[38;2;14;40;74m.[38;2;68;136;172mc[38;2;63;132;162mc[38;2;73;129;159mc[38;2;21;39;53m.[38;2;53;98;126m;[38;2;26;53;95m.[38;2;34;71;99m.[38;2;27;48;78m.[38;2;19;52;92m.[38;2;24;56;100m.[38;2;20;34;87m.[38;2;8;21;100m [38;2;135;166;252mx[38;2;116;143;235md[38;2;11;91;235m,[38;2;4;83;226m,[38;2;7;76;240m'[38;2;28;105;242m;[38;2;172;226;255mK[38;2;4;28;184m.[38;2;19;72;216m'[38;2;10;31;149m.[38;2;7;37;167m.[38;2;197;248;255mN[38;2;0;1;27m [38;2;1;16;58m [38;2;9;32;82m.[38;2;8;37;77m.[38;2;6;20;48m [38;2;0;11;34m [38;2;1;5;38m [38;2;0;6;34m [38;2;0;9;43m [38;2;5;7;56m [38;2;1;12;55m [38;2;87;115;186mc[38;2;10;24;86m [38;2;19;28;76m.[38;2;8;39;80m.[38;2;14;41;72m.[38;2;10;48;79m.[38;2;1;18;21m [38;2;4;9;4m [38;2;0;8;2m [38;2;2;10;0m [38;2;1;6;4m [38;2;63;86;117m,[38;2;46;55;83m.[38;2;13;30;35m [38;2;10;48;58m.[38;2;7;47;47m.[38;2;5;32;39m [38;2;8;37;44m.[38;2;7;35;45m [38;2;9;41;50m.[38;2;8;44;51m.[38;2;11;44;48m.[0m
[0m[38;2;20;49;57m.[38;2;10;47;63m.[38;2;7;26;37m [38;2;5;25;50m [38;2;14;45;105m.[38;2;8;35;132m.[38;2;76;154;249mo[38;2;0;126;255m:[38;2;130;255;255mX[38;2;95;248;255mK[38;2;81;210;255mk[38;2;50;235;255mO[38;2;103;255;255mK[38;2;106;255;255mK[38;2;116;255;255mK[38;2;184;255;255mN[38;2;19;219;255mx[38;2;47;195;255mx[38;2;9;67;226m'[38;2;18;47;168m.[38;2;8;55;116m.[38;2;11;46;89m.[38;2;5;32;64m [38;2;46;100;127m,[38;2;67;139;176ml[38;2;76;152;187mo[38;2;23;40;50m.[38;2;84;153;168mo[38;2;17;37;70m.[38;2;59;105;141m;[38;2;18;49;87m.[38;2;10;41;84m.[38;2;16;55;113m.[38;2;28;70;171m'[38;2;13;59;223m.[38;2;111;194;255mk[38;2;106;234;255m0[38;2;138;237;255mK[38;2;114;242;255mK[38;2;80;218;255mO[38;2;7;212;255md[38;2;126;227;255m0[38;2;51;171;255mo[38;2;18;168;255ml[38;2;3;125;248m:[38;2;4;66;239m'[38;2;172;221;254mK[38;2;0;0;46m [38;2;8;34;105m.[38;2;14;49;115m.[38;2;5;31;74m [38;2;12;31;61m [38;2;17;33;46m.[38;2;97;122;122mc[38;2;90;116;119m:[38;2;95;116;112m:[38;2;77;102;103m;[38;2;49;67;57m.[38;2;86;109;118m:[38;2;31;49;50m.[38;2;39;49;61m.[38;2;26;32;33m.[38;2;2;11;11m [38;2;5;26;32m [38;2;3;13;11m [38;2;2;9;2m [38;2;0;8;4m [38;2;0;9;4m [38;2;1;4;1m [38;2;90;118;140mc[38;2;19;46;59m.[38;2;10;37;46m.[38;2;6;37;53m.[38;2;9;41;49m.[38;2;7;44;48m.[38;2;9;31;35m [38;2;6;38;41m [38;2;10;44;49m.[38;2;11;45;49m.[38;2;10;42;52m.[0m
[0m[38;2;18;41;42m.[38;2;7;39;52m.[38;2;6;25;27m [38;2;3;21;42m [38;2;11;45;99m.[38;2;4;39;116m.[38;2;76;145;247mo[38;2;0;140;255mc[38;2;172;255;255mN[38;2;51;211;255mk[38;2;71;230;255mO[38;2;88;255;255mK[38;2;108;255;255mK[38;2;111;255;255mK[38;2;116;255;255mK[38;2;199;255;255mW[38;2;1;226;255mx[38;2;43;191;255md[38;2;41;105;221m:[38;2;13;48;159m.[38;2;12;49;113m.[38;2;14;46;91m.[38;2;10;40;79m.[38;2;24;53;74m.[38;2;73;149;168ml[38;2;82;154;171mo[38;2;8;14;22m [38;2;80;159;174mo[38;2;68;131;170mc[38;2;14;28;63m [38;2;57;108;150m;[38;2;14;49;103m.[38;2;17;54;139m.[38;2;18;66;199m'[38;2;4;70;246m'[38;2;130;233;255mK[38;2;115;252;255mK[38;2;202;255;255mW[38;2;160;255;255mN[38;2;157;255;255mX[38;2;17;252;255mO[38;2;59;254;255m0[38;2;228;255;255mW[38;2;200;255;255mW[38;2;54;239;255mO[38;2;2;152;255mc[38;2;155;215;255m0[38;2;15;24;125m.[38;2;11;46;128m.[38;2;11;49;119m.[38;2;8;25;63m [38;2;20;35;57m.[38;2;3;21;37m [38;2;8;26;30m [38;2;4;14;15m [38;2;2;11;8m [38;2;8;33;30m [38;2;2;23;34m [38;2;80;104;120m:[38;2;1;25;30m [38;2;5;11;14m [38;2;149;164;176mx[38;2;14;27;34m [38;2;10;33;32m [38;2;2;11;6m [38;2;2;8;2m [38;2;0;8;0m  [38;2;0;0;0m [38;2;122;159;193md[38;2;7;30;30m [38;2;2;6;4m [38;2;15;45;49m.[38;2;9;44;53m.[38;2;18;48;52m.[38;2;12;50;51m.[38;2;8;28;36m [38;2;21;47;51m.[38;2;8;37;41m.[38;2;11;45;49m.[0m
[0m[38;2;35;71;68m.[38;2;33;69;78m.[38;2;33;73;81m.[38;2;9;26;33m [38;2;14;47;85m.[38;2;7;32;85m.[38;2;70;146;217ml[38;2;4;67;192m.[38;2;85;160;224md[38;2;25;122;247m:[38;2;115;214;255mO[38;2;61;190;249mx[38;2;75;215;255mk[38;2;75;220;255mO[38;2;91;228;255mO[38;2;140;232;255mK[38;2;20;206;255md[38;2;37;126;241mc[38;2;80;151;234mo[38;2;22;66;130m.[38;2;20;58;105m.[38;2;19;53;80m.[38;2;12;40;65m.[38;2;5;29;52m [38;2;61;131;152mc[38;2;86;160;182mo[38;2;1;9;12m [38;2;90;163;178mo[38;2;68;143;163ml[38;2;66;118;156m:[38;2;15;37;80m.[38;2;47;90;142m,[38;2;20;44;142m.[38;2;14;66;197m'[38;2;11;107;252m;[38;2;100;225;255mO[38;2;120;255;255mX[38;2;208;255;255mW[38;2;186;255;255mN[38;2;124;255;255mX[38;2;131;255;255mX[38;2;70;255;255m0[38;2;196;255;255mN[38;2;211;255;255mW[38;2;62;250;255m0[38;2;2;178;255mo[38;2;115;198;255mk[38;2;9;41;168m.[38;2;19;56;156m.[38;2;11;55;122m.[38;2;6;26;65m [38;2;41;69;98m'[38;2;18;50;86m.[38;2;46;82;101m'[38;2;59;110;118m;[38;2;38;70;72m.[38;2;9;25;30m [38;2;5;32;42m [38;2;110;152;193mo[38;2;14;43;45m.[38;2;0;7;4m [38;2;84;108;148m:[38;2;25;41;60m.[38;2;6;38;38m [38;2;2;7;3m [38;2;3;9;3m [38;2;0;9;4m [38;2;0;6;2m [38;2;34;46;59m.[38;2;86;121;142mc[38;2;6;42;52m.[38;2;2;11;9m [38;2;16;43;49m.[38;2;6;28;32m [38;2;13;37;41m.[38;2;3;32;33m [38;2;10;34;41m [38;2;18;46;47m.[38;2;27;53;59m.[38;2;22;53;57m.[0m
[0m[38;2;19;50;50m.[38;2;11;46;60m.[38;2;9;50;53m.[38;2;0;19;33m [38;2;14;51;71m.[38;2;7;29;59m [38;2;75;135;164mc[38;2;0;13;51m [38;2;13;40;103m.[38;2;18;37;150m.[38;2;190;235;255mX[38;2;0;19;123m [38;2;8;56;205m.[38;2;42;113;233m:[38;2;13;77;206m'[38;2;8;66;185m.[38;2;56;133;221mc[38;2;8;18;111m [38;2;34;76;135m'[38;2;39;78;118m'[38;2;42;77;111m'[38;2;34;75;105m'[38;2;33;69;90m.[38;2;29;75;85m.[38;2;38;81;101m'[38;2;41;87;105m,[38;2;45;90;109m,[38;2;34;66;67m.[38;2;51;106;124m;[38;2;55;110;128m;[38;2;38;80;120m'[38;2;35;55;106m.[38;2;34;78;141m'[38;2;33;77;197m,[38;2;22;99;241m;[38;2;107;211;255mO[38;2;96;253;255mK[38;2;183;255;255mN[38;2;231;255;255mW[38;2;50;255;255m0[38;2;109;253;255mK[38;2;148;255;255mX[38;2;194;255;255mN[38;2;218;255;255mW[38;2;67;255;255m0[38;2;2;161;255ml[38;2;129;190;254mk[38;2;8;50;170m.[38;2;8;56;140m.[38;2;11;54;118m.[38;2;5;20;45m [38;2;91;146;178ml[38;2;12;48;74m.[38;2;4;28;49m [38;2;63;118;123m:[38;2;57;115;114m;[38;2;9;26;28m [38;2;0;19;37m [38;2;110;151;187mo[38;2;21;49;54m.[38;2;1;9;7m [38;2;82;110;159m:[38;2;23;48;62m.[38;2;53;97;101m,[38;2;0;5;1m [38;2;4;7;0m [38;2;0;5;2m [38;2;0;1;1m [38;2;131;164;181md[38;2;16;42;54m.[38;2;11;44;60m.[38;2;1;14;12m [38;2;9;35;40m [38;2;34;79;82m'[38;2;17;53;92m.[38;2;21;61;90m.[38;2;9;27;41m [38;2;89;104;100m:[38;2;40;57;54m.[38;2;27;68;68m.[0m
[0m[38;2;21;48;50m.[38;2;10;47;56m.[38;2;12;50;55m.[38;2;2;22;35m [38;2;14;50;64m.[38;2;5;28;48m [38;2;84;145;160ml[38;2;4;32;45m [38;2;12;47;72m.[38;2;4;7;58m [38;2;174;208;245m0[38;2;37;47;84m.[38;2;5;37;94m.[38;2;20;57;98m.[38;2;71;125;180mc[38;2;7;27;69m [38;2;63;114;167m:[38;2;2;12;32m [38;2;13;47;81m.[38;2;8;46;76m.[38;2;9;47;72m.[38;2;7;47;69m.[38;2;8;46;62m.[38;2;9;46;65m.[38;2;8;45;63m.[38;2;7;40;57m.[38;2;39;83;104m'[38;2;20;33;38m.[38;2;10;41;66m.[38;2;8;38;77m.[38;2;5;44;76m.[38;2;16;46;93m.[38;2;20;64;119m.[38;2;25;67;138m.[38;2;35;75;206m,[38;2;119;182;254mk[38;2;11;129;244m:[38;2;9;168;254ml[38;2;48;166;254mo[38;2;119;242;255mK[38;2;0;148;252mc[38;2;48;189;255md[38;2;80;210;255mk[38;2;94;220;255mO[38;2;40;197;255mx[38;2;2;88;249m,[38;2;136;175;241mk[38;2;28;56;161m.[38;2;30;71;132m'[38;2;32;76;126m'[38;2;22;41;60m.[38;2;63;114;139m:[38;2;58;112;135m:[38;2;9;37;53m.[38;2;10;40;53m.[38;2;42;78;93m'[38;2;5;25;34m [38;2;20;37;49m.[38;2;109;139;145ml[38;2;5;34;33m [38;2;0;2;4m [38;2;98;124;169mc[38;2;3;24;37m [38;2;15;55;56m.[38;2;0;5;4m [38;2;2;7;2m [38;2;0;9;1m [38;2;34;41;59m.[38;2;105;132;147ml[38;2;10;37;45m.[38;2;7;48;56m.[38;2;0;15;14m [38;2;7;34;38m [38;2;24;41;53m.[38;2;18;29;42m [38;2;49;100;109m,[38;2;2;22;27m [38;2;129;147;143mo[38;2;56;84;76m'[38;2;30;73;76m.[0m
[0m[38;2;19;48;47m.[38;2;8;47;57m.[38;2;7;51;56m.[38;2;1;19;17m [38;2;15;48;62m.[38;2;5;31;44m [38;2;75;135;148mc[38;2;7;22;32m [38;2;11;46;56m.[38;2;2;20;35m [38;2;85;121;187mc[38;2;132;148;155mo[38;2;3;25;47m [38;2;6;39;58m.[38;2;37;78;110m'[38;2;52;99;133m;[38;2;56;113;140m:[38;2;4;15;24m [38;2;14;47;71m.[38;2;5;46;73m.[38;2;0;47;69m.[38;2;7;47;72m.[38;2;10;47;66m.[38;2;9;47;63m.[38;2;4;48;68m.[38;2;4;48;67m.[38;2;8;55;67m.[38;2;9;28;37m [38;2;8;47;65m.[38;2;9;45;70m.[38;2;4;45;79m.[38;2;8;47;83m.[38;2;8;49;89m.[38;2;10;37;93m.[38;2;33;71;169m'[38;2;138;181;241mk[38;2;4;26;133m.[38;2;9;43;163m.[38;2;25;69;213m'[38;2;167;189;230mO[38;2;0;13;171m [38;2;7;74;223m'[38;2;16;73;215m'[38;2;15;82;214m,[38;2;27;69;188m'[38;2;4;31;153m.[38;2;144;161;207mx[38;2;4;22;63m [38;2;15;48;94m.[38;2;15;60;86m.[38;2;50;89;115m,[38;2;6;25;34m [38;2;21;61;77m.[38;2;21;63;71m.[38;2;27;67;79m.[38;2;42;91;88m,[38;2;3;17;24m [38;2;98;116;130mc[38;2;51;80;95m'[38;2;39;79;84m'[38;2;1;6;8m [38;2;113;143;171mo[38;2;20;47;63m.[38;2;35;70;79m.[38;2;5;13;13m [38;2;0;7;1m [38;2;2;5;9m [38;2;115;147;157mo[38;2;8;16;24m [38;2;11;52;64m.[38;2;8;49;57m.[38;2;2;16;17m [38;2;6;30;31m [38;2;62;76;71m'[38;2;57;71;64m'[38;2;25;35;29m.[38;2;0;1;0m [38;2;137;151;145md[38;2;30;49;48m.[38;2;23;57;65m.[0m
[0m[38;2;20;42;43m.[38;2;7;38;50m.[38;2;6;46;55m.[38;2;2;9;10m [38;2;11;41;53m.[38;2;48;90;109m,[38;2;48;110;101m;[38;2;0;9;11m [38;2;9;33;38m [38;2;5;22;31m [38;2;22;35;71m.[38;2;148;196;232mO[38;2;25;38;43m.[38;2;4;26;32m [38;2;2;24;31m [38;2;43;83;104m'[38;2;46;83;94m'[38;2;1;7;9m [38;2;7;36;40m [38;2;5;34;38m [38;2;2;32;44m [38;2;6;34;47m [38;2;6;32;45m [38;2;5;35;40m [38;2;7;31;43m [38;2;3;33;49m [38;2;6;33;41m [38;2;0;16;20m [38;2;4;37;37m [38;2;4;32;38m [38;2;2;32;45m [38;2;6;33;53m [38;2;2;33;49m [38;2;4;24;42m [38;2;33;69;147m'[38;2;146;207;252m0[38;2;3;11;39m [38;2;9;21;67m [38;2;127;164;224mx[38;2;81;95;123m;[38;2;0;16;81m [38;2;7;38;101m.[38;2;14;36;108m.[38;2;12;43;95m.[38;2;7;24;61m [38;2;16;35;112m.[38;2;134;154;163md[38;2;2;18;32m [38;2;8;31;59m [38;2;4;37;57m.[38;2;15;39;57m.[38;2;5;20;24m [38;2;8;35;39m [38;2;5;34;40m [38;2;5;36;42m [38;2;11;38;44m.[38;2;0;9;8m [38;2;130;163;199mx[38;2;4;19;19m [38;2;10;34;41m [38;2;56;80;108m,[38;2;69;89;106m,[38;2;5;24;32m [38;2;18;47;62m.[38;2;5;14;15m [38;2;1;3;3m [38;2;89;114;135m:[38;2;44;59;60m.[38;2;7;18;22m [38;2;9;56;63m.[38;2;6;49;52m.[38;2;3;15;16m [38;2;9;41;44m.[38;2;27;54;50m.[38;2;25;46;42m.[38;2;13;28;31m [38;2;5;21;26m [38;2;77;99;96m;[38;2;24;45;48m.[38;2;26;58;63m.[0m
[0m[38;2;16;46;49m.[38;2;12;44;54m.[38;2;8;32;34m [38;2;8;12;17m [38;2;9;36;52m.[38;2;63;116;135m:[38;2;48;106;107m;[38;2;2;6;10m [38;2;0;7;4m [38;2;9;19;17m [38;2;4;12;16m [38;2;53;82;154m,[38;2;124;158;192md[38;2;29;32;31m.[38;2;0;2;0m [38;2;0;8;6m [38;2;0;2;0m [38;2;2;27;39m [38;2;4;30;37m [38;2;2;13;16m [38;2;19;24;28m [38;2;47;51;55m.[38;2;48;51;55m.[38;2;49;53;52m.[38;2;50;55;55m.[38;2;51;57;59m.[38;2;53;61;63m.[38;2;54;59;68m.[38;2;46;49;54m.[38;2;43;54;58m.[38;2;50;64;65m.[38;2;8;10;25m [38;2;1;3;13m [38;2;0;0;0m [38;2;37;59;116m.[38;2;172;228;250mK[38;2;0;4;5m [38;2;32;58;132m.[38;2;179;208;225m0[38;2;50;56;64m.[38;2;71;86;92m,[38;2;72;84;106m,[38;2;76;90;101m,[38;2;69;87;99m,[38;2;78;97;105m;[38;2;12;34;91m.[38;2;136;149;153md[38;2;62;81;83m,[38;2;39;48;59m.[38;2;13;17;22m [38;2;0;4;4m [38;2;5;21;29m [38;2;5;23;34m [38;2;0;11;12m [38;2;0;4;7m [38;2;0;8;9m [38;2;0;0;4m [38;2;124;174;220mx[38;2;26;33;41m.[38;2;29;34;40m.[38;2;117;152;184md[38;2;51;66;77m.[38;2;51;62;71m.[38;2;25;37;46m.[38;2;0;1;9m [38;2;39;53;80m.[38;2;94;124;148mc[38;2;2;1;1m [38;2;7;21;30m [38;2;8;53;73m.[38;2;5;47;48m.[38;2;3;19;19m [38;2;5;43;40m.[38;2;4;34;35m [38;2;5;30;34m [38;2;13;51;53m.[38;2;6;36;47m [38;2;72;131;137mc[38;2;15;49;53m.[38;2;19;53;51m.[0m
[0m[38;2;18;45;49m.[38;2;9;47;51m.[38;2;7;38;34m [38;2;5;15;18m [38;2;8;36;46m [38;2;63;119;131m:[38;2;44;99;108m,[38;2;2;10;17m [38;2;0;10;7m [38;2;16;47;50m.[38;2;5;23;31m [38;2;9;25;31m [38;2;48;76;141m'[38;2;133;162;201mx[38;2;64;69;76m'[38;2;0;3;4m [38;2;0;3;2m [38;2;4;58;103m.[38;2;12;51;83m.[38;2;2;18;26m [38;2;83;104;120m:[38;2;149;192;215mO[38;2;141;187;202mk[38;2;140;186;199mk[38;2;141;184;199mk[38;2;134;180;191mx[38;2;132;174;190mx[38;2;120;154;168md[38;2;106;122;135mc[38;2;94;129;130mc[38;2;100;143;154ml[38;2;110;126;164ml[38;2;91;105;133m:[38;2;39;76;120m'[38;2;46;87;144m,[38;2;70;128;184mc[38;2;34;48;100m.[38;2;94;123;193ml[38;2;67;74;80m'[38;2;86;118;116m:[38;2;104;141;141ml[38;2;110;147;161mo[38;2;100;143;151ml[38;2;95;144;163ml[38;2;112;143;146mo[38;2;18;30;70m.[38;2;118;154;157mo[38;2;85;120;111m:[38;2;69;92;125m;[38;2;85;103;124m:[38;2;55;69;102m'[38;2;102;127;143mc[38;2;34;45;50m.[38;2;4;17;17m [38;2;0;6;7m [38;2;0;7;14m [38;2;5;9;27m [38;2;118;156;188md[38;2;86;104;130m:[38;2;58;83;155m,[38;2;117;180;250mk[38;2;49;86;212m;[38;2;47;75;201m,[38;2;54;87;210m;[38;2;87;117;165mc[38;2;116;150;213md[38;2;5;9;27m [38;2;0;4;16m [38;2;11;23;38m [38;2;6;53;75m.[38;2;4;45;53m.[38;2;4;17;17m [38;2;11;49;57m.[38;2;13;51;65m.[38;2;0;3;3m [38;2;10;47;47m.[38;2;8;33;48m [38;2;78;137;136mc[38;2;7;36;33m [38;2;13;42;54m.[0m
[0m[38;2;23;47;53m.[38;2;8;45;55m.[38;2;5;37;36m [38;2;10;19;24m [38;2;7;33;44m [38;2;68;132;139mc[38;2;43;88;103m,[38;2;6;12;15m [38;2;1;16;22m [38;2;4;20;25m [38;2;11;39;53m.[38;2;4;30;39m [38;2;4;5;9m [38;2;29;53;101m.[38;2;128;166;223mx[38;2;122;139;154mo[38;2;33;38;57m.[38;2;8;40;99m.[38;2;15;50;118m.[38;2;6;30;93m.[38;2;7;22;89m [38;2;21;56;159m.[38;2;11;34;142m.[38;2;10;29;144m.[38;2;12;32;148m.[38;2;8;35;129m.[38;2;12;34;121m.[38;2;15;42;107m.[38;2;12;44;88m.[38;2;7;37;75m.[38;2;14;33;58m.[38;2;4;32;47m [38;2;2;22;27m [38;2;0;0;0m [38;2;36;74;133m'[38;2;137;155;184md[38;2;77;97;128m;[38;2;58;75;135m,[38;2;57;76;121m,[38;2;5;25;31m [38;2;13;39;59m.[38;2;0;15;16m [38;2;2;4;4m [38;2;1;6;7m [38;2;8;16;12m [38;2;26;47;90m.[38;2;118;134;135ml[38;2;3;18;26m [38;2;0;6;6m [38;2;1;0;0m [38;2;1;2;9m [38;2;34;60;86m.[38;2;168;179;195mk[38;2;3;13;9m [38;2;7;13;16m [38;2;6;13;17m [38;2;22;39;80m.[38;2;102;128;152ml[38;2;10;28;150m.[38;2;38;122;238mc[38;2;71;223;255mO[38;2;77;198;255mk[38;2;87;209;255mk[38;2;102;198;255mk[38;2;34;183;255md[38;2;79;132;219ml[38;2;0;1;112m [38;2;0;8;56m [38;2;9;21;55m [38;2;10;52;80m.[38;2;5;42;52m.[38;2;9;22;21m [38;2;11;47;61m.[38;2;21;52;59m.[38;2;0;0;1m [38;2;16;42;48m.[38;2;30;60;71m.[38;2;53;92;107m,[38;2;10;40;40m.[38;2;15;37;45m.[0m
[0m[38;2;23;48;52m.[38;2;9;46;51m.[38;2;10;41;41m.[38;2;6;16;18m [38;2;6;33;42m [38;2;74;142;148ml[38;2;40;83;87m'[38;2;1;14;13m [38;2;10;42;58m.[38;2;8;38;53m.[38;2;11;45;65m.[38;2;7;28;49m [38;2;6;11;22m [38;2;1;9;20m [38;2;10;25;64m [38;2;53;83;176m,[38;2;133;170;238mx[38;2;117;147;193mo[38;2;81;96;195m:[38;2;21;68;216m'[38;2;25;103;237m;[38;2;7;140;253mc[38;2;5;143;250mc[38;2;16;160;251ml[38;2;29;163;253ml[38;2;47;159;252mo[38;2;19;124;246m:[38;2;19;90;227m,[38;2;18;67;150m.[38;2;11;43;102m.[38;2;22;44;73m.[38;2;26;58;84m.[38;2;23;54;80m.[38;2;37;54;90m.[38;2;41;90;154m,[38;2;154;173;181mk[38;2;47;73;65m'[38;2;17;38;43m.[38;2;94;123;202ml[38;2;27;51;75m.[38;2;18;53;56m.[38;2;39;81;86m'[38;2;47;89;87m,[38;2;49;77;79m'[38;2;1;12;13m [38;2;27;53;100m.[38;2;127;163;163md[38;2;41;79;75m'[38;2;37;70;74m.[38;2;63;121;119m:[38;2;37;70;69m.[38;2;1;12;27m [38;2;169;186;230mO[38;2;5;13;21m [38;2;45;88;109m,[38;2;42;79;98m'[38;2;39;59;124m.[38;2;110;140;202mo[38;2;44;121;249mc[38;2;31;216;255mx[38;2;124;255;255mX[38;2;232;255;255mW[38;2;228;255;255mW[38;2;156;255;255mX[38;2;20;216;255mx[38;2;76;183;255mx[38;2;9;9;141m [38;2;0;12;66m [38;2;10;27;66m [38;2;11;54;87m.[38;2;6;38;48m.[38;2;12;25;21m [38;2;10;47;56m.[38;2;12;51;61m.[38;2;0;0;0m [38;2;7;41;46m.[38;2;64;110;119m;[38;2;13;42;50m.[38;2;11;44;51m.[38;2;15;42;51m.[0m
[0m[38;2;19;42;46m.[38;2;30;67;82m.[38;2;46;100;91m,[38;2;4;15;14m [38;2;5;33;45m [38;2;71;135;149mc[38;2;35;86;89m'[38;2;11;20;21m [38;2;41;81;86m'[38;2;38;79;86m'[38;2;43;84;100m'[38;2;50;95;115m,[38;2;36;80;110m'[38;2;23;50;110m.[38;2;25;68;171m'[38;2;13;73;215m'[38;2;2;148;250mc[38;2;114;212;255mO[38;2;125;236;255mK[38;2;74;221;255mO[38;2;65;225;255mO[38;2;71;249;255m0[38;2;115;249;255mK[38;2;144;250;255mX[38;2;165;254;255mN[38;2;181;254;255mN[38;2;114;246;255mK[38;2;86;178;255mx[38;2;120;153;229md[38;2;110;134;183ml[38;2;122;140;169mo[38;2;107;140;172mo[38;2;45;102;154m;[38;2;32;76;85m'[38;2;62;120;180m:[38;2;132;147;151mo[38;2;2;22;13m [38;2;3;34;32m [38;2;57;94;145m;[38;2;51;77;132m'[38;2;49;93;93m,[38;2;48;111;106m;[38;2;60;132;136mc[38;2;62;134;131mc[38;2;0;7;6m [38;2;42;77;130m'[38;2;126;139;137mo[38;2;51;104;100m;[38;2;22;50;59m.[38;2;68;130;128mc[38;2;46;97;90m,[38;2;0;8;26m [38;2;167;187;218mO[38;2;17;19;27m [38;2;5;48;64m.[38;2;29;54;72m.[38;2;44;62;135m'[38;2;112;132;185ml[38;2;12;67;224m'[38;2;49;216;255mk[38;2;123;252;255mK[38;2;213;255;255mW[38;2;206;255;255mW[38;2;37;244;255mO[38;2;2;105;255m;[38;2;50;111;239m:[38;2;38;50;141m.[38;2;0;8;58m [38;2;8;32;62m [38;2;9;51;88m.[38;2;6;40;43m.[38;2;11;29;25m [38;2;13;41;51m.[38;2;4;46;48m.[38;2;0;1;1m [38;2;20;56;55m.[38;2;57;99;105m,[38;2;7;27;35m [38;2;17;41;51m.[38;2;8;41;48m.[0m
[0m[38;2;36;63;68m.[38;2;77;154;162ml[38;2;17;51;42m.[38;2;6;15;20m [38;2;5;35;46m [38;2;78;145;156ml[38;2;33;77;82m'[38;2;23;37;44m.[38;2;78;161;171mo[38;2;68;140;164mc[38;2;66;134;164mc[38;2;57;140;171mc[38;2;70;146;175ml[38;2;18;52;127m.[38;2;14;60;207m.[38;2;9;96;255m;[38;2;0;225;255mx[38;2;166;255;255mN[38;2;163;255;255mN[38;2;154;255;255mX[38;2;120;255;255mK[38;2;106;250;255mK[38;2;98;246;255m0[38;2;106;248;255mK[38;2;110;249;255mK[38;2;116;241;255mK[38;2;55;215;255mk[38;2;19;130;255mc[38;2;11;62;234m'[38;2;4;38;133m.[38;2;17;44;105m.[38;2;78;145;175ml[38;2;57;135;136mc[38;2;37;91;84m'[38;2;78;129;199ml[38;2;128;131;130ml[38;2;4;24;24m [38;2;5;39;39m [38;2;50;84;127m,[38;2;61;111;160m:[38;2;0;0;5m [38;2;37;81;77m'[38;2;50;93;104m,[38;2;49;102;102m,[38;2;3;10;17m [38;2;61;96;170m;[38;2;117;130;129ml[38;2;4;23;27m [38;2;57;109;107m;[38;2;14;39;40m.[38;2;39;68;68m.[38;2;1;5;15m [38;2;162;177;208mk[38;2;15;24;30m [38;2;5;37;47m [38;2;8;24;32m [38;2;31;51;81m.[38;2;91;111;148m:[38;2;68;102;169m:[38;2;38;109;217m:[38;2;38;147;245ml[38;2;44;161;252mo[38;2;48;201;255mx[38;2;22;125;241m:[38;2;0;19;167m.[38;2;54;91;172m;[38;2;33;53;97m.[38;2;3;3;14m [38;2;15;30;43m [38;2;11;54;69m.[38;2;10;32;48m [38;2;13;30;29m [38;2;1;33;39m [38;2;9;48;56m.[38;2;0;0;1m [38;2;71;129;128mc[38;2;13;42;47m.[38;2;10;42;51m.[38;2;22;38;46m.[38;2;14;40;49m.[0m
[0m[38;2;79;142;126mc[38;2;25;68;73m.[38;2;1;18;17m [38;2;8;18;26m [38;2;5;31;50m [38;2;83;141;159ml[38;2;34;88;72m'[38;2;24;38;47m.[38;2;68;151;163ml[38;2;57;131;164mc[38;2;61;130;148mc[38;2;61;128;167mc[38;2;64;133;165mc[38;2;64;127;180mc[38;2;24;65;196m'[38;2;15;95;255m;[38;2;3;221;255mx[38;2;152;255;255mX[38;2;147;255;255mX[38;2;157;255;255mX[38;2;141;255;255mX[38;2;135;255;255mX[38;2;164;255;255mN[38;2;180;255;255mN[38;2;167;255;255mN[38;2;195;255;255mN[38;2;78;237;255m0[38;2;14;171;255mo[38;2;6;78;239m'[38;2;3;63;159m.[38;2;8;47;106m.[38;2;29;69;114m.[38;2;55;122;123m:[38;2;25;58;75m.[38;2;101;152;195mo[38;2;126;129;128ml[38;2;3;14;13m [38;2;5;28;27m [38;2;49;86;125m,[38;2;66;116;173m:[38;2;9;16;19m [38;2;23;58;62m.[38;2;44;78;83m'[38;2;24;60;55m.[38;2;11;20;21m [38;2;63;110;174m:[38;2;128;130;131ml[38;2;15;40;42m.[38;2;26;60;55m.[38;2;29;56;65m.[38;2;52;91;89m,[38;2;0;3;5m [38;2;152;171;202mk[38;2;29;45;53m.[38;2;7;45;51m.[38;2;13;48;57m.[38;2;15;26;41m [38;2;85;112;140m:[38;2;106;140;182mo[38;2;4;20;57m [38;2;10;29;92m.[38;2;17;38;131m.[38;2;92;131;176ml[38;2;4;12;69m [38;2;2;2;30m [38;2;108;134;151ml[38;2;12;17;31m [38;2;2;4;4m [38;2;10;29;31m [38;2;10;53;60m.[38;2;7;31;40m [38;2;11;27;30m [38;2;6;35;35m [38;2;5;48;51m.[38;2;18;30;24m [38;2;49;95;93m,[38;2;6;42;46m.[38;2;16;48;49m.[38;2;19;34;44m.[38;2;16;39;49m.[0m
[0m[38;2;38;71;65m.[38;2;5;42;50m.[38;2;3;24;21m [38;2;9;16;21m [38;2;5;32;46m [38;2;74;143;155ml[38;2;32;79;64m.[38;2;21;35;53m.[38;2;71;150;156ml[38;2;60;134;140mc[38;2;57;128;155m:[38;2;61;128;160mc[38;2;61;133;174mc[38;2;56;127;181mc[38;2;46;121;200m:[38;2;19;81;246m,[38;2;10;187;255mo[38;2;145;255;255mX[38;2;122;255;255mX[38;2;137;255;255mX[38;2;122;255;255mX[38;2;126;255;255mX[38;2;120;255;255mX[38;2;118;255;255mK[38;2;117;250;255mK[38;2;122;250;255mK[38;2;47;216;255mk[38;2;9;110;254m;[38;2;10;69;219m'[38;2;12;58;132m.[38;2;22;49;101m.[38;2;23;48;74m.[38;2;27;65;76m.[38;2;11;26;28m [38;2;111;151;204mo[38;2;125;134;136ml[38;2;8;15;15m [38;2;61;108;94m;[38;2;56;93;140m;[38;2;66;108;166m:[38;2;9;14;16m [38;2;25;60;61m.[38;2;13;48;62m.[38;2;10;45;58m.[38;2;0;14;18m [38;2;74;123;168mc[38;2;128;128;129ml[38;2;0;27;35m [38;2;9;49;55m.[38;2;4;49;54m.[38;2;20;51;56m.[38;2;0;7;3m [38;2;137;161;182md[38;2;64;88;94m,[38;2;2;25;28m [38;2;9;27;31m [38;2;0;5;8m [38;2;98;129;169ml[38;2;96;134;173ml[38;2;12;19;11m [38;2;11;14;10m [38;2;88;111;123m:[38;2;26;36;50m.[38;2;1;2;6m [38;2;14;20;29m [38;2;122;157;180md[38;2;0;1;0m [38;2;0;8;0m [38;2;10;32;31m [38;2;9;53;65m.[38;2;7;29;36m [38;2;13;22;29m [38;2;4;40;45m.[38;2;10;44;48m.[38;2;9;24;19m [38;2;9;39;42m.[38;2;10;38;43m.[38;2;14;38;38m.[38;2;13;41;44m.[38;2;8;29;39m [0m
[0m[38;2;17;47;46m.[38;2;5;50;54m.[38;2;4;29;24m [38;2;7;11;17m [38;2;8;34;40m [38;2;73;140;154ml[38;2;30;74;62m.[38;2;12;23;37m [38;2;55;111;121m;[38;2;42;97;91m,[38;2;43;86;103m'[38;2;44;90;101m,[38;2;53;93;132m,[38;2;55;96;135m;[38;2;34;88;153m,[38;2;39;86;196m,[38;2;37;108;248m:[38;2;27;118;239m:[38;2;22;160;255ml[38;2;13;157;254ml[38;2;8;166;255ml[38;2;4;161;253ml[38;2;10;162;251ml[38;2;6;152;250mc[38;2;4;127;251m:[38;2;10;111;238m;[38;2;37;116;235m:[38;2;6;37;161m.[38;2;7;62;144m.[38;2;13;49;105m.[38;2;6;46;76m.[38;2;7;45;64m.[38;2;3;44;64m.[38;2;1;20;27m [38;2;123;156;194md[38;2;115;128;128ml[38;2;0;0;1m [38;2;68;138;120mc[38;2;71;102;171m:[38;2;56;95;149m;[38;2;0;15;13m [38;2;14;51;52m.[38;2;7;48;57m.[38;2;16;39;49m.[38;2;2;14;22m [38;2;98;133;183ml[38;2;121;128;128ml[38;2;4;16;20m [38;2;3;19;18m [38;2;2;19;10m [38;2;4;15;7m [38;2;0;1;0m [38;2;107;143;158mo[38;2;82;112;121m:[38;2;9;15;17m [38;2;17;47;50m.[38;2;0;18;20m [38;2;99;124;136mc[38;2;86;120;133mc[38;2;70;88;78m,[38;2;56;49;52m.[38;2;118;146;178mo[38;2;20;26;21m [38;2;19;24;28m [38;2;121;141;148mo[38;2;26;38;37m.[38;2;0;5;0m [38;2;0;7;0m [38;2;14;31;29m [38;2;9;45;59m.[38;2;5;28;34m [38;2;8;26;27m [38;2;8;34;43m [38;2;7;29;30m [38;2;3;18;14m [38;2;12;45;47m.[38;2;13;35;43m.[38;2;10;27;34m [38;2;17;38;41m.[38;2;40;80;85m'[0m
[0m[38;2;18;40;39m.[38;2;5;42;43m.[38;2;3;33;26m [38;2;4;33;38m [38;2;2;30;38m [38;2;65;125;153m:[38;2;37;85;73m'[38;2;1;5;10m [38;2;7;30;39m [38;2;6;34;48m [38;2;9;45;54m.[38;2;17;49;69m.[38;2;25;58;90m.[38;2;24;64;100m.[38;2;21;64;103m.[38;2;33;80;134m'[38;2;84;156;203mo[38;2;4;13;105m [38;2;16;58;176m.[38;2;7;61;177m.[38;2;13;66;189m'[38;2;15;62;187m.[38;2;13;63;180m.[38;2;10;57;172m.[38;2;9;57;157m.[38;2;11;54;148m.[38;2;13;51;129m.[38;2;19;41;85m.[38;2;11;50;102m.[38;2;11;47;79m.[38;2;3;49;77m.[38;2;2;48;72m.[38;2;5;47;62m.[38;2;3;24;33m [38;2;119;155;190md[38;2;113;131;129ml[38;2;0;1;0m [38;2;43;75;64m'[38;2;94;138;205ml[38;2;43;64;91m.[38;2;2;12;12m [38;2;5;18;14m [38;2;1;15;8m [38;2;2;5;2m [38;2;0;1;6m [38;2;128;156;198md[38;2;80;109;117m:[38;2;8;18;19m [38;2;2;9;12m [38;2;0;6;6m [38;2;0;6;5m [38;2;0;0;0m [38;2;83;125;153mc[38;2;101;126;128mc[38;2;7;14;18m [38;2;13;35;43m.[38;2;0;19;29m [38;2;14;29;38m [38;2;125;138;147mo[38;2;52;58;56m.[38;2;32;33;35m.[38;2;128;160;168md[38;2;93;95;100m;[38;2;123;139;159mo[38;2;26;27;29m [38;2;0;6;0m [38;2;0;9;0m [38;2;0;5;3m [38;2;13;38;26m.[38;2;8;44;54m.[38;2;8;35;47m [38;2;8;19;16m [38;2;13;23;23m [38;2;7;22;22m [38;2;7;31;28m [38;2;11;35;43m [38;2;46;81;90m'[38;2;53;93;103m,[38;2;62;106;119m;[38;2;45;85;106m,[0m
[0m[38;2;25;46;47m.[38;2;9;46;56m.[38;2;4;45;49m.[38;2;2;44;48m.[38;2;1;26;33m [38;2;61;115;142m:[38;2;50;99;93m,[38;2;0;9;17m [38;2;2;43;62m.[38;2;4;40;54m.[38;2;0;40;51m.[38;2;0;41;52m.[38;2;9;43;61m.[38;2;4;42;67m.[38;2;6;43;72m.[38;2;4;34;68m [38;2;52;105;140m;[38;2;1;8;37m [38;2;9;46;90m.[38;2;7;48;95m.[38;2;8;51;104m.[38;2;7;47;107m.[38;2;10;47;92m.[38;2;8;47;92m.[38;2;10;47;101m.[38;2;9;48;91m.[38;2;11;49;72m.[38;2;41;66;77m.[38;2;13;48;70m.[38;2;7;35;51m [38;2;6;32;38m [38;2;3;25;35m [38;2;2;19;23m [38;2;0;7;7m [38;2;98;148;186mo[38;2;128;137;131mo[38;2;2;11;11m [38;2;27;39;54m.[38;2;112;158;228md[38;2;6;19;26m [38;2;13;25;32m [38;2;34;37;42m.[38;2;92;72;28m'[38;2;100;77;31m,[38;2;95;63;34m'[38;2;170;165;140mx[38;2;170;165;97mx[38;2;153;152;80mo[38;2;153;148;67mo[38;2;130;114;75mc[38;2;102;102;46m;[38;2;73;61;33m.[38;2;105;100;84m:[38;2;151;133;98mo[38;2;153;146;80mo[38;2;161;154;68md[38;2;197;175;77mk[38;2;204;193;91mO[38;2;209;196;75mO[38;2;235;214;102mK[38;2;201;184;107mO[38;2;119;114;101mc[38;2;37;58;67m.[38;2;59;80;120m,[38;2;0;4;0m [38;2;0;10;0m [38;2;2;8;3m [38;2;0;4;1m [38;2;12;38;30m.[38;2;12;43;55m.[38;2;16;44;55m.[38;2;11;41;44m.[38;2;7;26;29m [38;2;21;52;53m.[38;2;34;63;68m.[38;2;39;72;77m.[38;2;32;72;77m.[38;2;15;44;48m.[38;2;7;35;39m [38;2;8;33;44m [0m
[0m[38;2;19;46;48m.[38;2;2;42;54m.[38;2;2;42;51m.[38;2;0;40;47m.[38;2;2;26;34m [38;2;59;104;142m;[38;2;54;110;104m;[38;2;0;6;11m [38;2;0;40;53m.[38;2;0;39;51m [38;2;4;41;50m.[38;2;2;40;53m.[38;2;4;41;51m.[38;2;6;41;55m.[38;2;5;43;56m.[38;2;3;40;61m.[38;2;5;38;67m.[38;2;4;15;35m [38;2;7;50;76m.[38;2;6;44;70m.[38;2;5;42;64m.[38;2;2;34;55m [38;2;7;33;47m [38;2;3;27;40m [38;2;5;22;32m [38;2;3;17;27m [38;2;4;17;19m [38;2;6;22;24m [38;2;8;20;28m [38;2;0;0;1m [38;2;75;86;86m,[38;2;121;135;131ml[38;2;108;123;126mc[38;2;104;120;117mc[38;2;127;160;170md[38;2;149;169;167mx[38;2;92;110;105m:[38;2;105;106;113m:[38;2;119;135;164ml[38;2;35;39;33m.[38;2;80;99;101m;[38;2;95;100;101m:[38;2;177;164;90mx[38;2;208;169;66mk[38;2;228;189;85mO[38;2;244;221;122mX[38;2;223;213;134mK[38;2;244;232;174mN[38;2;255;238;156mN[38;2;255;233;140mN[38;2;255;240;111mN[38;2;255;241;123mN[38;2;252;225;99mX[38;2;241;199;85m0[38;2;241;206;92mK[38;2;228;196;86m0[38;2;219;167;67mk[38;2;173;124;47ml[38;2;237;189;66mO[38;2;255;235;91mX[38;2;255;238;77mX[38;2;235;218;79mK[38;2;168;143;60mo[38;2;92;84;69m,[38;2;0;3;0m [38;2;0;7;0m [38;2;2;9;0m [38;2;0;6;0m [38;2;17;39;33m.[38;2;12;44;58m.[38;2;18;45;52m.[38;2;5;18;22m [38;2;11;26;26m [38;2;15;44;43m.[38;2;8;35;37m [38;2;8;44;53m.[38;2;10;43;51m.[38;2;8;44;52m.[38;2;10;43;53m.[38;2;11;32;41m [0m
[0m[38;2;13;45;50m.[38;2;3;41;52m.[38;2;4;39;50m.[38;2;0;38;50m [38;2;1;25;33m [38;2;56;103;148m;[38;2;59;124;103m:[38;2;0;14;15m [38;2;2;43;54m.[38;2;2;39;53m.[38;2;0;46;54m.[38;2;4;44;53m.[38;2;2;35;46m [38;2;4;30;41m [38;2;0;31;40m [38;2;2;24;30m [38;2;0;25;36m [38;2;2;10;14m [38;2;2;19;17m [38;2;3;12;10m [38;2;2;13;15m [38;2;5;17;19m [38;2;2;10;9m [38;2;0;7;0m [38;2;0;4;4m  [38;2;0;5;6m [38;2;15;54;72m.[38;2;10;52;66m.[38;2;0;7;6m [38;2;79;98;99m;[38;2;102;133;138ml[38;2;101;138;141ml[38;2;97;136;138ml[38;2;94;133;139ml[38;2;104;136;131ml[38;2;104;136;129ml[38;2;94;109;122m:[38;2;79;88;89m,[38;2;68;82;80m,[38;2;85;106;111m:[38;2;98;125;151mc[38;2;95;128;171ml[38;2;84;109;155m:[38;2;111;129;148ml[38;2;125;132;198mo[38;2;85;181;228mx[38;2;107;211;253mO[38;2;117;192;249mk[38;2;180;170;224mk[38;2;197;181;174mO[38;2;182;162;114mx[38;2;244;219;127mX[38;2;255;230;124mX[38;2;255;229;102mX[38;2;255;241;106mN[38;2;235;197;78m0[38;2;168;140;63mo[38;2;188;123;41ml[38;2;206;130;40mo[38;2;222;181;71mO[38;2;253;225;76mX[38;2;255;236;80mX[38;2;255;238;86mX[38;2;180;175;79mx[38;2;107;84;39m,[38;2;33;20;7m [38;2;0;2;0m [38;2;11;36;33m [38;2;10;46;60m.[38;2;10;23;30m [38;2;9;32;30m [38;2;4;20;24m [38;2;11;20;22m [38;2;9;23;24m [38;2;9;34;37m [38;2;13;39;45m.[38;2;7;40;43m.[38;2;12;40;50m.[38;2;6;20;35m [0m
[0m[38;2;20;50;53m.[38;2;6;43;52m.[38;2;2;37;47m [38;2;4;36;50m [38;2;1;27;38m [38;2;49;89;137m,[38;2;55;128;119m:[38;2;0;10;11m [38;2;2;24;32m [38;2;0;19;25m [38;2;0;16;19m [38;2;2;15;10m [38;2;0;6;4m [38;2;0;2;0m [38;2;0;7;2m [38;2;0;4;0m [38;2;0;21;32m [38;2;3;31;33m [38;2;7;32;46m [38;2;4;41;49m.[38;2;4;45;65m.[38;2;11;54;73m.[38;2;2;13;21m [38;2;0;8;13m [38;2;0;4;19m [38;2;0;7;12m [38;2;0;14;16m [38;2;12;53;74m.[38;2;6;49;60m.[38;2;4;35;37m [38;2;7;23;33m [38;2;9;35;39m [38;2;1;15;24m [38;2;0;1;4m [38;2;16;25;45m [38;2;182;207;209m0[38;2;10;13;14m [38;2;78;105;142m:[38;2;96;101;103m:[38;2;11;23;17m [38;2;4;33;34m [38;2;5;23;37m [38;2;65;116;126m:[38;2;60;128;139m:[38;2;26;50;136m.[38;2;106;158;239md[38;2;66;203;255mx[38;2;114;255;255mK[38;2;73;234;255mO[38;2;97;211;255mO[38;2;119;200;253mO[38;2;77;177;244md[38;2;88;127;225ml[38;2;182;162;134mx[38;2;239;206;99mK[38;2;255;236;84mX[38;2;255;226;83mX[38;2;255;227;81mX[38;2;255;234;89mX[38;2;244;209;73mK[38;2;228;183;66mO[38;2;231;182;61mO[38;2;249;212;70mK[38;2;255;214;70mK[38;2;255;229;76mX[38;2;255;236;89mX[38;2;237;209;73m0[38;2;185;175;73mx[38;2;95;75;47m,[38;2;4;36;50m [38;2;1;6;8m [38;2;18;40;40m.[38;2;18;44;50m.[38;2;14;42;51m.[38;2;13;26;32m [38;2;3;13;14m [38;2;13;23;26m [38;2;9;35;38m [38;2;20;40;42m.[38;2;23;37;34m.[0m
[0m[38;2;13;33;31m [38;2;5;24;26m [38;2;11;22;19m [38;2;2;11;22m [38;2;7;30;49m [38;2;45;77;124m'[38;2;64;133;131mc[38;2;3;12;2m [38;2;0;8;4m [38;2;15;21;20m [38;2;4;19;22m [38;2;10;24;25m [38;2;0;11;2m [38;2;5;9;0m [38;2;0;9;6m [38;2;3;8;2m [38;2;7;25;30m [38;2;8;44;55m.[38;2;7;46;67m.[38;2;8;41;72m.[38;2;8;49;81m.[38;2;13;51;93m.[38;2;0;21;45m [38;2;3;15;54m [38;2;0;14;75m [38;2;3;16;86m [38;2;0;13;73m [38;2;15;44;104m.[38;2;10;39;59m.[38;2;14;39;54m.[38;2;16;43;50m.[38;2;10;39;41m.[38;2;32;48;64m.[38;2;48;81;84m'[38;2;14;39;43m.[38;2;189;216;245mK[38;2;77;90;81m,[38;2;136;164;189mx[38;2;109;129;131ml[38;2;32;58;43m.[38;2;2;41;49m.[38;2;8;42;50m.[38;2;28;63;75m.[38;2;69;134;124mc[38;2;49;72;161m'[38;2;81;107;224mc[38;2;80;156;255mo[38;2;88;251;255m0[38;2;79;255;255m0[38;2;93;255;255mK[38;2;100;238;255m0[38;2;39;162;255mo[38;2;80;149;252mo[38;2;23;28;57m.[38;2;108;76;51m,[38;2;221;164;55mk[38;2;255;230;83mX[38;2;255;226;98mX[38;2;255;223;74mX[38;2;255;225;82mX[38;2;255;224;72mX[38;2;255;223;83mX[38;2;255;228;80mX[38;2;255;197;66m0[38;2;255;223;75mX[38;2;255;223;74mX[38;2;255;223;71mX[38;2;255;234;82mX[38;2;255;238;110mN[38;2;109;71;46m,[38;2;45;33;14m.[38;2;25;49;38m.[38;2;16;30;31m [38;2;21;48;56m.[38;2;21;52;52m.[38;2;20;42;59m.[38;2;3;7;11m [38;2;8;9;7m [38;2;9;16;10m [38;2;2;9;6m [0m
