[0m[38;2;24;51;50m.[38;2;9;45;45m.[38;2;15;42;32m.[38;2;1;15;8m [38;2;10;41;46m.[38;2;3;28;38m [38;2;83;150;145ml[38;2;17;41;36m.[38;2;1;5;0m [38;2;0;11;1m [38;2;2;11;7m [38;2;7;20;16m [38;2;8;26;25m [38;2;2;13;15m [38;2;123;162;200md[38;2;104;118;130mc[38;2;2;11;8m [38;2;12;50;53m.[38;2;14;47;72m.[38;2;9;46;65m.[38;2;15;49;72m.[38;2;13;52;65m.[38;2;11;48;79m.[38;2;11;52;72m.[38;2;11;50;69m.[38;2;10;41;50m.[38;2;86;169;191md[38;2;15;24;36m [38;2;37;80;99m'[38;2;52;102;130m;[38;2;47;89;123m,[38;2;26;58;89m.[38;2;10;46;77m.[38;2;7;48;75m.[38;2;8;34;71m.[38;2;63;112;161m:[38;2;39;67;75m.[38;2;81;162;188mo[38;2;52;102;134m;[38;2;5;39;65m.[38;2;1;47;48m.[38;2;22;50;120m.[38;2;140;157;170md[38;2;9;42;57m.[38;2;1;23;35m [38;2;16;37;97m.[38;2;199;244;255mN[38;2;42;86;105m'[38;2;54;102;110m;[38;2;32;71;85m.[38;2;15;26;27m [38;2;17;45;59m.[38;2;8;30;39m [38;2;11;42;59m.[38;2;8;45;64m.[38;2;9;37;44m.[38;2;14;51;60m.[38;2;2;14;24m [38;2;64;98;163m;[38;2;10;34;49m [38;2;3;26;42m [38;2;8;38;54m.[38;2;11;31;60m [38;2;15;46;70m.[38;2;5;43;55m.[38;2;16;42;61m.[38;2;4;35;47m [38;2;14;49;52m.[38;2;7;45;52m.[38;2;19;50;64m.[38;2;3;28;37m [38;2;14;48;54m.[38;2;8;45;42m.[38;2;1;6;4m [38;2;7;34;27m [38;2;12;45;38m.[38;2;12;41;42m.[38;2;10;37;37m [38;2;24;50;46m.[38;2;8;48;39m.[0m
[0m[38;2;17;50;46m.[38;2;9;46;46m.[38;2;5;34;28m [38;2;0;13;14m [38;2;6;37;44m [38;2;6;29;33m [38;2;74;151;152ml[38;2;11;28;24m [38;2;2;6;6m [38;2;0;6;2m [38;2;0;2;0m   [38;2;20;38;53m.[38;2;196;225;243mX[38;2;14;16;22m [38;2;7;11;12m [38;2;3;17;15m [38;2;5;23;27m [38;2;5;27;39m [38;2;5;30;53m [38;2;9;38;62m.[38;2;8;42;78m.[38;2;13;47;83m.[38;2;14;46;84m.[38;2;9;41;82m.[38;2;37;94;122m,[38;2;18;31;49m.[38;2;12;43;91m.[38;2;6;42;78m.[38;2;11;43;88m.[38;2;22;52;97m.[38;2;18;52;93m.[38;2;19;54;94m.[38;2;22;53;96m.[38;2;44;80;108m'[38;2;41;62;70m.[38;2;78;150;182ml[38;2;77;165;179mo[38;2;15;47;74m.[38;2;0;31;40m [38;2;37;66;139m'[38;2;126;146;160mo[38;2;9;41;47m.[38;2;4;22;39m [38;2;18;35;93m.[38;2;202;241;255mN[38;2;6;14;17m [38;2;71;133;159mc[38;2;78;167;190mo[38;2;41;73;100m'[38;2;40;73;103m'[38;2;7;31;47m [38;2;35;70;92m.[38;2;14;35;51m.[38;2;2;18;35m [38;2;8;37;49m.[38;2;2;14;32m [38;2;95;123;198ml[38;2;10;32;59m [38;2;6;28;53m [38;2;5;37;52m.[38;2;54;76;93m'[38;2;55;62;72m.[38;2;57;76;88m'[38;2;51;66;81m.[38;2;46;67;79m.[38;2;34;60;66m.[38;2;14;51;57m.[38;2;9;44;56m.[38;2;0;25;28m [38;2;18;45;50m.[38;2;8;31;32m [38;2;0;5;4m [38;2;6;32;32m [38;2;10;32;35m [38;2;9;32;35m [38;2;8;36;30m [38;2;12;41;44m.[38;2;10;43;40m.[0m
[0m[38;2;20;49;53m.[38;2;14;44;50m.[38;2;15;33;32m [38;2;1;11;15m [38;2;8;40;53m.[38;2;3;28;32m [38;2;78;148;147ml[38;2;2;19;20m [38;2;6;25;29m [38;2;11;25;32m [38;2;5;21;20m [38;2;7;24;30m [38;2;0;1;7m [38;2;143;175;200mk[38;2;94;110;134m:[38;2;6;25;43m [38;2;7;30;61m [38;2;0;2;11m [38;2;0;2;16m [38;2;0;3;21m [38;2;3;5;19m [38;2;0;2;21m [38;2;2;9;37m [38;2;5;18;47m [38;2;7;21;55m [38;2;9;26;71m [38;2;10;35;79m.[38;2;10;17;48m [38;2;16;46;113m.[38;2;15;49;119m.[38;2;20;52;122m.[38;2;18;47;113m.[38;2;17;46;115m.[38;2;12;49;117m.[38;2;6;39;93m.[38;2;72;123;171mc[38;2;36;63;83m.[38;2;24;57;89m.[38;2;43;94;138m,[38;2;33;76;121m'[38;2;14;30;48m [38;2;52;79;153m,[38;2;103;126;139mc[38;2;6;39;50m.[38;2;3;18;43m [38;2;13;29;89m.[38;2;213;250;255mW[38;2;3;6;24m [38;2;19;59;79m.[38;2;88;163;193mo[38;2;37;58;84m.[38;2;73;132;164mc[38;2;3;26;62m [38;2;47;94;128m,[38;2;81;164;190mo[38;2;21;43;60m.[38;2;24;43;63m.[38;2;25;51;79m.[38;2;114;165;227mx[38;2;7;24;74m [38;2;13;28;126m.[38;2;9;24;113m.[38;2;68;96;184m;[38;2;73;88;156m;[38;2;73;94;140m;[38;2;68;85;119m,[38;2;70;89;108m,[38;2;51;71;94m'[38;2;77;102;114m;[38;2;57;78;104m'[38;2;3;28;25m [38;2;12;23;28m [38;2;4;16;14m [38;2;6;36;38m [38;2;17;48;58m.[38;2;12;32;33m [38;2;22;47;49m.[38;2;9;26;26m [38;2;12;42;50m.[38;2;12;42;49m.[0m
[0m[38;2;24;50;52m.[38;2;15;44;55m.[38;2;12;33;38m [38;2;9;14;17m [38;2;13;41;50m.[38;2;5;27;36m [38;2;82;146;159ml[38;2;9;35;46m [38;2;2;8;5m [38;2;16;39;48m.[38;2;2;14;24m [38;2;11;26;35m [38;2;74;94;129m;[38;2;202;218;228mK[38;2;5;12;47m [38;2;13;41;76m.[38;2;11;31;81m.[38;2;16;39;97m.[38;2;9;39;92m.[38;2;6;27;73m [38;2;10;19;67m [38;2;38;46;87m.[38;2;39;48;91m.[38;2;36;47;88m.[38;2;37;49;87m.[38;2;39;46;90m.[38;2;36;47;83m.[38;2;40;42;99m.[38;2;23;29;94m.[38;2;31;44;102m.[38;2;28;38;96m.[38;2;9;24;81m [38;2;16;29;99m.[38;2;15;33;95m.[38;2;16;44;103m.[38;2;27;62;122m.[38;2;23;43;78m.[38;2;15;47;93m.[38;2;19;51;119m.[38;2;9;50;95m.[38;2;0;11;40m [38;2;73;112;183m:[38;2;87;113;137m:[38;2;38;75;101m'[38;2;44;81;102m'[38;2;9;23;60m [38;2;221;252;255mW[38;2;6;14;34m [38;2;6;29;59m [38;2;57;110;139m;[38;2;44;72;92m'[38;2;40;80;116m'[38;2;40;77;123m'[38;2;7;27;56m [38;2;83;148;185ml[38;2;23;48;74m.[38;2;17;30;70m.[38;2;57;133;194mc[38;2;105;144;205mo[38;2;5;27;182m.[38;2;56;134;245ml[38;2;74;189;255mx[38;2;50;171;254mo[38;2;10;110;243m;[38;2;12;66;213m'[38;2;8;42;160m.[38;2;5;41;91m.[38;2;10;45;74m.[38;2;10;27;42m [38;2;107;123;156ml[38;2;25;30;44m.[38;2;6;20;20m [38;2;16;39;56m.[38;2;11;51;62m.[38;2;10;37;42m.[38;2;2;3;6m [38;2;49;70;63m.[38;2;29;53;54m.[38;2;16;40;49m.[38;2;11;42;43m.[0m
[0m[38;2;22;49;51m.[38;2;13;45;51m.[38;2;7;31;30m [38;2;10;17;22m [38;2;9;41;51m.[38;2;6;27;39m [38;2;80;149;158ml[38;2;17;37;50m.[38;2;12;36;49m.[38;2;4;18;28m [38;2;10;21;33m [38;2;19;33;66m.[38;2;210;233;252mN[38;2;53;57;93m.[38;2;10;35;93m.[38;2;14;43;120m.[38;2;6;29;117m.[38;2;17;52;159m.[38;2;23;61;186m'[38;2;3;21;135m [38;2;61;104;187m:[38;2;142;202;248mO[38;2;144;185;243mk[38;2;135;182;239mk[38;2;135;177;234mk[38;2;138;186;238mk[38;2;119;160;224md[38;2;148;154;229mx[38;2;101;123;218ml[38;2;109;156;217md[38;2;100;136;193ml[38;2;110;131;181ml[38;2;52;78;144m,[38;2;81;93;126m;[38;2;24;28;93m.[38;2;2;9;75m [38;2;0;11;59m [38;2;7;30;74m [38;2;13;31;80m.[38;2;11;30;64m [38;2;1;12;59m [38;2;115;160;225md[38;2;54;70;112m'[38;2;8;44;74m.[38;2;64;117;144m:[38;2;12;23;60m [38;2;214;252;255mW[38;2;15;25;40m [38;2;26;59;87m.[38;2;31;60;85m.[38;2;49;85;101m,[38;2;14;32;54m.[38;2;64;108;140m;[38;2;5;33;67m [38;2;34;73;103m'[38;2;29;52;71m.[38;2;13;38;82m.[38;2;12;64;133m.[38;2;118;153;219md[38;2;10;66;246m'[38;2;65;193;255mx[38;2;121;255;255mX[38;2;106;255;255mK[38;2;136;255;255mX[38;2;5;170;255ml[38;2;2;56;236m.[38;2;14;33;142m.[38;2;9;41;78m.[38;2;11;32;58m [38;2;43;47;89m.[38;2;68;92;119m;[38;2;7;42;51m.[38;2;12;44;64m.[38;2;15;36;46m.[38;2;36;42;45m.[38;2;36;57;58m.[38;2;26;51;59m.[38;2;8;42;57m.[38;2;12;45;49m.[38;2;12;38;41m.[0m
[0m[38;2;22;48;50m.[38;2;10;44;60m.[38;2;10;30;27m [38;2;10;22;24m [38;2;9;42;54m.[38;2;3;26;45m [38;2;81;152;165ml[38;2;5;15;23m [38;2;36;68;86m.[38;2;35;65;83m.[38;2;19;26;69m.[38;2;123;162;202md[38;2;118;129;165ml[38;2;22;43;91m.[38;2;32;57;150m.[38;2;25;73;192m'[38;2;2;78;233m'[38;2;18;125;244m:[38;2;5;138;249mc[38;2;6;112;242m;[38;2;5;102;242m;[38;2;13;123;246m:[38;2;8;101;245m;[38;2;8;81;233m,[38;2;13;72;232m'[38;2;9;74;235m'[38;2;4;65;232m'[38;2;19;84;229m,[38;2;11;62;213m'[38;2;8;44;194m.[38;2;6;64;210m.[38;2;16;67;213m'[38;2;26;72;209m'[38;2;109;125;214ml[38;2;181;208;240mK[38;2;92;100;151m:[38;2;6;11;104m [38;2;5;14;105m [38;2;0;16;76m [38;2;1;5;23m [38;2;5;20;95m [38;2;133;187;248mk[38;2;7;11;25m [38;2;2;16;16m [38;2;15;32;52m.[38;2;19;30;88m.[38;2;229;255;255mW[38;2;0;10;24m [38;2;8;42;67m.[38;2;7;43;75m.[38;2;52;89;122m,[38;2;12;29;44m [38;2;22;62;90m.[38;2;22;59;89m.[38;2;24;57;87m.[38;2;27;57;89m.[38;2;10;36;74m.[38;2;13;47;111m.[38;2;109;145;221mo[38;2;17;97;253m;[38;2;75;206;255mk[38;2;115;255;255mK[38;2;69;255;255m0[38;2;137;255;255mX[38;2;1;186;255mo[38;2;2;71;254m'[38;2;9;41;170m.[38;2;17;54;112m.[38;2;6;23;47m [38;2;35;53;101m.[38;2;70;89;129m;[38;2;13;44;51m.[38;2;19;36;43m.[38;2;36;50;47m.[38;2;36;57;57m.[38;2;13;41;49m.[38;2;13;44;58m.[38;2;8;44;55m.[38;2;9;43;55m.[38;2;9;41;51m.[0m
[0m[38;2;28;47;50m.[38;2;9;50;64m.[38;2;6;21;27m [38;2;6;23;28m [38;2;10;43;53m.[38;2;2;30;42m [38;2;85;150;168ml[38;2;0;4;10m [38;2;10;42;76m.[38;2;8;36;57m.[38;2;25;48;130m.[38;2;174;200;229m0[38;2;7;12;49m [38;2;53;115;190m:[38;2;67;127;220mc[38;2;67;157;251mo[38;2;4;182;255mo[38;2;160;255;255mN[38;2;100;248;255mK[38;2;98;244;255m0[38;2;92;245;255m0[38;2;78;239;255m0[38;2;78;232;255mO[38;2;65;221;255mk[38;2;51;208;255mx[38;2;28;183;255mo[38;2;4;174;255ml[38;2;9;176;255mo[38;2;2;165;255ml[38;2;11;136;255mc[38;2;4;130;255m:[38;2;3;124;253m:[38;2;4;107;252m;[38;2;0;48;219m.[38;2;26;86;239m,[38;2;194;230;255mX[38;2;39;77;203m,[38;2;20;62;199m'[38;2;2;24;126m.[38;2;4;18;74m [38;2;12;45;152m.[38;2;146;210;255m0[38;2;2;5;22m [38;2;19;44;83m.[38;2;3;17;41m [38;2;13;44;120m.[38;2;210;248;252mN[38;2;0;0;0m [38;2;2;10;12m [38;2;2;12;14m [38;2;6;17;23m [38;2;6;15;26m [38;2;8;32;55m [38;2;8;38;62m.[38;2;15;39;67m.[38;2;16;59;79m.[38;2;6;18;46m [38;2;25;63;131m.[38;2;80;119;195mc[38;2;25;84;232m,[38;2;63;185;255md[38;2;100;236;255m0[38;2;85;255;255mK[38;2;136;255;255mX[38;2;8;175;255mo[38;2;0;47;228m.[38;2;6;17;120m [38;2;8;28;86m [38;2;8;30;47m [38;2;41;62;102m.[38;2;73;93;121m;[38;2;5;13;15m [38;2;30;47;54m.[38;2;17;35;38m.[38;2;13;35;48m.[38;2;9;38;48m.[38;2;12;44;56m.[38;2;10;43;51m.[38;2;10;44;50m.[38;2;18;45;53m.[0m
[0m[38;2;20;49;52m.[38;2;9;47;61m.[38;2;9;23;28m [38;2;8;24;26m [38;2;12;44;57m.[38;2;0;29;42m [38;2;92;153;167mo[38;2;0;6;13m [38;2;15;44;74m.[38;2;4;21;55m [38;2;90;141;218mo[38;2;76;89;121m;[38;2;7;35;110m.[38;2;21;56;172m.[38;2;76;155;251mo[38;2;62;181;255md[38;2;0;201;255md[38;2;178;255;255mN[38;2;117;255;255mK[38;2;126;255;255mX[38;2;117;255;255mK[38;2;130;255;255mX[38;2;153;255;255mX[38;2;167;255;255mN[38;2;180;255;255mN[38;2;171;255;255mN[38;2;103;255;255mK[38;2;115;251;255mK[38;2;114;249;255mK[38;2;119;253;255mK[38;2;90;245;255m0[38;2;87;240;255m0[38;2;62;228;255mO[38;2;40;204;255mx[38;2;8;178;255mo[38;2;99;228;255m0[38;2;95;165;249md[38;2;2;78;248m'[38;2;4;34;175m.[38;2;6;25;135m.[38;2;37;86;192m,[38;2;169;212;248mK[38;2;0;12;40m [38;2;28;51;114m.[38;2;3;18;48m [38;2;12;31;106m.[38;2;204;245;253mN[38;2;0;1;4m [38;2;2;13;22m [38;2;12;34;54m.[38;2;10;35;47m [38;2;9;19;25m [38;2;0;5;3m [38;2;1;5;7m [38;2;2;3;9m [38;2;3;9;12m [38;2;2;7;16m [38;2;2;17;38m [38;2;93;116;172mc[38;2;11;31;120m.[38;2;12;45;161m.[38;2;8;76;217m'[38;2;9;118;227m;[38;2;44;138;229mc[38;2;3;68;198m.[38;2;1;9;118m [38;2;2;14;49m [38;2;0;5;22m [38;2;0;4;4m [38;2;68;83;120m,[38;2;51;58;89m.[38;2;21;32;35m.[38;2;16;53;64m.[38;2;16;44;53m.[38;2;12;36;42m.[38;2;15;40;45m.[38;2;9;36;45m [38;2;12;42;53m.[38;2;13;46;55m.[38;2;12;47;55m.[0m
[0m[38;2;22;54;51m.[38;2;14;46;63m.[38;2;8;25;27m [38;2;11;27;29m [38;2;8;44;52m.[38;2;6;25;40m [38;2;89;160;164mo[38;2;1;6;16m [38;2;12;43;73m.[38;2;19;35;90m.[38;2;139;183;241mk[38;2;5;19;50m [38;2;17;48;142m.[38;2;8;45;161m.[38;2;62;139;247ml[38;2;57;189;255mx[38;2;0;206;255md[38;2;200;255;255mW[38;2;130;255;255mX[38;2;132;255;255mX[38;2;138;255;255mX[38;2;137;255;255mX[38;2;143;255;255mX[38;2;153;255;255mX[38;2;171;255;255mN[38;2;172;255;255mN[38;2;127;255;255mX[38;2;161;255;255mN[38;2;162;255;255mN[38;2;163;255;255mN[38;2;164;255;255mN[38;2;165;255;255mN[38;2;171;255;255mN[38;2;169;255;255mN[38;2;152;255;255mX[38;2;185;255;255mN[38;2;59;228;255mO[38;2;12;148;255mc[38;2;20;100;244m;[38;2;3;37;185m.[38;2;77;135;237ml[38;2;151;173;212mk[38;2;10;27;83m [38;2;24;49;129m.[38;2;5;25;120m.[38;2;5;28;149m.[38;2;172;220;248mK[38;2;0;0;1m [38;2;7;26;58m [38;2;12;47;88m.[38;2;4;26;45m [38;2;10;28;43m [38;2;19;32;35m [38;2;105;127;131mc[38;2;93;118;121mc[38;2;95;119;122mc[38;2;83;104;102m;[38;2;51;69;75m'[38;2;92;111;127m:[38;2;39;54;66m.[38;2;43;54;89m.[38;2;23;31;58m.[38;2;2;10;58m [38;2;8;27;76m [38;2;0;13;65m [38;2;0;6;26m [38;2;2;6;19m [38;2;4;6;16m [38;2;3;2;1m [38;2;105;123;142mc[38;2;21;48;68m.[38;2;11;40;49m.[38;2;11;39;43m.[38;2;12;43;54m.[38;2;17;43;49m.[38;2;13;33;39m [38;2;12;41;43m.[38;2;11;47;53m.[38;2;14;47;52m.[38;2;16;45;48m.[0m
[0m[38;2;21;42;43m.[38;2;9;37;55m.[38;2;9;24;28m [38;2;8;25;29m [38;2;7;45;56m.[38;2;5;27;44m [38;2;89;153;159mo[38;2;2;11;22m [38;2;4;38;56m.[38;2;28;47;123m.[38;2;153;212;246m0[38;2;7;18;47m [38;2;16;53;139m.[38;2;10;57;170m.[38;2;25;87;237m,[38;2;65;193;255mx[38;2;0;210;255md[38;2;208;255;255mW[38;2;156;255;255mX[38;2;140;255;255mX[38;2;141;255;255mX[38;2;146;255;255mX[38;2;160;255;255mN[38;2;154;255;255mX[38;2;174;255;255mN[38;2;180;255;255mN[38;2;125;255;255mX[38;2;184;255;255mN[38;2;192;255;255mN[38;2;169;255;255mN[38;2;174;255;255mN[38;2;162;255;255mN[38;2;156;255;255mX[38;2;157;255;255mX[38;2;171;255;255mN[38;2;219;255;255mW[38;2;35;247;255mO[38;2;22;207;255mx[38;2;3;60;252m'[38;2;5;47;217m.[38;2;105;181;252mx[38;2;109;123;152ml[38;2;58;98;168m;[38;2;73;128;186mc[38;2;102;142;211mo[38;2;168;205;245m0[38;2;199;214;213mK[38;2;160;151;107md[38;2;132;127;95ml[38;2;126;115;75mc[38;2;151;130;73ml[38;2;153;146;90mo[38;2;112;95;55m;[38;2;74;68;47m'[38;2;87;77;64m,[38;2;28;33;19m.[38;2;12;27;44m [38;2;1;16;46m [38;2;89;109;147m:[38;2;5;23;65m [38;2;5;19;63m [38;2;146;167;198mx[38;2;20;31;71m.[38;2;5;42;85m.[38;2;0;12;55m [38;2;0;16;42m [38;2;1;8;22m [38;2;2;5;12m [38;2;1;0;3m [38;2;144;153;195md[38;2;7;30;43m [38;2;1;8;8m [38;2;24;46;59m.[38;2;13;45;53m.[38;2;24;48;55m.[38;2;19;49;51m.[38;2;8;33;41m [38;2;24;50;55m.[38;2;13;40;52m.[38;2;13;45;48m.[0m
[0m[38;2;35;71;71m.[38;2;32;65;75m.[38;2;37;71;76m.[38;2;9;24;28m [38;2;10;47;51m.[38;2;3;32;46m [38;2;84;147;161ml[38;2;6;19;24m [38;2;29;59;69m.[38;2;27;50;119m.[38;2;154;189;214mO[38;2;26;42;68m.[38;2;33;66;122m.[38;2;35;71;162m'[38;2;30;88;220m,[38;2;57;161;254mo[38;2;13;206;255md[38;2;154;244;255mX[38;2;139;255;255mX[38;2;132;255;255mX[38;2;148;255;255mX[38;2;156;255;255mX[38;2;174;255;255mN[38;2;177;255;255mN[38;2;198;255;255mW[38;2;215;255;255mW[38;2;124;255;255mX[38;2;216;255;255mW[38;2;200;255;255mW[38;2;183;255;255mN[38;2;172;255;255mN[38;2;167;255;255mN[38;2;166;255;255mN[38;2;162;255;255mN[38;2;183;255;255mN[38;2;199;255;255mW[38;2;99;247;255mK[38;2;157;223;254mK[38;2;183;181;243mO[38;2;205;194;225m0[38;2;222;224;207mX[38;2;218;211;160mK[38;2;234;219;159mX[38;2;255;244;163mW[38;2;255;234;155mN[38;2;255;232;149mN[38;2;255;227;112mX[38;2;255;229;126mX[38;2;255;229;107mX[38;2;255;231;109mX[38;2;254;219;94mX[38;2;255;229;96mX[38;2;255;234;111mN[38;2;255;230;102mX[38;2;253;223;101mX[38;2;233;210;89mK[38;2;208;177;91mk[38;2;179;159;92mx[38;2;156;156;151md[38;2;26;45;125m.[38;2;29;71;192m'[38;2;64;161;231mo[38;2;40;121;216m:[38;2;15;113;220m;[38;2;1;55;181m.[38;2;0;24;122m [38;2;1;16;65m [38;2;1;10;27m [38;2;41;50;79m.[38;2;88;125;144mc[38;2;12;46;55m.[38;2;5;13;11m [38;2;18;45;54m.[38;2;8;33;28m [38;2;17;41;42m.[38;2;11;28;32m [38;2;11;36;39m.[38;2;22;45;50m.[38;2;33;55;63m.[38;2;27;57;57m.[0m
[0m[38;2;18;53;55m.[38;2;9;49;54m.[38;2;17;46;53m.[38;2;3;17;29m [38;2;9;47;61m.[38;2;3;33;45m [38;2;79;135;159mc[38;2;0;10;18m [38;2;11;38;59m.[38;2;27;39;89m.[38;2;199;238;245mN[38;2;0;6;31m [38;2;4;27;85m [38;2;53;97;161m;[38;2;15;65;144m.[38;2;26;61;199m'[38;2;52;139;238ml[38;2;11;108;242m;[38;2;14;157;255ml[38;2;7;166;255ml[38;2;15;182;255mo[38;2;30;207;255mx[38;2;45;212;255mx[38;2;54;222;255mk[38;2;59;224;255mk[38;2;77;228;255mO[38;2;38;243;255mO[38;2;102;239;255m0[38;2;103;245;255mK[38;2;107;251;255mK[38;2;124;253;255mX[38;2;119;248;255mK[38;2;113;248;255mK[38;2;187;255;255mN[38;2;207;255;255mW[38;2;215;255;255mW[38;2;211;207;250mK[38;2;149;155;228mx[38;2;117;138;185mo[38;2;185;169;187mk[38;2;183;164;157mk[38;2;179;152;126mx[38;2;181;147;94md[38;2;183;145;91md[38;2;172;130;67mo[38;2;255;230;131mX[38;2;255;225;109mX[38;2;255;226;108mX[38;2;255;226;108mX[38;2;255;226;107mX[38;2;255;226;106mX[38;2;255;226;105mX[38;2;255;227;99mX[38;2;255;227;108mX[38;2;255;226;100mX[38;2;250;214;91mK[38;2;238;197;96m0[38;2;247;216;89mK[38;2;255;237;152mN[38;2;215;203;200mK[38;2;158;186;255mO[38;2;102;221;255mO[38;2;139;255;255mX[38;2;189;255;255mN[38;2;0;207;255md[38;2;0;67;241m'[38;2;2;17;131m [38;2;1;4;28m [38;2;139;175;208mx[38;2;19;46;64m.[38;2;14;47;66m.[38;2;10;16;17m [38;2;6;38;55m.[38;2;37;79;87m'[38;2;18;58;82m.[38;2;25;64;88m.[38;2;8;30;35m [38;2;94;100;97m;[38;2;44;61;59m.[38;2;35;70;72m.[0m
[0m[38;2;21;50;54m.[38;2;12;48;60m.[38;2;12;46;54m.[38;2;3;24;34m [38;2;12;49;66m.[38;2;3;29;44m [38;2;86;150;163ml[38;2;7;31;43m [38;2;15;45;60m.[38;2;10;15;45m [38;2;191;211;250mK[38;2;28;41;61m.[38;2;13;36;78m.[38;2;23;62;95m.[38;2;67;132;172mc[38;2;6;30;98m.[38;2;60;125;201mc[38;2;7;28;121m.[38;2;18;71;202m'[38;2;12;73;208m'[38;2;12;80;214m'[38;2;16;89;230m,[38;2;15;89;237m,[38;2;8;98;240m;[38;2;14;110;246m;[38;2;9;109;248m;[38;2;20;139;254mc[38;2;11;111;248m;[38;2;8;129;252m:[38;2;6;140;252mc[38;2;7;134;253m:[38;2;19;147;253mc[38;2;159;232;254mK[38;2;228;234;245mN[38;2;220;218;244mX[38;2;180;187;240mO[38;2;150;142;199md[38;2;156;144;165md[38;2;123;108;124mc[38;2;157;134;123mo[38;2;96;88;86m;[38;2;85;78;85m,[38;2;62;59;59m.[38;2;62;65;69m'[38;2;159;115;70ml[38;2;255;241;122mN[38;2;255;225;111mX[38;2;255;226;109mX[38;2;255;226;108mX[38;2;255;227;108mX[38;2;255;226;105mX[38;2;255;226;104mX[38;2;255;226;104mX[38;2;255;224;104mX[38;2;255;226;103mX[38;2;255;227;104mX[38;2;255;229;120mX[38;2;237;194;100m0[38;2;241;198;116m0[38;2;248;215;155mX[38;2;255;234;212mN[38;2;211;229;248mX[38;2;190;251;255mN[38;2;218;255;255mW[38;2;0;188;255mo[38;2;0;63;246m'[38;2;0;8;95m [38;2;37;48;94m.[38;2;109;134;158ml[38;2;6;45;56m.[38;2;15;47;64m.[38;2;8;16;19m [38;2;9;36;47m.[38;2;26;47;53m.[38;2;18;31;41m [38;2;49;108;109m;[38;2;2;23;23m [38;2;134;143;140mo[38;2;61;92;84m,[38;2;26;70;69m.[0m
[0m[38;2;22;51;54m.[38;2;13;46;60m.[38;2;11;52;50m.[38;2;3;16;18m [38;2;14;47;68m.[38;2;6;29;47m [38;2;77;133;152mc[38;2;7;31;36m [38;2;13;48;60m.[38;2;5;22;31m [38;2;101;130;196ml[38;2;122;139;145mo[38;2;8;29;48m [38;2;5;43;65m.[38;2;43;82;120m'[38;2;57;99;129m;[38;2;56;116;162m:[38;2;4;13;56m [38;2;23;51;129m.[38;2;10;56;128m.[38;2;17;56;145m.[38;2;15;60;147m.[38;2;19;57;163m.[38;2;17;59;149m.[38;2;17;61;170m.[38;2;9;70;189m'[38;2;19;73;196m'[38;2;13;55;173m.[38;2;6;71;202m'[38;2;11;56;184m.[38;2;68;90;203m;[38;2;201;207;223mK[38;2;227;207;184mK[38;2;170;139;176md[38;2;92;94;144m:[38;2;138;124;172mo[38;2;141;117;117ml[38;2;132;109;105mc[38;2;113;106;114m:[38;2;135;137;138mo[38;2;0;4;27m [38;2;2;31;77m [38;2;85;77;64m,[38;2;183;143;73md[38;2;67;43;30m.[38;2;199;182;131mO[38;2;255;238;115mN[38;2;255;226;108mX[38;2;255;225;107mX[38;2;255;225;105mX[38;2;255;224;101mX[38;2;255;223;101mX[38;2;255;226;101mX[38;2;255;225;97mX[38;2;255;226;97mX[38;2;255;226;96mX[38;2;255;227;98mX[38;2;255;227;97mX[38;2;255;229;110mX[38;2;243;198;90m0[38;2;242;201;119mK[38;2;250;218;174mX[38;2;255;233;203mN[38;2;235;243;223mW[38;2;81;113;184mc[38;2;0;9;105m [38;2;1;6;43m [38;2;131;156;188md[38;2;11;20;32m [38;2;11;62;77m.[38;2;14;52;66m.[38;2;10;18;24m [38;2;10;31;30m [38;2;67;84;70m,[38;2;67;71;65m'[38;2;25;35;29m.[38;2;0;5;2m [38;2;135;140;135mo[38;2;36;56;51m.[38;2;20;57;51m.[0m
[0m[38;2;22;45;48m.[38;2;8;40;50m.[38;2;12;42;49m.[38;2;1;16;15m [38;2;9;42;62m.[38;2;54;97;112m,[38;2;49;106;105m;[38;2;1;12;13m [38;2;7;31;39m [38;2;7;23;24m [38;2;30;36;88m.[38;2;159;191;228mO[38;2;27;38;41m.[38;2;5;27;42m [38;2;4;22;38m [38;2;52;87;105m,[38;2;46;83;102m'[38;2;0;6;18m [38;2;11;34;64m.[38;2;7;30;65m [38;2;9;34;78m.[38;2;6;35;82m.[38;2;10;30;81m.[38;2;14;35;81m.[38;2;8;33;91m.[38;2;5;33;90m.[38;2;15;35;103m.[38;2;2;14;67m [38;2;31;57;121m.[38;2;106;109;162mc[38;2;179;180;154mk[38;2;161;143;102mo[38;2;109;102;109m:[38;2;95;101;149m:[38;2;53;79;111m'[38;2;47;62;105m.[38;2;30;55;70m.[38;2;36;60;104m.[38;2;118;150;211md[38;2;59;87;149m,[38;2;96;122;153mc[38;2;93;132;167ml[38;2;108;145;184mo[38;2;116;140;173mo[38;2;51;68;105m'[38;2;117;87;62m;[38;2;255;243;139mN[38;2;255;225;108mX[38;2;255;225;105mX[38;2;255;226;104mX[38;2;255;225;100mX[38;2;255;224;104mX[38;2;255;225;101mX[38;2;255;224;99mX[38;2;255;225;96mX[38;2;255;224;96mX[38;2;255;225;98mX[38;2;255;225;85mX[38;2;255;225;94mX[38;2;255;223;90mX[38;2;254;224;111mX[38;2;239;193;84m0[38;2;252;207;107mK[38;2;255;230;107mX[38;2;255;249;128mN[38;2;170;151;92md[38;2;91;84;82m,[38;2;59;63;68m.[38;2;35;47;47m.[38;2;19;45;58m.[38;2;10;37;45m.[38;2;5;14;15m [38;2;13;26;29m [38;2;33;30;32m.[38;2;27;35;33m.[38;2;7;19;16m [38;2;4;14;13m [38;2;85;94;97m;[38;2;28;52;52m.[38;2;25;59;58m.[0m
[0m[38;2;22;48;56m.[38;2;12;45;62m.[38;2;10;31;31m [38;2;1;18;19m [38;2;9;36;52m.[38;2;66;116;123m:[38;2;56;110;107m;[38;2;2;9;13m [38;2;3;7;4m [38;2;6;18;16m [38;2;4;12;12m [38;2;53;89;155m,[38;2;129;158;185md[38;2;22;29;27m [38;2;0;2;0m [38;2;0;4;6m [38;2;0;3;3m [38;2;7;20;33m [38;2;8;27;38m [38;2;3;8;21m [38;2;2;5;13m [38;2;54;60;70m.[38;2;41;48;62m.[38;2;103;102;104m:[38;2;97;118;136mc[38;2;131;144;151mo[38;2;126;147;158mo[38;2;86;107;137m:[38;2;127;149;172md[38;2;168;200;214m0[38;2;90;127;154mc[38;2;33;75;119m'[38;2;47;86;134m,[38;2;89;113;144m:[38;2;89;91;118m;[38;2;36;61;92m.[38;2;33;50;67m.[38;2;37;74;118m'[38;2;136;165;200mx[38;2;50;60;80m.[38;2;70;104;112m;[38;2;82;105;110m:[38;2;102;128;146ml[38;2;77;100;133m;[38;2;90;113;172mc[38;2;192;176;113mk[38;2;255;237;106mN[38;2;255;223;105mX[38;2;255;224;96mX[38;2;255;224;98mX[38;2;255;223;98mX[38;2;255;223;104mX[38;2;255;222;104mX[38;2;255;222;95mX[38;2;255;222;104mX[38;2;255;221;90mX[38;2;255;223;88mX[38;2;255;224;93mX[38;2;255;226;98mX[38;2;255;227;86mX[38;2;255;227;88mX[38;2;255;230;88mX[38;2;255;231;91mX[38;2;245;223;89mK[38;2;193;168;85mx[38;2;157;164;126mx[38;2;117;130;119ml[38;2;108;147;145mo[38;2;126;149;153mo[38;2;114;135;133ml[38;2;132;140;143mo[38;2;150;159;158md[38;2;188;198;198m0[38;2;192;200;201m0[38;2;193;201;202m0[38;2;157;173;171mx[38;2;144;152;153md[38;2;159;175;179mk[38;2;123;141;141mo[38;2;106;116;114mc[0m
[0m[38;2;24;50;55m.[38;2;9;46;56m.[38;2;10;35;33m [38;2;4;17;17m [38;2;8;34;58m.[38;2;66;122;128m:[38;2;49;103;96m,[38;2;3;19;24m [38;2;3;5;8m [38;2;18;47;49m.[38;2;4;26;28m [38;2;8;25;38m [38;2;55;92;139m,[38;2;131;165;209mx[38;2;62;69;75m'[38;2;1;2;3m [38;2;0;2;1m [38;2;14;53;75m.[38;2;9;57;81m.[38;2;2;16;22m [38;2;46;70;87m'[38;2;110;129;137ml[38;2;39;54;63m.[38;2;70;85;87m,[38;2;46;72;77m'[38;2;35;56;70m.[38;2;19;43;82m.[38;2;20;51;101m.[38;2;7;31;82m.[38;2;14;33;75m.[38;2;16;30;72m.[38;2;81;94;131m;[38;2;191;168;118mk[38;2;204;160;91mx[38;2;248;225;147mX[38;2;214;202;122m0[38;2;170;155;105md[38;2;132;142;147mo[38;2;98;86;88m;[38;2;127;131;153ml[38;2;151;183;171mk[38;2;167;175;165mk[38;2;158;177;167mk[38;2;167;173;130mx[38;2;230;219;129mK[38;2;255;236;102mN[38;2;255;228;98mX[38;2;255;227;97mX[38;2;255;226;97mX[38;2;255;226;95mX[38;2;255;226;98mX[38;2;255;225;97mX[38;2;255;223;98mX[38;2;255;224;87mX[38;2;255;225;89mX[38;2;255;226;87mX[38;2;255;227;83mX[38;2;255;227;80mX[38;2;255;228;86mX[38;2;255;227;85mX[38;2;255;227;95mX[38;2;255;236;93mX[38;2;205;182;78mk[38;2;129;108;81mc[38;2;106;146;154mo[38;2;113;151;169mo[38;2;115;154;157mo[38;2;86;120;117m:[38;2;168;181;179mk[38;2;228;248;248mW[38;2;225;244;244mW[38;2;221;243;244mN[38;2;221;243;245mN[38;2;220;241;243mN[38;2;223;241;244mN[38;2;224;242;245mN[38;2;222;243;246mN[38;2;218;243;244mN[38;2;221;243;246mN[38;2;231;246;248mW[0m
[0m[38;2;22;49;56m.[38;2;12;45;60m.[38;2;4;35;26m [38;2;9;21;23m [38;2;8;35;46m [38;2;69;133;130mc[38;2;43;92;92m,[38;2;3;17;20m [38;2;2;14;17m [38;2;4;23;25m [38;2;13;41;52m.[38;2;6;26;32m [38;2;4;4;7m [38;2;27;53;104m.[38;2;130;169;216mx[38;2;122;136;142ml[38;2;33;34;35m.[38;2;6;37;52m.[38;2;6;48;66m.[38;2;7;32;40m [38;2;5;25;35m [38;2;19;41;66m.[38;2;0;12;30m [38;2;0;4;21m [38;2;0;10;42m [38;2;0;8;64m [38;2;0;21;118m [38;2;18;53;169m.[38;2;13;64;190m.[38;2;15;57;188m.[38;2;5;31;155m.[38;2;27;68;185m'[38;2;99;90;140m:[38;2;66;62;81m'[38;2;210;181;158mO[38;2;200;184;137mO[38;2;255;247;153mW[38;2;255;239;128mN[38;2;239;204;124mK[38;2;244;213;119mK[38;2;255;225;131mX[38;2;255;227;121mX[38;2;253;222;103mX[38;2;255;230;116mX[38;2;255;225;115mX[38;2;255;226;107mX[38;2;255;228;106mX[38;2;255;227;96mX[38;2;255;225;100mX[38;2;255;224;95mX[38;2;255;224;93mX[38;2;255;226;98mX[38;2;255;224;91mX[38;2;255;227;92mX[38;2;255;226;86mX[38;2;255;225;90mX[38;2;255;228;84mX[38;2;255;226;83mX[38;2;255;225;82mX[38;2;255;226;84mX[38;2;255;237;92mX[38;2;220;185;76mO[38;2;97;111;100m:[38;2;108;149;162mo[38;2;113;151;153mo[38;2;115;152;152mo[38;2;76;105;105m;[38;2;201;212;211mK[38;2;226;247;250mW[38;2;216;240;238mN[38;2;216;240;239mN[38;2;218;240;238mN[38;2;220;240;240mN[38;2;218;240;240mN[38;2;218;240;243mN[38;2;219;240;243mN[38;2;218;241;244mN[38;2;221;240;243mN[38;2;219;241;243mN[38;2;219;241;243mN[0m
[0m[38;2;25;49;53m.[38;2;10;44;57m.[38;2;8;42;44m.[38;2;5;21;19m [38;2;8;33;50m [38;2;78;143;151ml[38;2;39;84;84m'[38;2;3;14;16m [38;2;13;44;56m.[38;2;6;40;48m.[38;2;8;45;58m.[38;2;7;28;39m [38;2;5;12;9m [38;2;1;8;8m [38;2;12;27;38m [38;2;68;96;127m;[38;2;134;166;199mx[38;2;115;142;157mo[38;2;80;89;103m;[38;2;17;44;61m.[38;2;7;37;55m.[38;2;19;54;79m.[38;2;12;35;60m.[38;2;19;33;77m.[38;2;17;42;95m.[38;2;21;41;151m.[38;2;3;82;227m'[38;2;52;174;253md[38;2;54;187;255md[38;2;54;184;255md[38;2;73;180;255md[38;2;51;169;254mo[38;2;16;106;237m;[38;2;27;83;196m,[38;2;82;115;219mc[38;2;71;78;142m,[38;2;184;169;142mk[38;2;215;203;155m0[38;2;242;211;138mK[38;2;241;210;119mK[38;2;238;211;125mK[38;2;236;214;121mK[38;2;214;148;58mx[38;2;250;227;122mX[38;2;255;231;115mX[38;2;255;235;110mN[38;2;255;235;107mN[38;2;255;236;110mN[38;2;255;233;101mX[38;2;255;231;95mX[38;2;255;230;98mX[38;2;255;229;93mX[38;2;255;230;103mX[38;2;255;231;101mX[38;2;255;235;98mX[38;2;254;229;87mX[38;2;241;206;75m0[38;2;232;195;73m0[38;2;229;195;67mO[38;2;239;203;66m0[38;2;249;232;95mX[38;2;142;93;37m:[38;2;115;153;165mo[38;2;111;151;144mo[38;2;110;147;138mo[38;2;96;129;129mc[38;2;137;156;156md[38;2;237;250;246mW[38;2;216;239;241mN[38;2;221;239;235mN[38;2;218;239;238mN[38;2;218;238;234mN[38;2;220;239;236mN[38;2;215;240;240mN[38;2;215;241;242mN[38;2;215;240;242mN[38;2;217;240;243mN[38;2;216;240;243mN[38;2;218;241;242mN[38;2;218;241;243mN[0m
[0m[38;2;19;43;51m.[38;2;32;70;96m.[38;2;50;100;92m,[38;2;4;19;18m [38;2;4;34;48m [38;2;77;141;151ml[38;2;37;92;86m'[38;2;11;23;24m [38;2;43;85;98m'[38;2;39;78;86m'[38;2;44;87;87m'[38;2;47;100;110m,[38;2;39;72;79m.[38;2;21;53;58m.[38;2;27;58;65m.[38;2;20;46;49m.[38;2;6;19;29m [38;2;31;65;94m.[38;2;82;104;148m:[38;2;100;124;162mc[38;2;89;126;161mc[38;2;68;98;148m;[38;2;97;125;153mc[38;2;98;134;176ml[38;2;108;142;201mo[38;2;113;152;237md[38;2;82;182;255mx[38;2;198;250;255mN[38;2;153;250;255mX[38;2;109;249;255mK[38;2;115;250;255mK[38;2;87;248;255m0[38;2;75;222;255mO[38;2;135;218;255m0[38;2;27;220;255mx[38;2;109;153;237md[38;2;7;42;156m.[38;2;23;55;123m.[38;2;41;65;97m.[38;2;60;64;75m'[38;2;81;96;86m;[38;2;100;114;103m:[38;2;105;90;64m;[38;2;147;114;54mc[38;2;173;134;58mo[38;2;202;159;76mx[38;2;195;155;65mx[38;2;204;158;67mx[38;2;209;159;57mx[38;2;204;169;70mx[38;2;206;161;59mx[38;2;201;156;58mx[38;2;208;159;62mx[38;2;201;145;54md[38;2;190;142;51md[38;2;184;129;39mo[38;2;178;111;29mc[38;2;163;110;34mc[38;2;156;104;25mc[38;2;186;131;41mo[38;2;191;129;33mo[38;2;75;83;69m,[38;2;110;153;160mo[38;2;112;140;139ml[38;2;105;134;143ml[38;2;60;97;95m,[38;2;234;246;248mW[38;2;221;243;238mN[38;2;215;239;238mN[38;2;218;240;239mN[38;2;218;239;237mN[38;2;216;240;238mN[38;2;216;240;239mN[38;2;218;239;236mN[38;2;213;239;240mN[38;2;215;240;242mN[38;2;215;240;244mN[38;2;215;240;243mN[38;2;217;241;244mN[38;2;216;240;244mN[0m
[0m[38;2;41;67;81m.[38;2;81;163;176mo[38;2;19;47;38m.[38;2;5;20;25m [38;2;7;37;50m.[38;2;81;144;153ml[38;2;36;83;79m'[38;2;26;46;52m.[38;2;73;174;181mo[38;2;62;143;147mc[38;2;62;137;135mc[38;2;61;144;133mc[38;2;72;143;143mc[38;2;14;48;54m.[38;2;7;44;51m.[38;2;7;42;53m.[38;2;2;17;28m [38;2;10;46;61m.[38;2;7;42;56m.[38;2;7;36;47m [38;2;22;54;90m.[38;2;20;55;110m.[38;2;43;106;159m;[38;2;41;95;175m;[38;2;40;82;209m,[38;2;38;123;250mc[38;2;24;200;255md[38;2;114;237;255m0[38;2;120;246;255mK[38;2;115;249;255mK[38;2;150;254;255mX[38;2;191;255;255mN[38;2;188;255;255mN[38;2;236;255;255mM[38;2;39;255;255mO[38;2;108;158;255md[38;2;8;61;229m'[38;2;1;61;156m.[38;2;18;57;116m.[38;2;10;51;96m.[38;2;2;43;65m.[38;2;38;85;106m'[38;2;54;101;124m;[38;2;46;91;105m,[38;2;12;24;27m [38;2;81;100;128m;[38;2;124;159;168md[38;2;67;66;61m'[38;2;84;91;69m,[38;2;75;61;35m.[38;2;88;76;46m,[38;2;91;61;25m'[38;2;164;147;101md[38;2;109;76;28m,[38;2;112;94;40m;[38;2;116;91;37m;[38;2;97;79;47m,[38;2;76;90;81m,[38;2;64;79;85m'[38;2;58;67;61m.[38;2;110;99;58m;[38;2;0;6;6m [38;2;37;52;60m.[38;2;76;94;100m;[38;2;105;132;131ml[38;2;79;110;107m:[38;2;218;233;235mN[38;2;217;243;241mN[38;2;215;238;235mN[38;2;214;239;240mN[38;2;214;240;241mN[38;2;214;240;242mN[38;2;215;240;242mN[38;2;217;238;238mN[38;2;212;237;237mN[38;2;216;240;241mN[38;2;214;239;243mN[38;2;214;240;243mN[38;2;214;240;245mN[38;2;216;240;243mN[0m
[0m[38;2;79;141;133mc[38;2;24;74;87m.[38;2;5;16;18m [38;2;6;19;26m [38;2;6;40;52m.[38;2;77;144;153ml[38;2;41;83;80m'[38;2;24;43;47m.[38;2;74;155;163ml[38;2;61;129;133m:[38;2;61;134;144mc[38;2;59;136;131mc[38;2;60;143;150mc[38;2;62;123;124m:[38;2;12;47;58m.[38;2;6;45;50m.[38;2;0;21;26m [38;2;11;44;59m.[38;2;8;46;61m.[38;2;8;46;62m.[38;2;8;47;72m.[38;2;5;34;60m [38;2;45;104;141m;[38;2;76;163;189mo[38;2;27;84;206m,[38;2;18;101;253m;[38;2;3;228;255mx[38;2;205;255;255mW[38;2;153;255;255mX[38;2;168;255;255mN[38;2;168;255;255mN[38;2;183;255;255mN[38;2;192;255;255mN[38;2;218;255;255mW[38;2;49;246;255mO[38;2;117;156;252md[38;2;7;43;206m.[38;2;9;46;140m.[38;2;19;44;86m.[38;2;22;51;84m.[38;2;25;53;92m.[38;2;24;59;72m.[38;2;44;82;97m'[38;2;25;56;62m.[38;2;12;25;27m [38;2;51;85;148m,[38;2;151;208;255m0[38;2;19;29;62m.[38;2;27;55;58m.[38;2;29;64;71m.[38;2;54;101;103m;[38;2;0;1;3m [38;2;157;186;206mk[38;2;24;43;47m.[38;2;8;43;57m.[38;2;5;50;54m.[38;2;18;35;46m.[38;2;76;111;132m:[38;2;114;141;178mo[38;2;4;21;20m [38;2;10;30;35m [38;2;0;11;9m [38;2;0;6;8m [38;2;0;5;2m [38;2;11;15;15m [38;2;40;52;50m.[38;2;124;136;134ml[38;2;233;248;245mW[38;2;221;245;245mN[38;2;217;238;243mN[38;2;209;238;241mN[38;2;213;238;239mN[38;2;212;236;242mN[38;2;213;238;239mN[38;2;214;235;238mN[38;2;211;236;236mN[38;2;214;237;237mN[38;2;215;240;240mN[38;2;216;240;242mN[38;2;215;240;242mN[0m
[0m[38;2;35;71;69m.[38;2;6;41;57m.[38;2;6;27;25m [38;2;5;15;21m [38;2;5;34;48m [38;2;80;144;167ml[38;2;30;75;60m.[38;2;23;41;47m.[38;2;73;155;167ml[38;2;56;136;135mc[38;2;60;131;141mc[38;2;58;130;125m:[38;2;58;143;140mc[38;2;58;122;124m:[38;2;57;110;118m;[38;2;10;43;46m.[38;2;2;20;29m [38;2;6;46;56m.[38;2;6;45;55m.[38;2;6;42;55m.[38;2;11;39;64m.[38;2;6;41;62m.[38;2;7;27;61m [38;2;44;92;137m,[38;2;60;111;191m:[38;2;27;87;237m,[38;2;13;180;255mo[38;2;94;210;255mO[38;2;76;228;255mO[38;2;84;233;255mO[38;2;76;229;255mO[38;2;59;219;255mk[38;2;53;204;255mx[38;2;38;180;254md[38;2;73;192;255mx[38;2;114;149;224md[38;2;7;16;108m [38;2;66;126;193mc[38;2;21;46;89m.[38;2;28;66;92m.[38;2;20;61;93m.[38;2;21;58;81m.[38;2;14;59;72m.[38;2;9;54;69m.[38;2;4;20;28m [38;2;55;91;148m,[38;2;144;204;255m0[38;2;0;11;28m [38;2;14;50;61m.[38;2;9;51;66m.[38;2;21;61;73m.[38;2;0;1;1m [38;2;135;165;181mx[38;2;49;76;93m'[38;2;7;20;32m [38;2;10;29;28m [38;2;2;7;10m [38;2;83;134;166ml[38;2;100;126;169ml[38;2;11;16;17m [38;2;13;12;11m [38;2;19;35;38m.[38;2;0;5;5m [38;2;0;8;1m [38;2;0;6;1m [38;2;0;2;7m [38;2;41;51;42m.[38;2;118;153;144mo[38;2;135;166;166mx[38;2;165;192;197mO[38;2;197;224;226mX[38;2;227;245;246mW[38;2;218;242;246mN[38;2;216;239;240mN[38;2;212;236;235mN[38;2;210;235;233mN[38;2;214;237;235mN[38;2;213;238;237mN[38;2;213;238;239mN[38;2;215;240;242mN[0m
[0m[38;2;19;46;51m.[38;2;6;47;62m.[38;2;6;30;20m [38;2;6;15;16m [38;2;8;34;50m [38;2;76;141;165ml[38;2;28;68;56m.[38;2;20;28;38m [38;2;61;111;121m;[38;2;45;95;96m,[38;2;43;88;91m'[38;2;43;91;89m,[38;2;45;96;97m,[38;2;59;108;107m;[38;2;41;84;80m'[38;2;36;74;80m.[38;2;37;70;70m.[38;2;4;12;18m [38;2;7;41;51m.[38;2;6;32;45m [38;2;9;40;51m.[38;2;13;41;49m.[38;2;24;55;84m.[38;2;19;54;93m.[38;2;23;58;123m.[38;2;17;67;155m.[38;2;43;106;197m;[38;2;8;50;180m.[38;2;6;88;227m,[38;2;11;93;224m,[38;2;8;89;224m,[38;2;7;85;221m,[38;2;6;70;216m'[38;2;6;38;185m.[38;2;108;167;235mx[38;2;118;129;157ml[38;2;0;0;35m [38;2;92;177;209md[38;2;29;74;95m.[38;2;7;42;73m.[38;2;11;53;81m.[38;2;14;54;81m.[38;2;11;51;70m.[38;2;8;51;59m.[38;2;4;17;22m [38;2;70;107;171m:[38;2;127;168;221mx[38;2;0;8;8m [38;2;6;21;18m [38;2;4;14;17m [38;2;2;12;8m [38;2;0;0;0m [38;2;108;150;184mo[38;2;75;101;118m;[38;2;2;21;19m [38;2;16;46;59m.[38;2;2;22;33m [38;2;86;119;135mc[38;2;90;120;137mc[38;2;70;87;83m,[38;2;47;57;54m.[38;2;109;153;181mo[38;2;1;2;5m [38;2;0;4;2m [38;2;0;6;7m [38;2;0;6;6m [38;2;8;10;7m [38;2;119;157;149mo[38;2;95;128;135mc[38;2;73;120;131m:[38;2;72;117;123m:[38;2;112;143;139ml[38;2;141;169;176mx[38;2;170;202;202m0[38;2;214;235;233mN[38;2;224;245;245mW[38;2;218;242;241mN[38;2;214;239;241mN[38;2;213;238;240mN[38;2;215;239;240mN[0m
[0m[38;2;17;40;44m.[38;2;11;38;56m.[38;2;4;31;32m [38;2;8;33;40m [38;2;6;29;39m [38;2;65;130;150mc[38;2;37;93;80m'[38;2;1;5;8m [38;2;9;29;43m [38;2;8;32;43m [38;2;11;45;49m.[38;2;20;56;62m.[38;2;22;61;76m.[38;2;30;66;77m.[38;2;24;66;67m.[38;2;40;82;93m'[38;2;94;167;166mo[38;2;0;3;10m [38;2;10;48;60m.[38;2;7;45;55m.[38;2;10;44;60m.[38;2;8;43;61m.[38;2;8;44;66m.[38;2;9;46;75m.[38;2;10;46;83m.[38;2;9;46;93m.[38;2;11;51;111m.[38;2;26;39;92m.[38;2;12;51;118m.[38;2;14;54;121m.[38;2;9;53;123m.[38;2;17;51;126m.[38;2;9;49;117m.[38;2;7;22;98m [38;2;122;161;205md[38;2;112;129;139ml[38;2;1;2;18m [38;2;62;122;137m:[38;2;36;84;93m'[38;2;4;23;39m [38;2;6;27;37m [38;2;7;22;32m [38;2;3;10;19m [38;2;0;9;3m [38;2;0;0;0m [38;2;96;136;202ml[38;2;151;177;201mk[38;2;11;20;24m [38;2;4;12;16m [38;2;0;6;0m [38;2;0;7;7m [38;2;0;0;0m [38;2;90;130;172ml[38;2;97;123;128mc[38;2;0;21;24m [38;2;9;50;51m.[38;2;6;34;49m [38;2;16;25;41m [38;2;146;167;185mx[38;2;69;75;77m'[38;2;24;34;37m.[38;2;133;161;173md[38;2;88;96;103m;[38;2;95;128;148mc[38;2;0;1;0m [38;2;1;5;0m [38;2;0;1;0m [38;2;84;118;105m:[38;2;94;134;140ml[38;2;92;131;141mc[38;2;84;129;139mc[38;2;96;125;127mc[38;2;89;123;128mc[38;2;77;113;118m:[38;2;86;126;130mc[38;2;125;155;164md[38;2;150;185;190mk[38;2;183;209;214m0[38;2;212;244;243mN[38;2;223;244;244mW[0m
[0m[38;2;21;46;52m.[38;2;11;46;61m.[38;2;10;44;57m.[38;2;6;43;58m.[38;2;4;28;33m [38;2;64;115;144m:[38;2;44;104;96m,[38;2;0;10;13m [38;2;7;43;61m.[38;2;7;43;54m.[38;2;3;43;55m.[38;2;7;43;54m.[38;2;5;43;54m.[38;2;7;43;53m.[38;2;8;43;47m.[38;2;3;34;43m [38;2;56;102;112m;[38;2;2;11;14m [38;2;7;46;62m.[38;2;6;44;54m.[38;2;8;44;53m.[38;2;8;44;59m.[38;2;8;45;57m.[38;2;8;46;62m.[38;2;8;44;65m.[38;2;8;47;71m.[38;2;9;47;73m.[38;2;49;61;83m.[38;2;14;47;78m.[38;2;6;36;65m.[38;2;7;31;52m [38;2;7;25;46m [38;2;6;20;38m [38;2;2;6;14m [38;2;116;149;201md[38;2;128;132;138ml[38;2;2;19;37m [38;2;6;21;49m [38;2;6;15;36m [38;2;2;20;44m [38;2;25;65;121m.[38;2;3;24;44m [38;2;1;6;24m [38;2;0;6;22m [38;2;0;0;3m [38;2;152;176;230mk[38;2;130;142;153mo[38;2;9;28;31m [38;2;0;14;19m [38;2;0;6;0m [38;2;0;6;1m [38;2;1;0;0m [38;2;82;119;156mc[38;2;88;119;130mc[38;2;23;48;47m.[38;2;32;57;60m.[38;2;3;22;42m [38;2;29;55;51m.[38;2;48;94;143m,[38;2;89;99;114m;[38;2;87;110;127m:[38;2;99;121;147mc[38;2;44;77;78m'[38;2;58;90;138m,[38;2;0;1;0m [38;2;1;7;0m [38;2;1;5;1m [38;2;26;34;33m.[38;2;110;151;155mo[38;2;93;139;150ml[38;2;95;136;146ml[38;2;87;127;133mc[38;2;84;126;138mc[38;2;88;126;136mc[38;2;88;127;141mc[38;2;87;127;139mc[38;2;76;124;134mc[38;2;65;113;125m:[38;2;88;137;145ml[38;2;124;158;172md[0m
[0m[38;2;19;46;53m.[38;2;9;46;58m.[38;2;4;44;53m.[38;2;7;43;51m.[38;2;3;28;35m [38;2;57;102;141m;[38;2;52;110;106m;[38;2;0;9;11m [38;2;6;43;56m.[38;2;5;43;54m.[38;2;6;41;50m.[38;2;4;42;50m.[38;2;6;43;47m.[38;2;6;43;50m.[38;2;6;43;48m.[38;2;3;43;49m.[38;2;6;45;50m.[38;2;2;19;24m [38;2;10;52;61m.[38;2;6;46;50m.[38;2;9;40;49m.[38;2;5;37;46m [38;2;7;33;38m [38;2;7;29;31m [38;2;3;24;30m [38;2;2;19;24m [38;2;5;15;17m [38;2;8;18;26m [38;2;5;24;31m [38;2;0;5;8m [38;2;8;28;34m [38;2;12;29;43m [38;2;4;17;25m [38;2;1;0;0m [38;2;97;140;188ml[38;2;129;140;152mo[38;2;6;26;81m [38;2;6;31;96m.[38;2;7;10;92m [38;2;13;33;120m.[38;2;22;82;178m'[38;2;2;32;140m.[38;2;1;22;144m.[38;2;0;19;137m [38;2;0;5;115m [38;2;138;191;253mO[38;2;128;128;131ml[38;2;10;20;41m [38;2;21;39;51m.[38;2;38;67;74m.[38;2;44;71;71m.[38;2;0;7;9m [38;2;75;123;157mc[38;2;72;101;124m;[38;2;30;63;70m.[38;2;57;100;103m;[38;2;8;32;48m [38;2;6;35;31m [38;2;94;141;176ml[38;2;6;14;19m [38;2;19;37;53m.[38;2;78;110;141m:[38;2;4;22;29m [38;2;54;91;136m,[38;2;0;3;0m [38;2;0;5;5m [38;2;0;5;3m [38;2;0;3;1m [38;2;23;40;44m.[38;2;46;82;90m'[38;2;70;104;108m;[38;2;93;130;133mc[38;2;101;136;152ml[38;2;87;130;141mc[38;2;84;127;140mc[38;2;88;128;146mc[38;2;85;129;141mc[38;2;82;131;139mc[38;2;86;127;139mc[38;2;87;126;139mc[0m
[0m[38;2;18;47;53m.[38;2;4;43;53m.[38;2;6;42;53m.[38;2;6;43;53m.[38;2;4;27;39m [38;2;63;107;160m:[38;2;52;122;105m:[38;2;0;10;16m [38;2;6;43;62m.[38;2;4;43;56m.[38;2;6;47;50m.[38;2;5;43;56m.[38;2;3;40;46m.[38;2;6;38;42m.[38;2;3;32;35m [38;2;2;28;29m [38;2;5;28;32m [38;2;2;10;9m [38;2;4;17;17m [38;2;3;11;10m [38;2;26;29;30m [38;2;51;51;51m.[38;2;51;52;51m.[38;2;49;53;51m.[38;2;52;52;51m.[38;2;51;51;51m.[38;2;48;42;42m.[38;2;48;67;79m.[38;2;31;57;72m.[38;2;30;30;31m.[38;2;14;29;37m [38;2;11;28;47m [38;2;2;17;32m [38;2;1;0;1m [38;2;60;96;174m;[38;2;176;193;211mO[38;2;1;24;127m.[38;2;10;78;202m'[38;2;8;87;230m,[38;2;21;125;244m:[38;2;25;143;255mc[38;2;35;165;253mo[38;2;64;183;255md[38;2;81;184;255mx[38;2;66;183;252md[38;2;71;187;255mx[38;2;128;128;156ml[38;2;30;57;108m.[38;2;55;113;131m;[38;2;74;160;171mo[38;2;61;121;125m:[38;2;0;8;12m [38;2;88;135;175ml[38;2;36;54;65m.[38;2;11;43;53m.[38;2;14;32;44m [38;2;9;33;47m [38;2;4;29;24m [38;2;76;112;143m:[38;2;6;25;32m [38;2;2;11;23m [38;2;127;169;188mx[38;2;3;19;27m [38;2;60;90;129m,[38;2;0;2;0m [38;2;2;5;3m [38;2;0;6;0m [38;2;0;5;0m [38;2;11;37;34m [38;2;6;53;56m.[38;2;2;17;19m [38;2;14;39;41m.[38;2;37;61;67m.[38;2;57;80;81m'[38;2;76;107;113m:[38;2;101;138;156ml[38;2;96;133;149ml[38;2;88;125;141mc[38;2;90;129;137mc[38;2;87;127;137mc[0m
[0m[38;2;26;53;59m.[38;2;5;44;52m.[38;2;3;39;51m.[38;2;6;43;56m.[38;2;2;32;46m [38;2;55;92;149m;[38;2;53;130;107m:[38;2;0;10;12m [38;2;2;24;31m [38;2;2;21;23m [38;2;2;18;18m [38;2;0;14;10m [38;2;0;7;3m [38;2;0;4;0m [38;2;0;3;0m [38;2;0;4;0m [38;2;4;26;34m [38;2;8;32;38m [38;2;6;34;41m [38;2;2;4;5m [38;2;140;157;176md[38;2;186;224;224mK[38;2;182;218;224mK[38;2;179;220;219mK[38;2;181;220;223mK[38;2;194;222;221mK[38;2;171;187;198mO[38;2;129;143;149mo[38;2;141;175;179mx[38;2;125;149;155mo[38;2;90;111;127m:[38;2;123;148;161mo[38;2;96;107;111m:[38;2;19;21;26m [38;2;19;41;126m.[38;2;212;248;255mW[38;2;47;132;244mc[38;2;77;218;255mO[38;2;78;236;255mO[38;2;100;255;255mK[38;2;102;255;255mK[38;2;115;255;255mK[38;2;112;255;255mK[38;2;125;255;255mX[38;2;80;224;255mO[38;2;52;177;255md[38;2;134;143;214md[38;2;0;16;77m [38;2;40;82;128m'[38;2;42;104;109m,[38;2;60;110;113m;[38;2;0;10;16m [38;2;100;152;200mo[38;2;22;37;45m.[38;2;30;60;64m.[38;2;27;58;62m.[38;2;6;18;30m [38;2;8;46;43m.[38;2;41;63;79m.[38;2;37;61;71m.[38;2;1;5;18m [38;2;129;174;206mx[38;2;13;32;40m [38;2;66;95;140m;[38;2;0;2;2m [38;2;0;3;3m [38;2;0;6;1m [38;2;0;4;0m [38;2;10;40;41m.[38;2;12;52;67m.[38;2;0;6;10m [38;2;8;44;48m.[38;2;9;48;62m.[38;2;9;37;44m.[38;2;5;22;31m [38;2;25;41;41m.[38;2;57;72;77m'[38;2;75;105;115m;[38;2;101;132;144ml[38;2;100;125;152mc[0m
[0m[38;2;14;34;39m [38;2;5;24;26m [38;2;12;23;22m [38;2;3;13;24m [38;2;6;41;55m.[38;2;55;80;136m,[38;2;65;136;131mc[38;2;1;11;2m [38;2;0;7;5m [38;2;11;20;17m [38;2;5;17;23m [38;2;10;27;25m [38;2;0;8;1m [38;2;0;8;0m [38;2;0;4;5m [38;2;1;7;0m [38;2;17;28;39m [38;2;10;47;61m.[38;2;11;49;66m.[38;2;4;16;25m [38;2;13;25;41m [38;2;27;50;71m.[38;2;18;44;69m.[38;2;24;53;69m.[38;2;18;51;98m.[38;2;19;58;108m.[38;2;29;43;90m.[38;2;27;41;70m.[38;2;28;52;62m.[38;2;19;39;44m.[38;2;6;15;33m [38;2;46;87;142m,[38;2;121;151;193md[38;2;187;198;213m0[38;2;15;26;87m.[38;2;189;224;255mX[38;2;94;213;255mO[38;2;130;255;255mX[38;2;76;255;255m0[38;2;99;255;255mK[38;2;82;255;255mK[38;2;85;255;255mK[38;2;98;255;255mK[38;2;144;255;255mX[38;2;36;189;255md[38;2;47;171;255mo[38;2;163;191;247mO[38;2;4;23;81m [38;2;7;45;75m.[38;2;22;71;75m.[38;2;37;70;82m.[38;2;4;11;21m [38;2;122;169;216mx[38;2;26;47;64m.[38;2;19;49;59m.[38;2;9;46;60m.[38;2;8;27;34m [38;2;10;55;53m.[38;2;17;38;59m.[38;2;67;96;115m;[38;2;0;3;11m [38;2;129;172;210mx[38;2;37;61;65m.[38;2;66;93;120m;[38;2;8;7;1m [38;2;1;7;8m [38;2;0;8;4m [38;2;1;3;1m [38;2;19;47;56m.[38;2;9;31;48m [38;2;1;8;2m [38;2;19;41;45m.[38;2;9;30;45m [38;2;12;45;57m.[38;2;10;50;68m.[38;2;16;48;54m.[38;2;0;5;7m [38;2;1;8;3m [38;2;28;39;40m.[38;2;78;108;117m:[0m
