[0m[38;2;21;51;47m.[38;2;10;49;43m.[38;2;14;41;32m.[38;2;1;15;9m [38;2;7;42;43m.[38;2;5;29;32m [38;2;80;144;142ml[38;2;18;41;33m.[38;2;1;4;1m [38;2;1;11;1m [38;2;9;8;11m [38;2;5;22;11m [38;2;5;26;25m [38;2;5;12;17m [38;2;127;169;194mx[38;2;99;111;126m:[38;2;2;9;13m [38;2;10;50;65m.[38;2;13;48;76m.[38;2;10;49;77m.[38;2;12;50;97m.[38;2;12;54;105m.[38;2;8;57;126m.[38;2;21;53;142m.[38;2;18;65;161m.[38;2;8;65;192m.[38;2;65;179;241md[38;2;16;80;233m,[38;2;41;147;251ml[38;2;53;180;255md[38;2;74;213;255mk[38;2;62;244;255mO[38;2;89;255;255mK[38;2;100;255;255mK[38;2;87;255;255mK[38;2;143;255;255mX[38;2;25;216;255mx[38;2;66;170;255md[38;2;52;124;223mc[38;2;8;51;138m.[38;2;17;33;113m.[38;2;23;65;168m'[38;2;153;163;215mx[38;2;4;53;184m.[38;2;2;125;254m:[38;2;102;255;255mK[38;2;126;216;255m0[38;2;93;243;255m0[38;2;104;255;255mK[38;2;74;221;255mO[38;2;45;184;255md[38;2;8;139;254mc[38;2;8;91;238m,[38;2;9;82;230m,[38;2;15;64;221m'[38;2;7;50;169m.[38;2;18;58;151m.[38;2;5;21;71m [38;2;60;107;178m:[38;2;12;34;66m.[38;2;4;27;54m [38;2;11;35;46m.[38;2;14;35;49m.[38;2;14;52;54m.[38;2;4;41;53m.[38;2;18;42;56m.[38;2;9;32;47m [38;2;13;47;49m.[38;2;13;47;61m.[38;2;16;54;66m.[38;2;6;29;41m [38;2;14;48;54m.[38;2;11;47;48m.[38;2;1;3;2m [38;2;12;34;31m [38;2;6;41;41m.[38;2;14;42;42m.[38;2;10;37;29m [38;2;18;47;46m.[38;2;7;48;39m.[0m
[0m[38;2;25;47;48m.[38;2;7;44;44m.[38;2;9;35;27m [38;2;0;14;12m [38;2;4;37;42m [38;2;3;32;31m [38;2;74;148;152ml[38;2;10;29;23m [38;2;0;4;4m [38;2;0;6;1m [38;2;1;1;1m [38;2;0;1;0m [38;2;0;3;0m [38;2;25;42;56m.[38;2;195;226;237mX[38;2;13;13;20m [38;2;4;11;13m [38;2;1;19;18m [38;2;4;22;25m [38;2;5;27;36m [38;2;4;29;53m [38;2;7;37;68m.[38;2;12;45;81m.[38;2;11;49;96m.[38;2;12;51;114m.[38;2;14;48;119m.[38;2;39;92;159m,[38;2;22;34;132m.[38;2;15;60;182m.[38;2;12;66;202m'[38;2;10;77;221m'[38;2;12;104;237m;[38;2;16;121;246m:[38;2;32;157;253ml[38;2;47;185;255md[38;2;90;232;255m0[38;2;18;179;252mo[38;2;61;147;252mo[38;2;83;160;230mo[38;2;15;59;132m.[38;2;2;25;113m [38;2;32;66;193m'[38;2;132;158;205md[38;2;11;51;202m.[38;2;7;135;255mc[38;2;116;255;255mK[38;2;100;208;255mO[38;2;72;247;255m0[38;2;112;255;255mK[38;2;111;255;255mK[38;2;136;255;255mX[38;2;71;255;255m0[38;2;73;237;255mO[38;2;68;213;255mk[38;2;45;176;255md[38;2;14;118;246m:[38;2;8;71;224m'[38;2;4;25;141m.[38;2;79;141;224ml[38;2;12;38;83m.[38;2;8;28;74m [38;2;7;38;55m.[38;2;54;79;92m'[38;2;56;66;68m.[38;2;57;76;83m'[38;2;54;67;79m'[38;2;51;67;78m.[38;2;31;63;67m.[38;2;14;52;62m.[38;2;9;46;56m.[38;2;0;25;27m [38;2;14;44;49m.[38;2;12;33;36m [38;2;0;4;2m [38;2;6;35;35m [38;2;5;31;34m [38;2;11;35;37m [38;2;8;36;31m [38;2;7;42;43m.[38;2;8;40;42m.[0m
[0m[38;2;20;49;51m.[38;2;17;43;52m.[38;2;14;35;32m [38;2;1;9;13m [38;2;11;38;50m.[38;2;2;26;33m [38;2;78;148;149ml[38;2;3;22;23m [38;2;4;23;23m [38;2;6;21;27m [38;2;2;20;18m [38;2;6;26;33m [38;2;0;0;5m [38;2;145;179;198mk[38;2;93;111;124m:[38;2;3;23;35m [38;2;6;29;37m [38;2;0;3;0m [38;2;1;4;1m [38;2;1;4;2m [38;2;0;3;6m [38;2;0;5;9m [38;2;4;7;17m [38;2;6;14;25m [38;2;8;22;47m [38;2;14;26;72m [38;2;12;41;89m.[38;2;5;16;64m [38;2;23;50;126m.[38;2;15;60;135m.[38;2;21;58;156m.[38;2;13;62;163m.[38;2;15;59;178m.[38;2;12;62;179m.[38;2;9;51;199m.[38;2;46;133;220mc[38;2;36;62;164m'[38;2;28;59;172m.[38;2;39;97;178m;[38;2;36;86;156m,[38;2;17;34;105m.[38;2;36;83;191m,[38;2;102;133;183ml[38;2;7;51;203m.[38;2;10;139;255mc[38;2;132;255;255mX[38;2;107;219;255mO[38;2;76;249;255m0[38;2;90;255;255mK[38;2;99;255;255mK[38;2;96;255;255mK[38;2;91;255;255mK[38;2;91;255;255mK[38;2;90;255;255mK[38;2;122;255;255mX[38;2;122;255;255mX[38;2;8;129;255m:[38;2;21;69;210m'[38;2;109;172;251mx[38;2;8;30;70m [38;2;9;30;89m.[38;2;5;28;53m [38;2;66;94;105m;[38;2;70;92;103m,[38;2;71;95;108m;[38;2;70;88;102m,[38;2;72;91;98m,[38;2;48;74;87m'[38;2;82;105;112m:[38;2;60;79;98m,[38;2;6;25;25m [38;2;10;24;27m [38;2;5;15;15m [38;2;6;33;44m [38;2;11;49;57m.[38;2;12;30;33m [38;2;19;48;48m.[38;2;8;29;24m [38;2;12;40;44m.[38;2;6;41;50m.[0m
[0m[38;2;18;52;57m.[38;2;17;46;55m.[38;2;8;39;30m [38;2;4;14;19m [38;2;18;41;49m.[38;2;3;24;41m [38;2;80;147;149ml[38;2;13;36;45m.[38;2;1;6;6m [38;2;10;35;43m [38;2;1;18;17m [38;2;13;26;30m [38;2;80;98;127m;[38;2;197;217;230mK[38;2;4;14;25m [38;2;9;44;59m.[38;2;4;28;46m [38;2;9;37;55m.[38;2;7;38;59m.[38;2;11;23;41m [38;2;8;14;17m [38;2;42;50;53m.[38;2;40;46;59m.[38;2;37;42;55m.[38;2;40;43;61m.[38;2;42;46;67m.[38;2;37;49;68m.[38;2;37;42;75m.[38;2;23;33;69m.[38;2;34;47;100m.[38;2;28;38;91m.[38;2;8;26;87m [38;2;12;31;104m.[38;2;16;37;122m.[38;2;17;43;137m.[38;2;20;67;153m.[38;2;25;49;103m.[38;2;19;52;133m.[38;2;13;56;129m.[38;2;8;56;108m.[38;2;1;11;68m [38;2;71;115;208mc[38;2;90;115;168mc[38;2;38;86;200m,[38;2;38;143;251ml[38;2;63;168;245md[38;2;148;237;255mK[38;2;83;248;255m0[38;2;95;255;255mK[38;2;83;255;255mK[38;2;75;255;255m0[38;2;93;255;255mK[38;2;87;255;255mK[38;2;65;255;255m0[38;2;89;255;255mK[38;2;117;255;255mK[38;2;4;141;255mc[38;2;59;141;250ml[38;2;105;163;243md[38;2;4;23;73m [38;2;15;37;88m.[38;2;6;42;74m.[38;2;7;35;78m.[38;2;4;32;61m [38;2;19;43;74m.[38;2;27;36;56m.[38;2;18;40;50m.[38;2;23;43;57m.[38;2;22;37;46m.[38;2;122;132;153ml[38;2;39;40;39m.[38;2;39;38;30m.[38;2;50;66;54m.[38;2;54;83;84m'[38;2;33;51;50m.[38;2;15;10;6m [38;2;66;68;58m'[38;2;56;78;64m'[38;2;27;52;49m.[38;2;14;34;36m [0m
[0m[38;2;18;50;53m.[38;2;11;46;54m.[38;2;9;34;28m [38;2;8;18;22m [38;2;11;41;46m.[38;2;3;22;45m [38;2;81;152;157ml[38;2;18;35;42m.[38;2;10;37;40m.[38;2;3;19;25m [38;2;6;23;25m [38;2;21;37;63m.[38;2;214;235;250mN[38;2;50;60;71m.[38;2;3;38;48m [38;2;7;43;63m.[38;2;4;26;32m [38;2;9;41;70m.[38;2;14;51;85m.[38;2;6;16;26m [38;2;68;87;88m,[38;2;160;198;209mO[38;2;151;181;205mk[38;2;136;176;199mx[38;2;141;173;206mx[38;2;143;176;212mk[38;2;129;157;194md[38;2;146;147;197md[38;2;96;125;176ml[38;2;109;154;206md[38;2;107;132;180ml[38;2;114;134;155ml[38;2;57;75;134m,[38;2;87;93;129m;[38;2;25;27;75m.[38;2;1;12;65m [38;2;1;11;61m [38;2;10;29;89m.[38;2;10;35;94m.[38;2;13;32;71m.[38;2;6;17;103m [38;2;114;158;237md[38;2;55;79;143m,[38;2;9;46;143m.[38;2;66;119;228mc[38;2;9;36;164m.[38;2;203;254;255mW[38;2;5;92;230m,[38;2;38;161;255mo[38;2;48;195;255mx[38;2;60;225;255mk[38;2;77;235;255mO[38;2;87;255;255mK[38;2;89;255;255mK[38;2;84;255;255mK[38;2;118;255;255mK[38;2;1;134;255m:[38;2;16;76;239m,[38;2;117;162;235mx[38;2;11;32;99m.[38;2;51;90;134m,[38;2;25;46;80m.[38;2;29;55;80m.[38;2;83;112;126m:[38;2;65;83;86m,[38;2;49;66;59m.[38;2;63;83;75m,[38;2;62;80;73m'[38;2;68;87;79m,[38;2;99;99;96m:[38;2;135;127;106ml[38;2;73;94;72m,[38;2;65;100;81m;[38;2;57;82;67m'[38;2;60;66;52m.[38;2;87;86;71m,[38;2;67;85;71m,[38;2;70;84;67m,[38;2;79;101;81m;[38;2;55;71;58m'[0m
[0m[38;2;19;49;56m.[38;2;14;45;62m.[38;2;6;28;35m [38;2;6;22;18m [38;2;9;42;47m.[38;2;1;28;31m [38;2;83;153;159ml[38;2;8;15;17m [38;2;33;74;78m.[38;2;34;63;77m.[38;2;19;28;47m [38;2;128;160;192md[38;2;119;127;148ml[38;2;24;40;49m.[38;2;22;52;67m.[38;2;27;59;83m.[38;2;4;17;27m [38;2;13;49;71m.[38;2;7;40;78m.[38;2;10;28;51m [38;2;4;15;25m [38;2;22;47;64m.[38;2;12;28;61m [38;2;13;31;50m [38;2;12;28;70m [38;2;13;32;98m.[38;2;13;29;106m.[38;2;31;55;164m.[38;2;15;56;154m.[38;2;12;30;147m.[38;2;15;48;177m.[38;2;20;59;197m.[38;2;28;63;181m'[38;2;103;127;204ml[38;2;181;206;238m0[38;2;91;98;140m:[38;2;1;11;82m [38;2;1;15;98m [38;2;1;19;69m [38;2;1;7;30m [38;2;7;21;111m [38;2;137;184;249mk[38;2;9;16;42m [38;2;4;14;56m [38;2;21;34;100m.[38;2;10;39;149m.[38;2;207;255;255mW[38;2;4;14;111m [38;2;19;54;191m.[38;2;17;64;221m'[38;2;29;108;231m;[38;2;3;79;233m'[38;2;18;132;252mc[38;2;37;169;254mo[38;2;59;178;255md[38;2;85;205;255mk[38;2;5;77;241m'[38;2;10;57;189m.[38;2;102;141;210mo[38;2;32;55;103m.[38;2;74;96;111m;[38;2;96;141;140ml[38;2;47;82;79m'[38;2;56;91;87m,[38;2;37;67;61m.[38;2;29;44;42m.[38;2;38;63;58m.[38;2;37;64;69m.[38;2;24;41;38m.[38;2;58;72;70m'[38;2;77;82;92m,[38;2;54;72;65m'[38;2;85;92;61m,[38;2;89;77;50m,[38;2;82;77;59m,[38;2;71;74;52m'[38;2;73;87;67m,[38;2;81;89;62m,[38;2;45;68;57m.[38;2;47;77;68m'[0m
[0m[38;2;26;48;51m.[38;2;12;50;55m.[38;2;5;23;27m [38;2;7;21;20m [38;2;10;42;54m.[38;2;2;27;32m [38;2;89;152;165mo[38;2;0;3;5m [38;2;8;43;52m.[38;2;6;34;36m [38;2;27;47;109m.[38;2;177;203;219m0[38;2;6;6;16m [38;2;52;115;127m;[38;2;61;121;137m:[38;2;71;129;158mc[38;2;14;36;34m.[38;2;51;81;110m'[38;2;28;57;87m.[38;2;36;59;99m.[38;2;28;59;90m.[38;2;30;63;108m.[38;2;23;49;90m.[38;2;21;51;98m.[38;2;21;39;113m.[38;2;14;34;163m.[38;2;1;42;191m.[38;2;11;118;250m:[38;2;6;139;255mc[38;2;2;121;245m:[38;2;7;110;249m;[38;2;4;115;244m;[38;2;5;107;246m;[38;2;0;41;208m.[38;2;28;75;237m,[38;2;191;226;255mX[38;2;40;76;176m,[38;2;12;60;184m.[38;2;7;21;112m [38;2;8;19;82m [38;2;16;48;148m.[38;2;153;213;255m0[38;2;3;5;26m [38;2;13;49;105m.[38;2;6;11;63m [38;2;15;47;145m.[38;2;210;248;255mW[38;2;0;0;9m [38;2;0;8;60m [38;2;5;14;72m [38;2;7;20;92m [38;2;7;25;116m.[38;2;11;40;140m.[38;2;8;45;168m.[38;2;8;48;166m.[38;2;8;59;172m.[38;2;9;20;115m [38;2;42;78;136m'[38;2;109;128;169ml[38;2;54;83;86m'[38;2;60;82;82m'[38;2;68;115;111m:[38;2;21;38;45m.[38;2;89;94;63m;[38;2;107;111;71m:[38;2;102;104;54m;[38;2;120;107;49m:[38;2;141;115;64mc[38;2;160;138;63mo[38;2;174;131;48mo[38;2;196;152;62md[38;2;240;211;101mK[38;2;255;238;113mN[38;2;249;220;87mK[38;2;239;199;69m0[38;2;255;217;80mK[38;2;255;225;88mX[38;2;247;214;83mK[38;2;162;135;48ml[38;2;150;142;71mo[0m
[0m[38;2;25;46;49m.[38;2;9;44;61m.[38;2;6;28;25m [38;2;5;23;25m [38;2;10;43;46m.[38;2;1;26;37m [38;2;88;160;160mo[38;2;0;4;4m [38;2;8;44;55m.[38;2;7;24;43m [38;2;101;141;199mo[38;2;76;87;99m,[38;2;4;28;39m [38;2;20;47;61m.[38;2;70;151;165ml[38;2;76;136;179ml[38;2;15;33;35m [38;2;54;100;129m;[38;2;4;39;78m.[38;2;12;46;90m.[38;2;12;44;97m.[38;2;8;43;96m.[38;2;7;52;109m.[38;2;69;145;210ml[38;2;71;146;230ml[38;2;68;165;251md[38;2;17;157;255ml[38;2;111;239;255m0[38;2;120;246;255mK[38;2;119;250;255mK[38;2;90;241;255m0[38;2;87;240;255m0[38;2;63;224;255mk[38;2;45;192;255md[38;2;27;156;255ml[38;2;101;216;255mO[38;2;116;144;230md[38;2;8;58;218m.[38;2;6;28;144m.[38;2;9;22;109m [38;2;36;88;193m,[38;2;171;220;250mK[38;2;0;10;48m [38;2;25;59;121m.[38;2;3;19;62m [38;2;8;31;111m.[38;2;201;243;255mN[38;2;3;4;10m [38;2;14;24;49m [38;2;19;38;85m.[38;2;20;41;76m.[38;2;22;34;72m.[38;2;6;15;42m [38;2;3;12;35m [38;2;1;5;38m [38;2;4;11;38m [38;2;6;11;32m [38;2;24;34;45m.[38;2;104;128;161ml[38;2;15;38;44m.[38;2;50;51;66m.[38;2;107;91;60m;[38;2;192;160;101mx[38;2;206;167;58mx[38;2;161;142;64mo[38;2;134;110;45m:[38;2;253;209;86mK[38;2;252;209;81mK[38;2;243;196;79m0[38;2;225;171;79mk[38;2;227;155;61mx[38;2;255;234;96mX[38;2;255;223;82mX[38;2;255;221;83mX[38;2;255;224;82mX[38;2;255;224;84mX[38;2;255;223;81mX[38;2;255;225;79mX[38;2;255;230;83mX[38;2;255;231;86mX[0m
[0m[38;2;27;51;49m.[38;2;15;45;57m.[38;2;8;27;25m [38;2;10;25;29m [38;2;7;45;51m.[38;2;2;24;39m [38;2;86;159;161mo[38;2;1;5;11m [38;2;8;42;54m.[38;2;21;36;66m.[38;2;137;186;235mk[38;2;5;19;18m [38;2;8;44;56m.[38;2;2;29;38m [38;2;57;116;127m:[38;2;69;141;152mc[38;2;18;25;32m [38;2;88;162;186mo[38;2;7;33;66m [38;2;6;45;76m.[38;2;12;50;102m.[38;2;6;57;111m.[38;2;10;39;122m.[38;2;42;111;202m:[38;2;74;160;247mo[38;2;64;181;255md[38;2;4;202;255md[38;2;143;255;255mX[38;2;173;255;255mN[38;2;168;255;255mN[38;2;160;255;255mN[38;2;167;255;255mN[38;2;163;255;255mN[38;2;164;255;255mN[38;2;209;255;255mW[38;2;71;248;255m0[38;2;89;180;254mx[38;2;11;83;241m,[38;2;28;88;211m,[38;2;5;28;130m.[38;2;63;132;235ml[38;2;155;178;207mk[38;2;10;27;59m [38;2;19;51;104m.[38;2;9;22;50m [38;2;8;31;89m.[38;2;176;220;249mK[38;2;5;4;5m [38;2;19;40;66m.[38;2;26;57;98m.[38;2;17;46;61m.[38;2;27;49;72m.[38;2;24;41;53m.[38;2;87;122;138mc[38;2;67;99;111m;[38;2;81;116;120m:[38;2;77;106;113m;[38;2;36;62;72m.[38;2;107;114;134mc[38;2;170;141;84mo[38;2;215;176;110mO[38;2;145;113;46mc[38;2;144;113;61mc[38;2;148;117;59mc[38;2;85;68;45m'[38;2;72;63;41m.[38;2;189;135;56mo[38;2;182;125;40ml[38;2;175;133;56mo[38;2;103;71;34m,[38;2;224;158;60mx[38;2;255;240;111mN[38;2;255;223;80mX[38;2;255;224;80mX[38;2;255;224;80mX[38;2;255;224;80mX[38;2;255;224;79mX[38;2;255;225;79mX[38;2;255;224;79mX[38;2;255;223;78mX[0m
[0m[38;2;21;39;43m.[38;2;14;36;52m.[38;2;8;21;21m [38;2;7;25;25m [38;2;8;45;51m.[38;2;1;29;36m [38;2;91;151;156mo[38;2;1;13;16m [38;2;6;38;36m [38;2;28;54;100m.[38;2;154;209;239m0[38;2;1;20;18m [38;2;7;44;54m.[38;2;4;41;48m.[38;2;18;49;65m.[38;2;77;149;161ml[38;2;19;33;41m.[38;2;85;166;171mo[38;2;41;78;110m'[38;2;4;40;76m.[38;2;23;48;106m.[38;2;12;54;127m.[38;2;17;53;124m.[38;2;24;72;182m'[38;2;70;180;254md[38;2;56;191;255mx[38;2;2;217;255mx[38;2;182;255;255mN[38;2;177;255;255mN[38;2;169;255;255mN[38;2;170;255;255mN[38;2;162;255;255mN[38;2;152;255;255mX[38;2;151;255;255mX[38;2;212;255;255mW[38;2;100;252;255mK[38;2;52;211;255mk[38;2;39;125;248mc[38;2;16;61;208m'[38;2;4;40;157m.[38;2;142;199;252mO[38;2;122;137;157mo[38;2;49;109;150m;[38;2;81;139;180ml[38;2;2;4;24m [38;2;10;34;89m.[38;2;173;223;248mK[38;2;8;17;25m [38;2;12;36;72m.[38;2;18;48;75m.[38;2;8;23;38m [38;2;16;43;60m.[38;2;11;21;38m [38;2;12;30;37m [38;2;1;6;12m [38;2;4;10;11m [38;2;20;25;41m [38;2;114;84;73m;[38;2;251;243;130mN[38;2;220;176;63mk[38;2;172;104;31mc[38;2;195;136;47mo[38;2;181;127;43mo[38;2;166;112;45mc[38;2;193;143;59md[38;2;136;107;63mc[38;2;163;116;46ml[38;2;187;132;58mo[38;2;190;132;45mo[38;2;111;80;32m,[38;2;211;182;91mO[38;2;255;240;92mN[38;2;255;224;81mX[38;2;255;226;79mX[38;2;255;224;79mX[38;2;255;223;79mX[38;2;255;224;79mX[38;2;255;224;79mX[38;2;255;223;79mX[38;2;255;221;82mX[0m
[0m[38;2;37;73;67m.[38;2;31;68;74m.[38;2;37;71;75m.[38;2;11;26;27m [38;2;9;46;50m.[38;2;3;33;33m [38;2;86;146;159ml[38;2;4;19;20m [38;2;24;57;56m.[38;2;31;50;99m.[38;2;157;185;206mk[38;2;25;45;48m.[38;2;29;62;72m.[38;2;25;66;76m.[38;2;28;59;68m.[38;2;66;115;127m:[38;2;39;62;67m.[38;2;54;110;118m;[38;2;81;143;169ml[38;2;24;51;94m.[38;2;24;56;102m.[38;2;18;55;120m.[38;2;13;47;132m.[38;2;14;55;166m.[38;2;57;158;246mo[38;2;67;195;255mx[38;2;0;223;255mx[38;2;210;255;255mW[38;2;196;255;255mN[38;2;178;255;255mN[38;2;172;255;255mN[38;2;172;255;255mN[38;2;168;255;255mN[38;2;154;255;255mX[38;2;184;255;255mN[38;2;69;244;255m0[38;2;81;192;255mx[38;2;63;172;252md[38;2;39;95;208m;[38;2;25;66;190m'[38;2;246;255;255mM[38;2;40;69;119m'[38;2;8;40;102m.[38;2;80;152;195mo[38;2;0;12;27m [38;2;4;29;85m [38;2;154;194;223mO[38;2;1;20;29m [38;2;11;36;81m.[38;2;6;35;68m.[38;2;8;21;34m [38;2;33;64;90m.[38;2;16;44;76m.[38;2;50;85;101m,[38;2;74;118;124m:[38;2;47;64;79m.[38;2;166;150;113md[38;2;176;148;69md[38;2;151;148;71mo[38;2;113;84;50m;[38;2;129;111;80mc[38;2;131;104;68m:[38;2;154;121;104ml[38;2;125;101;90m:[38;2;60;47;46m.[38;2;37;31;35m.[38;2;239;186;78mO[38;2;208;136;38md[38;2;119;97;61m:[38;2;68;61;45m.[38;2;100;66;38m'[38;2;255;246;112mN[38;2;255;223;81mX[38;2;255;225;82mX[38;2;255;223;80mX[38;2;255;221;79mX[38;2;255;221;79mX[38;2;255;224;79mX[38;2;255;224;79mX[38;2;255;223;81mX[0m
[0m[38;2;19;52;51m.[38;2;13;46;56m.[38;2;14;45;52m.[38;2;4;20;32m [38;2;11;45;49m.[38;2;4;30;34m [38;2;81;138;150ml[38;2;0;9;20m [38;2;6;40;46m.[38;2;26;39;77m.[38;2;199;236;242mX[38;2;0;10;10m [38;2;1;31;41m [38;2;52;99;107m,[38;2;19;50;58m.[38;2;16;44;58m.[38;2;64;121;141m:[38;2;4;14;27m [38;2;36;78;94m'[38;2;33;82;109m'[38;2;38;77;112m'[38;2;37;74;138m'[38;2;37;81;132m'[38;2;33;74;162m'[38;2;36;107;209m;[38;2;45;130;245mc[38;2;24;195;255md[38;2;102;219;255mO[38;2;99;246;255m0[38;2;103;248;255mK[38;2;129;254;255mX[38;2;119;255;255mK[38;2;124;255;255mX[38;2;125;252;255mX[38;2;128;247;255mK[38;2;78;224;255mO[38;2;67;165;255md[38;2;58;159;240mo[38;2;55;127;207mc[38;2;103;129;205ml[38;2;194;233;250mX[38;2;0;22;58m [38;2;5;49;106m.[38;2;33;72;125m'[38;2;3;25;45m [38;2;9;30;73m [38;2;131;164;198mx[38;2;49;65;86m.[38;2;56;73;89m'[38;2;102;114;127mc[38;2;96;105;117m:[38;2;105;149;172mo[38;2;84;117;142m:[38;2;76;100;123m;[38;2;134;177;196mx[38;2;122;171;187mx[38;2;103;140;164ml[38;2;54;98;134m;[38;2;73;114;139m:[38;2;81;91;140m;[38;2;65;98;157m;[38;2;24;62;200m'[38;2;44;162;244mo[38;2;103;222;255mO[38;2;31;134;212mc[38;2;55;106;173m;[38;2;146;139;140mo[38;2;198;144;67md[38;2;116;82;34m,[38;2;100;77;43m,[38;2;215;194;120m0[38;2;255;232;100mX[38;2;255;223;88mX[38;2;255;223;89mX[38;2;255;225;82mX[38;2;255;225;83mX[38;2;255;226;86mX[38;2;255;227;81mX[38;2;255;224;83mX[38;2;255;223;79mX[0m
[0m[38;2;20;51;51m.[38;2;11;47;56m.[38;2;11;47;57m.[38;2;1;24;36m [38;2;11;46;52m.[38;2;2;29;33m [38;2;82;148;153ml[38;2;9;32;44m [38;2;11;48;51m.[38;2;8;17;37m [38;2;185;214;243mK[38;2;33;43;51m.[38;2;5;35;43m [38;2;23;61;70m.[38;2;77;136;142mc[38;2;6;24;41m [38;2;66;117;131m:[38;2;1;12;14m [38;2;16;48;80m.[38;2;14;47;84m.[38;2;13;52;75m.[38;2;14;50;88m.[38;2;13;53;110m.[38;2;21;50;124m.[38;2;9;57;142m.[38;2;19;62;188m'[38;2;37;109;221m:[38;2;23;84;223m,[38;2;11;128;246m:[38;2;3;132;250m:[38;2;6;150;250mc[38;2;4;149;255mc[38;2;4;147;254mc[38;2;9;154;251ml[38;2;10;139;252mc[38;2;122;191;254mk[38;2;26;72;205m'[38;2;14;79;176m'[38;2;12;41;132m.[38;2;181;208;243mK[38;2;37;65;125m.[38;2;16;47;95m.[38;2;25;69;108m.[38;2;34;88;121m,[38;2;19;40;58m.[38;2;10;26;83m [38;2;149;172;208mk[38;2;24;48;66m.[38;2;29;61;96m.[38;2;29;66;93m.[38;2;22;37;55m.[38;2;46;105;111m;[38;2;56;107;133m;[38;2;12;27;55m [38;2;13;47;75m.[38;2;32;64;98m.[38;2;6;14;38m [38;2;124;109;83mc[38;2;199;159;98mx[38;2;162;135;93mo[38;2;233;233;195mN[38;2;215;211;242mX[38;2;197;249;255mN[38;2;232;255;255mW[38;2;102;192;254mk[38;2;109;141;198mo[38;2;165;181;207mk[38;2;157;134;99mo[38;2;184;132;65mo[38;2;253;227;118mX[38;2;255;221;95mX[38;2;255;214;82mK[38;2;255;216;85mK[38;2;255;214;83mK[38;2;255;217;84mK[38;2;255;216;77mK[38;2;255;216;78mK[38;2;255;219;76mK[38;2;255;216;81mK[38;2;255;212;75mK[0m
[0m[38;2;18;52;59m.[38;2;8;47;54m.[38;2;5;54;53m.[38;2;0;16;16m [38;2;11;51;54m.[38;2;1;29;38m [38;2;78;135;149mc[38;2;9;33;38m [38;2;9;46;55m.[38;2;3;20;26m [38;2;101;133;184ml[38;2;126;142;150mo[38;2;7;28;34m [38;2;8;38;55m.[38;2;44;85;98m'[38;2;52;100;109m,[38;2;62;118;130m:[38;2;5;13;20m [38;2;15;47;80m.[38;2;7;47;77m.[38;2;8;49;74m.[38;2;8;48;79m.[38;2;18;46;102m.[38;2;15;51;100m.[38;2;8;53;112m.[38;2;15;56;124m.[38;2;10;70;146m.[38;2;14;34;124m.[38;2;15;68;168m.[38;2;7;68;185m.[38;2;14;69;187m'[38;2;5;70;198m'[38;2;11;71;189m'[38;2;8;58;181m.[38;2;28;81;208m,[38;2;134;196;251mO[38;2;6;30;113m.[38;2;4;41;123m.[38;2;27;62;169m'[38;2;175;194;219m0[38;2;0;2;46m [38;2;4;50;113m.[38;2;12;56;112m.[38;2;14;60;113m.[38;2;30;62;84m.[38;2;14;20;88m [38;2;142;166;197mx[38;2;9;27;50m [38;2;13;51;96m.[38;2;17;58;97m.[38;2;60;83;131m,[38;2;10;29;46m [38;2;24;62;97m.[38;2;26;60;102m.[38;2;23;66;92m.[38;2;50;84;116m,[38;2;3;16;48m [38;2;87;101;118m:[38;2;116;105;90m:[38;2;111;101;76m:[38;2;155;143;104mo[38;2;181;167;137mx[38;2;205;192;176m0[38;2;227;229;209mN[38;2;232;214;185mX[38;2;251;221;151mX[38;2;254;230;144mN[38;2;243;207;109mK[38;2;225;163;68mk[38;2;246;198;84m0[38;2;242;192;83m0[38;2;234;176;70mO[38;2;245;191;72m0[38;2;251;202;75m0[38;2;249;200;71m0[38;2;235;176;56mk[38;2;247;200;77m0[38;2;247;200;72m0[38;2;248;198;66m0[38;2;239;188;77mO[0m
[0m[38;2;23;44;48m.[38;2;7;42;48m.[38;2;12;43;55m.[38;2;0;12;11m [38;2;7;41;50m.[38;2;53;102;108m;[38;2;51;106;106m;[38;2;1;10;14m [38;2;8;29;41m [38;2;4;22;22m [38;2;27;43;70m.[38;2;160;197;227mO[38;2;23;37;38m.[38;2;4;27;31m [38;2;2;26;33m [38;2;47;86;96m,[38;2;51;89;88m,[38;2;0;4;5m [38;2;9;31;41m [38;2;5;35;42m [38;2;8;35;43m [38;2;5;34;43m [38;2;12;33;59m.[38;2;7;31;56m [38;2;7;35;53m [38;2;5;38;78m.[38;2;7;33;82m.[38;2;3;17;50m [38;2;6;46;84m.[38;2;6;39;96m.[38;2;13;36;97m.[38;2;5;41;102m.[38;2;8;38;104m.[38;2;6;29;82m [38;2;29;71;175m'[38;2;148;210;254m0[38;2;2;15;51m [38;2;4;25;88m [38;2;131;173;235mx[38;2;83;96;125m;[38;2;0;18;72m [38;2;7;35;93m.[38;2;14;39;90m.[38;2;13;43;88m.[38;2;12;30;58m [38;2;25;34;125m.[38;2;135;158;180md[38;2;6;19;40m [38;2;6;31;63m [38;2;7;36;69m.[38;2;18;39;70m.[38;2;5;18;41m [38;2;10;36;68m.[38;2;5;36;60m.[38;2;8;37;57m.[38;2;14;39;66m.[38;2;0;13;38m [38;2;141;171;201mx[38;2;5;20;67m [38;2;11;25;62m [38;2;97;105;119m:[38;2;95;92;78m;[38;2;106;95;81m;[38;2;108;97;81m;[38;2;116;101;73m:[38;2;223;191;132m0[38;2;218;181;100mO[38;2;147;116;56mc[38;2;193;150;75md[38;2;233;191;100m0[38;2;235;186;106m0[38;2;232;174;81mO[38;2;243;190;77m0[38;2;246;194;77m0[38;2;245;191;76m0[38;2;240;180;65mO[38;2;240;189;82m0[38;2;232;178;82mO[38;2;229;180;72mO[38;2;224;164;75mk[0m
[0m[38;2;23;46;56m.[38;2;12;44;63m.[38;2;11;33;34m [38;2;1;19;20m [38;2;10;36;54m.[38;2;67;120;123m:[38;2;51;104;114m;[38;2;4;8;10m [38;2;1;6;4m [38;2;7;18;17m [38;2;2;15;12m [38;2;56;87;154m,[38;2;126;160;186md[38;2;22;32;28m [38;2;0;1;0m [38;2;0;4;1m [38;2;0;5;0m [38;2;10;21;29m [38;2;8;28;36m [38;2;6;14;13m [38;2;4;16;17m [38;2;5;18;20m [38;2;4;12;14m [38;2;0;6;8m [38;2;0;1;10m [38;2;0;4;19m [38;2;3;10;23m [38;2;9;25;57m [38;2;9;30;55m [38;2;3;18;53m [38;2;3;13;50m [38;2;4;17;60m [38;2;9;21;58m [38;2;0;5;24m [38;2;31;72;181m'[38;2;172;240;255mX[38;2;0;2;47m [38;2;27;77;183m'[38;2;180;219;244mK[38;2;43;57;108m.[38;2;66;91;120m;[38;2;69;85;124m,[38;2;76;94;125m;[38;2;78;90;118m;[38;2;83;99;128m;[38;2;22;39;120m.[38;2;134;153;175md[38;2;72;84;92m,[38;2;38;48;68m.[38;2;7;17;35m [38;2;0;4;15m [38;2;9;22;33m [38;2;4;20;42m [38;2;1;15;27m [38;2;0;2;14m [38;2;1;6;19m [38;2;0;1;23m [38;2;131;175;226mx[38;2;25;30;42m.[38;2;26;33;45m.[38;2;126;150;196md[38;2;53;61;102m.[38;2;47;56;97m.[38;2;27;37;73m.[38;2;7;4;30m [38;2;82;91;125m;[38;2;89;87;98m;[38;2;85;81;72m,[38;2;114;95;63m;[38;2;156;122;66ml[38;2;164;123;56ml[38;2;169;125;61ml[38;2;169;137;67mo[38;2;171;128;49ml[38;2;171;129;59mo[38;2;176;137;55mo[38;2;174;129;51mo[38;2;185;131;56mo[38;2;150;107;34mc[38;2;133;96;24m:[0m
[0m[38;2;16;47;51m.[38;2;8;46;56m.[38;2;10;35;32m [38;2;2;15;17m [38;2;8;35;59m.[38;2;68;131;134mc[38;2;44;100;101m,[38;2;5;15;21m [38;2;1;8;8m [38;2;14;50;46m.[38;2;4;26;28m [38;2;9;26;34m [38;2;53;87;144m,[38;2;134;167;205mx[38;2;61;68;73m'[38;2;0;1;1m [38;2;0;1;0m [38;2;17;51;73m.[38;2;10;56;79m.[38;2;3;18;21m [38;2;11;46;54m.[38;2;2;30;37m [38;2;1;18;23m [38;2;0;6;4m [38;2;0;3;12m [38;2;0;5;13m [38;2;3;12;26m [38;2;7;52;84m.[38;2;10;53;96m.[38;2;1;18;50m [38;2;10;27;56m [38;2;1;28;61m [38;2;12;30;86m.[38;2;0;4;33m [38;2;37;88;208m,[38;2;174;210;244mK[38;2;15;38;139m.[38;2;129;182;248mk[38;2;65;86;174m;[38;2;82;140;230ml[38;2;104;172;242mx[38;2;111;171;243mx[38;2;114;177;235mx[38;2;111;172;234mx[38;2;124;159;231mx[38;2;23;47;153m.[38;2;125;161;199md[38;2;95;130;170ml[38;2;70;98;148m;[38;2;80;104;150m:[38;2;56;84;122m,[38;2;99;131;160ml[38;2;33;44;58m.[38;2;5;22;37m [38;2;0;1;13m [38;2;0;14;36m [38;2;3;8;39m [38;2;119;158;200md[38;2;92;103;141m:[38;2;64;85;168m;[38;2;122;179;245mk[38;2;58;85;206m;[38;2;45;84;205m,[38;2;59;85;218m;[38;2;85;123;165mc[38;2;109;148;217mo[38;2;36;59;126m.[38;2;68;107;188m:[38;2;9;21;32m [38;2;36;57;82m.[38;2;56;60;49m.[38;2;65;60;39m.[38;2;85;82;60m,[38;2;83;81;55m,[38;2;59;46;17m.[38;2;87;79;46m,[38;2;95;78;40m,[38;2;130;105;58m:[38;2;118;91;39m;[38;2;110;83;31m,[0m
[0m[38;2;22;48;55m.[38;2;8;45;54m.[38;2;5;35;30m [38;2;4;21;23m [38;2;6;33;44m [38;2;69;128;144mc[38;2;43;93;95m,[38;2;6;15;17m [38;2;4;14;19m [38;2;8;23;22m [38;2;11;40;50m.[38;2;5;32;36m [38;2;4;4;7m [38;2;31;56;104m.[38;2;131;171;213mx[38;2;122;133;144ml[38;2;33;37;37m.[38;2;6;36;54m.[38;2;7;54;67m.[38;2;2;34;33m [38;2;8;23;26m [38;2;13;46;57m.[38;2;0;15;16m [38;2;0;6;2m [38;2;0;1;4m [38;2;0;5;6m [38;2;0;13;24m [38;2;12;45;83m.[38;2;11;47;94m.[38;2;6;43;78m.[38;2;8;24;67m [38;2;15;48;104m.[38;2;5;32;99m.[38;2;0;1;66m [38;2;36;96;236m;[38;2;160;192;248mO[38;2;95;144;240mo[38;2;89;174;255mx[38;2;9;120;238m:[38;2;8;137;246mc[38;2;5;149;253mc[38;2;4;134;252m:[38;2;1;131;252m:[38;2;3;117;244m;[38;2;2;95;242m,[38;2;19;79;234m,[38;2;118;140;204mo[38;2;4;33;135m.[38;2;0;7;67m [38;2;0;3;36m [38;2;2;7;23m [38;2;38;66;119m'[38;2;167;179;217mO[38;2;4;10;18m [38;2;7;14;36m [38;2;8;17;42m [38;2;27;41;101m.[38;2;101;131;187ml[38;2;13;37;124m.[38;2;40;115;235m:[38;2;77;230;255mO[38;2;80;198;255mk[38;2;97;214;255mO[38;2;102;197;255mk[38;2;52;199;255mx[38;2;64;123;203mc[38;2;52;94;216m;[38;2;59;87;143m,[38;2;10;20;45m [38;2;14;50;100m.[38;2;8;44;72m.[38;2;7;22;26m [38;2;12;49;75m.[38;2;12;48;59m.[38;2;0;0;3m [38;2;11;44;46m.[38;2;24;58;72m.[38;2;48;92;104m,[38;2;5;31;43m [38;2;13;38;51m.[0m
[0m[38;2;27;50;63m.[38;2;8;47;60m.[38;2;9;42;44m.[38;2;3;17;15m [38;2;5;33;50m [38;2;78;142;152ml[38;2;37;85;85m'[38;2;5;12;13m [38;2;15;43;60m.[38;2;8;39;51m.[38;2;6;46;57m.[38;2;4;34;34m [38;2;5;12;13m [38;2;1;7;8m [38;2;12;28;37m [38;2;65;84;129m,[38;2;131;163;200mx[38;2;112;143;158mo[38;2;80;90;97m;[38;2;17;43;55m.[38;2;5;39;44m.[38;2;14;61;64m.[38;2;14;35;43m.[38;2;15;37;38m.[38;2;20;38;39m.[38;2;20;34;33m.[38;2;0;8;20m [38;2;34;71;91m.[38;2;22;50;81m.[38;2;16;43;80m.[38;2;18;44;89m.[38;2;33;65;126m.[38;2;27;54;130m.[38;2;37;71;185m'[38;2;41;124;253mc[38;2;165;227;255mK[38;2;71;220;255mk[38;2;95;242;255m0[38;2;103;249;255mK[38;2;122;252;255mK[38;2;121;255;255mX[38;2;136;253;255mX[38;2;145;252;255mX[38;2;147;251;255mX[38;2;46;230;255mk[38;2;13;167;255ml[38;2;122;173;242mx[38;2;38;104;215m;[38;2;28;85;167m,[38;2;57;131;170mc[38;2;40;74;108m'[38;2;2;18;61m [38;2;164;184;247mO[38;2;5;10;35m [38;2;47;101;158m;[38;2;44;83;99m'[38;2;43;68;150m'[38;2;109;150;215md[38;2;58;130;247ml[38;2;45;208;255mx[38;2;107;254;255mK[38;2;218;255;255mW[38;2;224;255;255mW[38;2;193;255;255mN[38;2;21;220;255mx[38;2;25;154;255ml[38;2;137;194;252mO[38;2;41;58;110m.[38;2;10;25;53m [38;2;7;56;101m.[38;2;9;43;62m.[38;2;10;25;29m [38;2;11;52;71m.[38;2;18;47;56m.[38;2;0;1;1m [38;2;12;39;45m.[38;2;69;114;120m:[38;2;12;41;54m.[38;2;11;44;57m.[38;2;20;44;59m.[0m
[0m[38;2;18;42;56m.[38;2;29;68;90m.[38;2;54;106;96m;[38;2;5;12;13m [38;2;4;34;50m [38;2;77;141;151ml[38;2;35;90;88m'[38;2;12;21;24m [38;2;40;83;91m'[38;2;41;80;88m'[38;2;44;85;86m'[38;2;47;103;105m,[38;2;39;73;83m.[38;2;21;51;58m.[38;2;25;62;66m.[38;2;22;47;52m.[38;2;5;16;24m [38;2;25;67;93m.[38;2;83;105;148m:[38;2;98;128;162ml[38;2;86;122;150mc[38;2;72;104;137m;[38;2;97;127;137mc[38;2;94;133;147ml[38;2;107;144;159mo[38;2;107;150;155mo[38;2;101;122;131mc[38;2;115;138;156ml[38;2;115;145;159mo[38;2;114;132;162ml[38;2;121;143;170mo[38;2;111;142;193mo[38;2;52;106;205m:[38;2;41;97;218m;[38;2;45;156;255mo[38;2;133;231;255mK[38;2;70;239;255mO[38;2;210;255;255mW[38;2;177;255;255mN[38;2;186;255;255mN[38;2;194;255;255mN[38;2;198;255;255mW[38;2;202;255;255mW[38;2;222;255;255mW[38;2;61;255;255m0[38;2;6;199;255md[38;2;110;172;253mx[38;2;53;142;245ml[38;2;19;67;163m'[38;2;66;152;193ml[38;2;53;98;136m;[38;2;0;12;53m [38;2;167;191;236mO[38;2;20;27;65m [38;2;11;58;109m.[38;2;38;57;98m.[38;2;45;66;139m'[38;2;107;141;202mo[38;2;14;67;221m'[38;2;67;223;255mO[38;2;99;245;255m0[38;2;212;255;255mW[38;2;219;255;255mW[38;2;43;248;255mO[38;2;3;123;253m:[38;2;36;101;237m;[38;2;160;200;239m0[38;2;1;0;26m [38;2;13;30;58m [38;2;6;56;93m.[38;2;8;44;56m.[38;2;14;27;31m [38;2;7;51;60m.[38;2;12;47;64m.[38;2;0;2;0m [38;2;19;57;66m.[38;2;62;104;114m;[38;2;2;29;36m [38;2;18;43;49m.[38;2;13;51;60m.[0m
[0m[38;2;39;68;81m.[38;2;78;160;179mo[38;2;24;52;43m.[38;2;6;19;21m [38;2;6;38;51m.[38;2;79;143;152ml[38;2;34;81;83m'[38;2;25;40;50m.[38;2;86;170;171mo[38;2;63;145;145mc[38;2;64;139;137mc[38;2;61;145;148mc[38;2;69;149;143ml[38;2;18;50;59m.[38;2;5;45;58m.[38;2;4;46;54m.[38;2;2;16;26m [38;2;9;49;53m.[38;2;6;43;56m.[38;2;6;36;41m [38;2;17;53;71m.[38;2;27;53;82m.[38;2;46;111;143m;[38;2;42;91;145m,[38;2;34;71;110m'[38;2;35;85;119m'[38;2;32;62;89m.[38;2;21;65;97m.[38;2;10;42;77m.[38;2;6;29;67m [38;2;14;42;91m.[38;2;72;142;185ml[38;2;71;148;201ml[38;2;51;117;218m:[38;2;53;155;253mo[38;2;115;222;255m0[38;2;65;238;255mO[38;2;209;255;255mW[38;2;169;255;255mN[38;2;173;255;255mN[38;2;174;255;255mN[38;2;181;255;255mN[38;2;195;255;255mN[38;2;213;255;255mW[38;2;48;251;255mO[38;2;19;203;255md[38;2;111;160;249md[38;2;8;61;220m.[38;2;61;126;208mc[38;2;13;53;120m.[38;2;41;72;105m'[38;2;0;5;41m [38;2;159;189;231mO[38;2;22;36;64m.[38;2;10;39;75m.[38;2;12;27;62m [38;2;29;45;96m.[38;2;89;126;178mc[38;2;66;104;182m:[38;2;54;113;229m:[38;2;28;150;249ml[38;2;56;169;251mo[38;2;69;218;255mk[38;2;12;124;241m:[38;2;0;20;160m.[38;2;120;147;216md[38;2;104;120;146mc[38;2;0;0;8m [38;2;10;29;54m [38;2;4;61;84m.[38;2;7;42;56m.[38;2;18;29;30m [38;2;4;33;45m [38;2;15;48;65m.[38;2;0;0;0m [38;2;71;128;133mc[38;2;11;43;55m.[38;2;10;43;56m.[38;2;19;35;40m.[38;2;11;44;56m.[0m
[0m[38;2;81;145;139ml[38;2;23;72;81m.[38;2;5;15;17m [38;2;6;20;26m [38;2;5;40;58m.[38;2;76;142;155ml[38;2;40;96;90m,[38;2;24;36;49m.[38;2;76;159;155mo[38;2;63;138;134mc[38;2;66;135;139mc[38;2;61;131;149mc[38;2;60;146;138mc[38;2;64;131;128mc[38;2;14;47;56m.[38;2;6;46;53m.[38;2;0;22;32m [38;2;4;48;53m.[38;2;7;49;62m.[38;2;6;46;57m.[38;2;7;48;61m.[38;2;4;36;42m [38;2;49;108;123m;[38;2;79;168;169mo[38;2;27;67;73m.[38;2;5;46;61m.[38;2;0;22;36m [38;2;11;55;70m.[38;2;8;49;82m.[38;2;8;49;86m.[38;2;9;38;92m.[38;2;31;75;114m'[38;2;60;130;185mc[38;2;25;79;181m'[38;2;84;156;249md[38;2;125;199;254mO[38;2;47;198;255mx[38;2;166;250;255mX[38;2;116;253;255mK[38;2;120;255;255mX[38;2;107;255;255mK[38;2;110;255;255mK[38;2;110;254;255mK[38;2;97;244;255m0[38;2;14;197;255md[38;2;36;188;255md[38;2;120;149;226md[38;2;19;52;188m.[38;2;21;69;147m'[38;2;35;64;116m.[38;2;56;105;140m;[38;2;1;2;37m [38;2;155;175;210mk[38;2;35;58;97m.[38;2;13;44;91m.[38;2;17;50;100m.[38;2;12;27;55m [38;2;79;121;160mc[38;2;113;134;191mo[38;2;4;24;78m [38;2;12;41;134m.[38;2;16;41;138m.[38;2;113;159;197md[38;2;4;15;79m [38;2;0;0;36m [38;2;188;222;249mX[38;2;20;31;65m.[38;2;0;0;0m [38;2;13;31;44m [38;2;7;60;87m.[38;2;9;35;49m [38;2;15;31;35m [38;2;1;39;42m [38;2;13;48;63m.[38;2;17;29;22m [38;2;53;103;109m;[38;2;5;43;59m.[38;2;13;46;57m.[38;2;21;42;52m.[38;2;13;44;58m.[0m
[0m[38;2;35;72;64m.[38;2;4;41;58m.[38;2;4;27;25m [38;2;7;15;20m [38;2;3;35;48m [38;2;77;146;165ml[38;2;33;77;65m.[38;2;23;33;51m.[38;2;74;159;161mo[38;2;57;136;134mc[38;2;57;137;136mc[38;2;58;129;135m:[38;2;51;149;142mc[38;2;57;132;125m:[38;2;64;114;119m:[38;2;9;45;47m.[38;2;0;20;25m [38;2;5;50;57m.[38;2;7;45;55m.[38;2;4;44;47m.[38;2;5;40;52m.[38;2;6;40;44m.[38;2;10;23;38m [38;2;43;90;95m,[38;2;57;108;105m;[38;2;22;49;61m.[38;2;20;43;49m.[38;2;9;29;36m [38;2;17;45;65m.[38;2;16;52;67m.[38;2;20;54;77m.[38;2;24;47;82m.[38;2;30;65;107m.[38;2;8;32;108m.[38;2;102;168;240md[38;2;124;151;220md[38;2;6;76;222m'[38;2;39;201;255mx[38;2;5;143;247mc[38;2;11;163;253ml[38;2;13;145;252mc[38;2;12;142;251mc[38;2;7;131;249m:[38;2;7;113;248m;[38;2;3;60;225m.[38;2;69;141;242ml[38;2;126;141;190mo[38;2;2;41;148m.[38;2;7;63;135m.[38;2;19;55;121m.[38;2;19;63;108m.[38;2;0;5;32m [38;2;134;162;213mx[38;2;65;95;117m;[38;2;3;28;51m [38;2;11;30;59m [38;2;0;7;25m [38;2;91;138;197ml[38;2;104;133;193ml[38;2;12;15;26m [38;2;10;16;35m [38;2;89;113;134m:[38;2;29;47;69m.[38;2;0;3;11m [38;2;22;40;77m.[38;2;212;232;245mN[38;2;0;0;0m [38;2;0;0;0m [38;2;12;32;30m [38;2;4;63;78m.[38;2;10;30;43m [38;2;7;26;27m [38;2;7;40;46m.[38;2;11;45;53m.[38;2;15;26;24m [38;2;7;44;52m.[38;2;7;39;54m.[38;2;8;40;47m.[38;2;20;42;54m.[38;2;13;36;45m.[0m
[0m[38;2;19;49;48m.[38;2;7;46;59m.[38;2;9;31;23m [38;2;10;14;15m [38;2;6;34;50m [38;2;72;139;160mc[38;2;29;74;56m.[38;2;16;28;34m [38;2;56;112;123m;[38;2;43;93;92m,[38;2;41;94;89m,[38;2;43;90;92m,[38;2;45;98;94m,[38;2;54;110;109m;[38;2;43;84;81m'[38;2;42;79;75m'[38;2;37;69;69m.[38;2;4;11;19m [38;2;9;42;47m.[38;2;7;36;44m [38;2;6;38;50m.[38;2;11;41;46m.[38;2;22;50;67m.[38;2;18;53;67m.[38;2;22;56;61m.[38;2;21;62;71m.[38;2;54;101;110m;[38;2;0;21;19m [38;2;14;54;68m.[38;2;8;51;69m.[38;2;6;51;75m.[38;2;6;48;78m.[38;2;9;48;98m.[38;2;5;17;63m [38;2;111;164;226md[38;2;118;128;155ml[38;2;1;3;78m [38;2;93;182;238mx[38;2;33;82;185m,[38;2;15;67;179m'[38;2;15;71;205m'[38;2;18;73;189m'[38;2;13;66;180m.[38;2;13;63;163m.[38;2;5;19;123m [38;2;91;145;223mo[38;2;122;130;150ml[38;2;1;20;64m [38;2;4;28;82m [38;2;6;17;70m [38;2;3;17;50m [38;2;0;1;27m [38;2;111;148;208mo[38;2;85;121;137mc[38;2;7;22;65m [38;2;17;56;116m.[38;2;2;23;65m [38;2;88;117;156mc[38;2;92;127;165mc[38;2;69;89;99m,[38;2;47;61;80m.[38;2;123;170;202mx[38;2;19;24;40m [38;2;2;8;12m [38;2;97;136;175ml[38;2;119;141;159mo[38;2;0;1;0m [38;2;0;4;1m [38;2;8;33;29m [38;2;8;57;67m.[38;2;11;30;43m [38;2;8;31;29m [38;2;1;38;45m [38;2;7;27;37m [38;2;7;18;17m [38;2;10;44;48m.[38;2;12;38;50m.[38;2;7;33;40m [38;2;16;40;48m.[38;2;41;81;82m'[0m
[0m[38;2;17;39;41m.[38;2;9;37;51m.[38;2;6;32;29m [38;2;9;32;44m [38;2;4;30;40m [38;2;65;125;147m:[38;2;40;92;77m'[38;2;1;3;6m [38;2;8;32;35m [38;2;4;35;42m [38;2;10;47;54m.[38;2;22;52;58m.[38;2;21;63;78m.[38;2;24;69;69m.[38;2;25;67;69m.[38;2;40;81;92m'[38;2;94;170;161md[38;2;0;2;7m [38;2;10;46;60m.[38;2;8;46;55m.[38;2;8;44;54m.[38;2;7;46;53m.[38;2;7;46;52m.[38;2;7;46;60m.[38;2;7;45;58m.[38;2;6;48;56m.[38;2;14;58;61m.[38;2;20;36;49m.[38;2;11;56;64m.[38;2;8;49;64m.[38;2;8;48;69m.[38;2;8;49;73m.[38;2;8;47;84m.[38;2;5;22;57m [38;2;108;161;203md[38;2;117;131;139ml[38;2;0;3;21m [38;2;55;116;140m:[38;2;44;86;110m,[38;2;9;29;79m [38;2;6;25;88m [38;2;4;19;83m [38;2;3;15;65m [38;2;0;10;62m [38;2;0;6;48m [38;2;115;156;221md[38;2;89;121;135mc[38;2;9;29;97m.[38;2;0;18;92m [38;2;1;16;96m [38;2;1;19;102m [38;2;0;1;85m [38;2;66;128;233ml[38;2;100;126;182ml[38;2;6;34;162m.[38;2;16;68;184m'[38;2;7;44;150m.[38;2;14;30;118m.[38;2;130;167;204mx[38;2;73;75;77m'[38;2;21;30;48m.[38;2;146;171;193mx[38;2;88;97;105m;[38;2;58;87;116m,[38;2;122;170;216mx[38;2;30;40;49m.[38;2;1;4;0m [38;2;0;5;1m [38;2;11;30;38m [38;2;7;56;67m.[38;2;10;39;56m.[38;2;7;22;19m [38;2;14;24;26m [38;2;3;25;29m [38;2;8;28;33m [38;2;10;36;43m.[38;2;43;82;87m'[38;2;54;101;106m;[38;2;65;112;126m:[38;2;51;94;113m,[0m
[0m[38;2;20;48;51m.[38;2;8;46;61m.[38;2;9;45;56m.[38;2;6;43;57m.[38;2;4;29;34m [38;2;63;116;142m:[38;2;51;103;94m,[38;2;0;10;16m [38;2;10;44;61m.[38;2;6;43;54m.[38;2;5;43;53m.[38;2;6;43;49m.[38;2;4;43;50m.[38;2;6;43;50m.[38;2;8;42;48m.[38;2;4;34;41m [38;2;58;107;106m;[38;2;3;11;12m [38;2;10;45;50m.[38;2;8;45;53m.[38;2;7;44;56m.[38;2;7;45;58m.[38;2;7;46;50m.[38;2;7;46;54m.[38;2;7;47;52m.[38;2;10;48;54m.[38;2;6;46;51m.[38;2;45;65;67m.[38;2;17;52;63m.[38;2;4;37;49m [38;2;6;28;41m [38;2;5;29;37m [38;2;3;18;27m [38;2;1;8;10m [38;2;103;144;196mo[38;2;128;133;139ml[38;2;4;15;34m [38;2;4;24;44m [38;2;5;15;34m [38;2;1;20;54m [38;2;26;58;125m.[38;2;2;27;59m [38;2;0;8;42m [38;2;0;11;64m [38;2;2;10;68m [38;2;142;174;241mk[38;2;59;86;153m,[38;2;11;57;185m.[38;2;0;41;194m.[38;2;1;58;209m.[38;2;1;77;221m'[38;2;0;67;221m'[38;2;35;172;255mo[38;2;94;172;246mx[38;2;80;167;254md[38;2;105;194;255mk[38;2;2;142;254mc[38;2;19;79;200m'[38;2;50;102;204m;[38;2;90;106;142m:[38;2;93;118;175mc[38;2;97;122;157mc[38;2;47;77;88m'[38;2;32;65;126m.[38;2;108;153;197mo[38;2;1;1;0m [38;2;0;4;0m [38;2;0;5;1m [38;2;15;35;37m.[38;2;8;53;65m.[38;2;12;52;67m.[38;2;7;43;52m.[38;2;5;26;32m [38;2;20;56;62m.[38;2;28;65;68m.[38;2;41;81;83m'[38;2;33;72;85m.[38;2;13;45;58m.[38;2;5;40;51m.[38;2;5;40;51m.[0m
[0m[38;2;20;46;52m.[38;2;8;47;59m.[38;2;4;43;54m.[38;2;4;44;56m.[38;2;3;28;34m [38;2;57;103;143m;[38;2;52;117;106m;[38;2;0;8;11m [38;2;10;44;58m.[38;2;2;43;55m.[38;2;6;43;54m.[38;2;6;43;49m.[38;2;6;43;48m.[38;2;6;43;51m.[38;2;6;43;50m.[38;2;6;43;50m.[38;2;8;47;51m.[38;2;3;17;26m [38;2;8;52;57m.[38;2;8;48;55m.[38;2;7;41;50m.[38;2;5;36;49m [38;2;4;32;34m [38;2;5;29;30m [38;2;3;27;26m [38;2;5;19;21m [38;2;1;16;10m [38;2;9;22;20m [38;2;5;24;27m [38;2;0;6;6m [38;2;13;26;26m [38;2;11;26;39m [38;2;7;18;19m [38;2;0;0;0m [38;2;90;134;177ml[38;2;133;149;154mo[38;2;6;28;46m [38;2;4;32;49m [38;2;4;13;22m [38;2;4;31;61m [38;2;16;69;118m.[38;2;5;28;61m [38;2;0;8;32m [38;2;0;14;78m [38;2;10;23;132m.[38;2;149;186;254mO[38;2;30;115;241m:[38;2;32;161;255ml[38;2;55;179;255md[38;2;83;213;255mk[38;2;118;230;255m0[38;2;75;239;255m0[38;2;89;247;255m0[38;2;38;245;255mO[38;2;197;255;255mN[38;2;195;255;255mN[38;2;2;209;255md[38;2;4;86;249m,[38;2;80;149;245mo[38;2;9;22;74m [38;2;29;54;123m.[38;2;71;107;151m:[38;2;4;14;30m [38;2;94;159;224md[38;2;40;55;81m.[38;2;1;4;1m [38;2;0;6;0m [38;2;0;4;1m [38;2;12;39;40m.[38;2;9;48;67m.[38;2;9;48;58m.[38;2;6;22;32m [38;2;3;25;33m [38;2;14;45;53m.[38;2;6;35;46m [38;2;6;46;56m.[38;2;9;47;57m.[38;2;7;45;57m.[38;2;11;49;61m.[38;2;7;39;50m.[0m
[0m[38;2;22;46;53m.[38;2;7;43;57m.[38;2;5;43;53m.[38;2;6;43;51m.[38;2;4;25;39m [38;2;65;105;158m:[38;2;51;124;110m:[38;2;0;10;15m [38;2;4;45;56m.[38;2;4;46;55m.[38;2;4;47;55m.[38;2;6;44;55m.[38;2;4;40;44m.[38;2;5;37;44m [38;2;6;29;38m [38;2;6;30;32m [38;2;4;25;33m [38;2;1;8;9m [38;2;1;18;15m [38;2;2;13;12m [38;2;26;30;29m [38;2;51;51;51m.[38;2;50;51;51m.[38;2;50;52;51m.[38;2;51;52;50m.[38;2;51;52;51m.[38;2;45;46;43m.[38;2;46;68;76m.[38;2;32;55;54m.[38;2;33;32;30m.[38;2;18;33;30m [38;2;11;26;38m [38;2;4;17;20m [38;2;0;1;0m [38;2;61;89;131m,[38;2;179;197;210m0[38;2;1;17;21m [38;2;13;40;59m.[38;2;12;31;46m [38;2;14;39;64m.[38;2;12;42;78m.[38;2;11;26;72m [38;2;22;47;88m.[38;2;30;70;130m'[38;2;14;52;210m.[38;2;145;222;255m0[38;2;83;226;255mO[38;2;134;255;255mX[38;2;153;255;255mX[38;2;149;255;255mX[38;2;172;255;255mN[38;2;79;255;255m0[38;2;88;248;255m0[38;2;12;239;255mk[38;2;173;255;255mN[38;2;167;255;255mN[38;2;3;201;255md[38;2;3;72;242m'[38;2;71;126;226mc[38;2;10;25;83m [38;2;4;20;64m [38;2;124;166;189md[38;2;22;44;72m.[38;2;128;182;220mk[38;2;0;2;4m [38;2;0;6;1m [38;2;0;5;1m [38;2;0;4;0m [38;2;10;40;40m.[38;2;8;56;81m.[38;2;6;27;33m [38;2;11;33;38m [38;2;5;21;27m [38;2;4;24;26m [38;2;3;25;29m [38;2;7;31;40m [38;2;8;37;49m.[38;2;8;34;50m [38;2;8;42;55m.[38;2;5;31;37m [0m
[0m[38;2;19;50;64m.[38;2;6;46;55m.[38;2;5;38;45m [38;2;7;41;53m.[38;2;4;28;43m [38;2;54;89;140m,[38;2;53;134;113m:[38;2;0;10;10m [38;2;3;22;29m [38;2;1;21;21m [38;2;1;18;16m [38;2;1;14;12m [38;2;0;4;3m [38;2;0;1;0m [38;2;0;4;0m [38;2;0;5;0m [38;2;2;22;30m [38;2;6;29;40m [38;2;14;31;35m [38;2;0;7;2m [38;2;144;161;167mx[38;2;187;225;225mK[38;2;176;220;221mK[38;2;181;222;220mK[38;2;184;220;219mK[38;2;191;224;221mK[38;2;168;193;191mO[38;2;133;144;146mo[38;2;145;176;168mx[38;2;134;152;144md[38;2;94;117;124mc[38;2;122;146;158mo[38;2;100;107;108m:[38;2;20;25;22m [38;2;19;34;62m.[38;2;222;251;255mW[38;2;19;34;36m.[38;2;18;41;52m.[38;2;11;37;54m.[38;2;4;41;63m.[38;2;6;40;76m.[38;2;6;35;88m.[38;2;70;145;173ml[38;2;76;165;202mo[38;2;25;68;228m'[38;2;122;225;255m0[38;2;92;255;255mK[38;2;102;255;255mK[38;2;111;255;255mK[38;2;118;255;255mK[38;2;150;255;255mX[38;2;93;255;255mK[38;2;52;239;255mO[38;2;22;199;255md[38;2;105;217;255mO[38;2;70;192;255mx[38;2;4;117;248m;[38;2;4;62;216m.[38;2;40;80;166m,[38;2;37;71;135m'[38;2;0;6;47m [38;2;122;157;196md[38;2;68;93;124m;[38;2;117;137;143ml[38;2;0;0;0m [38;2;0;6;1m [38;2;0;7;0m [38;2;0;4;3m [38;2;13;40;44m.[38;2;8;54;76m.[38;2;0;8;14m [38;2;11;44;50m.[38;2;12;47;68m.[38;2;7;46;52m.[38;2;7;25;38m [38;2;3;13;15m [38;2;4;23;25m [38;2;7;33;40m [38;2;21;44;47m.[38;2;20;36;32m.[0m
[0m[38;2;11;29;36m [38;2;6;26;27m [38;2;10;21;15m [38;2;4;13;27m [38;2;15;35;48m.[38;2;48;80;125m,[38;2;61;144;133mc[38;2;3;10;5m [38;2;0;7;1m [38;2;11;21;19m [38;2;7;17;18m [38;2;10;21;22m [38;2;0;7;1m [38;2;0;5;0m [38;2;1;6;0m [38;2;0;4;0m [38;2;13;28;37m [38;2;9;44;65m.[38;2;16;46;53m.[38;2;4;21;17m [38;2;13;26;26m [38;2;29;50;52m.[38;2;21;50;40m.[38;2;22;52;44m.[38;2;24;49;47m.[38;2;27;59;57m.[38;2;26;38;42m.[38;2;26;41;37m.[38;2;32;56;55m.[38;2;19;43;33m.[38;2;5;19;30m [38;2;45;87;132m,[38;2;125;152;195md[38;2;179;193;203mO[38;2;18;26;35m [38;2;195;220;245mX[38;2;84;134;143mc[38;2;66;116;127m:[38;2;17;48;58m.[38;2;30;72;97m.[38;2;10;43;70m.[38;2;9;43;86m.[38;2;21;70;113m.[38;2;70;146;200ml[38;2;36;84;218m,[38;2;104;199;255mk[38;2;87;255;255mK[38;2;86;255;255mK[38;2;93;255;255mK[38;2;99;255;255mK[38;2;124;255;255mX[38;2;32;208;255mx[38;2;52;202;255mx[38;2;28;94;240m;[38;2;12;79;231m,[38;2;8;56;222m.[38;2;10;47;171m.[38;2;4;59;131m.[38;2;18;50;106m.[38;2;61;91;150m;[38;2;0;1;22m [38;2;110;156;199md[38;2;118;130;145ml[38;2;70;97;123m;[38;2;3;3;3m [38;2;4;8;6m [38;2;5;9;4m [38;2;2;4;2m [38;2;21;44;47m.[38;2;5;44;50m.[38;2;0;9;6m [38;2;19;43;56m.[38;2;13;29;49m [38;2;9;52;57m.[38;2;14;50;69m.[38;2;17;51;59m.[38;2;0;7;13m [38;2;2;6;5m [38;2;6;16;10m [38;2;0;6;9m [0m
